{"sysname": ["IITB", "SJTU", "PKU", "RAC", "IPN", "AMU", "JMGR", "UFC", "src", "UMC", "NTHU", "CUUI", "NUCLEA", "POST", "CAMB"], "counts": [[0.0, 0.021284854758361907, 0.011580513683120916, 0.010804166397101637, 0.009639645468072718, 0.008410428931875526, 0.00828103771753898, 0.008410428931875526, 0.008733906967716892, 0.0084751245390438, 0.007181212395678333, 0.007634081645856246, 0.00711651678851006, 0.007051821181341787, 0.006987125574173514], [0.021284854758361907, 0.0, 0.01048068836126027, 0.011839296111794009, 0.008863298182053439, 0.008216342110370705, 0.008733906967716892, 0.008927993789221713, 0.008604515753380346, 0.007892864074529339, 0.0075046904315197, 0.008863298182053439, 0.007181212395678333, 0.008086950896034159, 0.007634081645856246], [0.011580513683120916, 0.01048068836126027, 0.0, 0.01106294882577473, 0.01067477518276509, 0.009122080610726531, 0.010027819111082357, 0.009057385003558259, 0.009380863039399626, 0.008669211360548618, 0.008798602574885165, 0.007245908002846606, 0.008086950896034159, 0.007634081645856246, 0.008992689396389985], [0.010804166397101637, 0.011839296111794009, 0.01106294882577473, 0.0, 0.009186776217894805, 0.010221905932587178, 0.01048068836126027, 0.008345733324707252, 0.008410428931875526, 0.0084751245390438, 0.008669211360548618, 0.009574949860904444, 0.007892864074529339, 0.007439994824351427, 0.008669211360548618], [0.009639645468072718, 0.008863298182053439, 0.01067477518276509, 0.009186776217894805, 0.0, 0.008604515753380346, 0.009769036682409265, 0.008927993789221713, 0.008151646503202433, 0.008604515753380346, 0.008539820146212072, 0.00989842789674581, 0.009963123503914085, 0.008863298182053439, 0.010092514718250631], [0.008410428931875526, 0.008216342110370705, 0.009122080610726531, 0.010221905932587178, 0.008604515753380346, 0.0, 0.011192340040111276, 0.010739470789933363, 0.010221905932587178, 0.009963123503914085, 0.009639645468072718, 0.009057385003558259, 0.009574949860904444, 0.008086950896034159, 0.009445558646567898], [0.00828103771753898, 0.008733906967716892, 0.010027819111082357, 0.01048068836126027, 0.009769036682409265, 0.011192340040111276, 0.0, 0.009316167432231352, 0.009833732289577537, 0.009833732289577537, 0.009445558646567898, 0.009251471825063078, 0.008151646503202433, 0.008927993789221713, 0.008798602574885165], [0.008410428931875526, 0.008927993789221713, 0.009057385003558259, 0.008345733324707252, 0.008927993789221713, 0.010739470789933363, 0.009316167432231352, 0.0, 0.00989842789674581, 0.009251471825063078, 0.009186776217894805, 0.008927993789221713, 0.009316167432231352, 0.008151646503202433, 0.008863298182053439], [0.008733906967716892, 0.008604515753380346, 0.009380863039399626, 0.008410428931875526, 0.008151646503202433, 0.010221905932587178, 0.009833732289577537, 0.00989842789674581, 0.0, 0.009639645468072718, 0.009510254253736172, 0.008022255288865887, 0.008410428931875526, 0.008798602574885165, 0.009445558646567898], [0.0084751245390438, 0.007892864074529339, 0.008669211360548618, 0.0084751245390438, 0.008604515753380346, 0.009963123503914085, 0.009833732289577537, 0.009251471825063078, 0.009639645468072718, 0.0, 0.010610079575596816, 0.010221905932587178, 0.010998253218606457, 0.010933557611438183, 0.011386426861616096], [0.007181212395678333, 0.0075046904315197, 0.008798602574885165, 0.008669211360548618, 0.008539820146212072, 0.009639645468072718, 0.009445558646567898, 0.009186776217894805, 0.009510254253736172, 0.010610079575596816, 0.0, 0.01086886200426991, 0.012356860969140196, 0.01067477518276509, 0.011580513683120916], [0.007634081645856246, 0.008863298182053439, 0.007245908002846606, 0.009574949860904444, 0.00989842789674581, 0.009057385003558259, 0.009251471825063078, 0.008927993789221713, 0.008022255288865887, 0.010221905932587178, 0.01086886200426991, 0.0, 0.012356860969140196, 0.013133208255159476, 0.011192340040111276], [0.00711651678851006, 0.007181212395678333, 0.008086950896034159, 0.007892864074529339, 0.009963123503914085, 0.009574949860904444, 0.008151646503202433, 0.009316167432231352, 0.008410428931875526, 0.010998253218606457, 0.012356860969140196, 0.012356860969140196, 0.0, 0.014103642362683574, 0.013780164326842207], [0.007051821181341787, 0.008086950896034159, 0.007634081645856246, 0.007439994824351427, 0.008863298182053439, 0.008086950896034159, 0.008927993789221713, 0.008151646503202433, 0.008798602574885165, 0.010933557611438183, 0.01067477518276509, 0.013133208255159476, 0.014103642362683574, 0.0, 0.014944685255871126], [0.006987125574173514, 0.007634081645856246, 0.008992689396389985, 0.008669211360548618, 0.010092514718250631, 0.009445558646567898, 0.008798602574885165, 0.008863298182053439, 0.009445558646567898, 0.011386426861616096, 0.011580513683120916, 0.011192340040111276, 0.013780164326842207, 0.014944685255871126, 0.0]]}