{"sysname": ["SOURCE", "UFC", "IITB", "SJTU", "IPN", "RAC", "PKU", "AMU", "UMC", "NTHU", "POST", "CUUI", "NUCLEA", "CAMB"], "counts": [[0.0, 0.01849672103581638, 0.017025390953421895, 0.012779552715654952, 0.01080376660501093, 0.010761728602656801, 0.010089120564990752, 0.00874390448965865, 0.008323524466117371, 0.008449638473179755, 0.00718849840255591, 0.007272574407264167, 0.005801244324869682, 0.00651589036488986], [0.01849672103581638, 0.0, 0.016731124936942995, 0.012064906675634774, 0.011392298637968723, 0.010929880612073315, 0.010383386581469648, 0.008701866487304524, 0.007819068437867832, 0.007734992433159576, 0.008029258449638473, 0.0069783083907852695, 0.006726080376660501, 0.006810156381368757], [0.017025390953421895, 0.016731124936942995, 0.0, 0.013199932739196233, 0.011644526652093493, 0.01101395661678157, 0.010425424583823777, 0.009416512527324701, 0.00878594249201278, 0.007356650411972423, 0.006642004371952245, 0.006726080376660501, 0.007146460400201783, 0.007104422397847654], [0.012779552715654952, 0.012064906675634774, 0.013199932739196233, 0.0, 0.012905666722717337, 0.012022868673280646, 0.01282159071800908, 0.01013115856734488, 0.010047082562636624, 0.008281486463763242, 0.00853371447788801, 0.008029258449638473, 0.008407600470825626, 0.008491676475533883], [0.01080376660501093, 0.011392298637968723, 0.011644526652093493, 0.012905666722717337, 0.0, 0.014881452833361359, 0.012275096687405415, 0.010509500588532034, 0.010383386581469648, 0.00920632251555406, 0.0097107785438036, 0.009374474524970573, 0.008575752480242138, 0.009374474524970573], [0.010761728602656801, 0.010929880612073315, 0.01101395661678157, 0.012022868673280646, 0.014881452833361359, 0.0, 0.01437699680511182, 0.011434336640322852, 0.010089120564990752, 0.008407600470825626, 0.008365562468471498, 0.010425424583823777, 0.008323524466117371, 0.010215234572053136], [0.010089120564990752, 0.010383386581469648, 0.010425424583823777, 0.01282159071800908, 0.012275096687405415, 0.01437699680511182, 0.0, 0.012233058685051286, 0.011854716663864133, 0.010089120564990752, 0.010509500588532034, 0.00899613250378342, 0.009122246510845805, 0.009332436522616444], [0.00874390448965865, 0.008701866487304524, 0.009416512527324701, 0.01013115856734488, 0.010509500588532034, 0.011434336640322852, 0.012233058685051286, 0.0, 0.013662350765091643, 0.012317134689759543, 0.012653438708592568, 0.011392298637968723, 0.011434336640322852, 0.012485286699176056], [0.008323524466117371, 0.007819068437867832, 0.00878594249201278, 0.010047082562636624, 0.010383386581469648, 0.010089120564990752, 0.011854716663864133, 0.013662350765091643, 0.0, 0.01282159071800908, 0.01353623675802926, 0.012779552715654952, 0.01282159071800908, 0.012443248696821927], [0.008449638473179755, 0.007734992433159576, 0.007356650411972423, 0.008281486463763242, 0.00920632251555406, 0.008407600470825626, 0.010089120564990752, 0.012317134689759543, 0.01282159071800908, 0.0, 0.015049604842777871, 0.015596098873381536, 0.01736169497225492, 0.014713300823944847], [0.00718849840255591, 0.008029258449638473, 0.006642004371952245, 0.00853371447788801, 0.0097107785438036, 0.008365562468471498, 0.010509500588532034, 0.012653438708592568, 0.01353623675802926, 0.015049604842777871, 0.0, 0.016058516899276946, 0.01530183285690264, 0.016689086934588867], [0.007272574407264167, 0.0069783083907852695, 0.006726080376660501, 0.008029258449638473, 0.009374474524970573, 0.010425424583823777, 0.00899613250378342, 0.011392298637968723, 0.012779552715654952, 0.015596098873381536, 0.016058516899276946, 0.0, 0.01710946695813015, 0.017151504960484277], [0.005801244324869682, 0.006726080376660501, 0.007146460400201783, 0.008407600470825626, 0.008575752480242138, 0.008323524466117371, 0.009122246510845805, 0.011434336640322852, 0.01282159071800908, 0.01736169497225492, 0.01530183285690264, 0.01710946695813015, 0.0, 0.022868673280645704], [0.00651589036488986, 0.006810156381368757, 0.007104422397847654, 0.008491676475533883, 0.009374474524970573, 0.010215234572053136, 0.009332436522616444, 0.012485286699176056, 0.012443248696821927, 0.014713300823944847, 0.016689086934588867, 0.017151504960484277, 0.022868673280645704, 0.0]]}