{"counts": [[0.0, 0.01733740943925625, 0.01884501026006114, 0.012940240378575317, 0.01193517316470539, 0.008626826919050212, 0.010804472549101721, 0.009087482725407261, 0.00804053771095942, 0.00837556011558273, 0.006993592696511579, 0.006574814690732443, 0.006826081494199924, 0.006574814690732443], [0.01733740943925625, 0.0, 0.01897064366179488, 0.013526529586666109, 0.012228317768750786, 0.010260061141588844, 0.009590016332342225, 0.008082415511537334, 0.008208048913271076, 0.005988525482641652, 0.008082415511537334, 0.007370492901712802, 0.006909837095355752, 0.006281670086687047], [0.01884501026006114, 0.01897064366179488, 0.0, 0.012102684367017044, 0.01193517316470539, 0.011390761757192513, 0.009380627329452657, 0.007831148708069852, 0.008584949118472298, 0.007370492901712802, 0.00619791448553122, 0.006407303488420788, 0.006993592696511579, 0.0066166924913103565], [0.012940240378575317, 0.013526529586666109, 0.012102684367017044, 0.0, 0.013149629381464885, 0.012688973575107836, 0.01285648477741949, 0.009087482725407261, 0.009506260731186399, 0.008249926713848988, 0.007998659910381506, 0.00871058252020604, 0.008333682315004816, 0.008166171112693162], [0.01193517316470539, 0.012228317768750786, 0.01193517316470539, 0.013149629381464885, 0.0, 0.01239582897106244, 0.01285648477741949, 0.010636961346790066, 0.01088822815025755, 0.009590016332342225, 0.009548138531764313, 0.008459315716738558, 0.0076636375057581975, 0.008543071317894384], [0.008626826919050212, 0.010260061141588844, 0.011390761757192513, 0.012688973575107836, 0.01239582897106244, 0.0, 0.014782863604003518, 0.011851417563549562, 0.011097617153147117, 0.009673771933498053, 0.009799405335231794, 0.009338749528874743, 0.010343816742744672, 0.009296871728296829], [0.010804472549101721, 0.009590016332342225, 0.009380627329452657, 0.01285648477741949, 0.01285648477741949, 0.014782863604003518, 0.0, 0.011683906361237908, 0.011097617153147117, 0.010595083546212154, 0.00988316093638762, 0.009673771933498053, 0.008878093722517693, 0.010427572343900498], [0.009087482725407261, 0.008082415511537334, 0.007831148708069852, 0.009087482725407261, 0.010636961346790066, 0.011851417563549562, 0.011683906361237908, 0.0, 0.01490849700573726, 0.013023995979731145, 0.011977050965283304, 0.012898362577997403, 0.012018928765861216, 0.013023995979731145], [0.00804053771095942, 0.008208048913271076, 0.008584949118472298, 0.009506260731186399, 0.01088822815025755, 0.011097617153147117, 0.011097617153147117, 0.01490849700573726, 0.0, 0.013735918589555677, 0.013526529586666109, 0.01172578416181582, 0.012144562167594958, 0.012437706771640354], [0.00837556011558273, 0.005988525482641652, 0.007370492901712802, 0.008249926713848988, 0.009590016332342225, 0.009673771933498053, 0.010595083546212154, 0.013023995979731145, 0.013735918589555677, 0.0, 0.01469910800284769, 0.015243519410360567, 0.015201641609782655, 0.015243519410360567], [0.006993592696511579, 0.008082415511537334, 0.00619791448553122, 0.007998659910381506, 0.009548138531764313, 0.009799405335231794, 0.00988316093638762, 0.011977050965283304, 0.013526529586666109, 0.01469910800284769, 0.0, 0.01700238703463294, 0.014615352401691864, 0.01721177603752251], [0.006574814690732443, 0.007370492901712802, 0.006407303488420788, 0.00871058252020604, 0.008459315716738558, 0.009338749528874743, 0.009673771933498053, 0.012898362577997403, 0.01172578416181582, 0.015243519410360567, 0.01700238703463294, 0.0, 0.017965576447924955, 0.016960509234055027], [0.006826081494199924, 0.006909837095355752, 0.006993592696511579, 0.008333682315004816, 0.0076636375057581975, 0.010343816742744672, 0.008878093722517693, 0.012018928765861216, 0.012144562167594958, 0.015201641609782655, 0.014615352401691864, 0.017965576447924955, 0.0, 0.02340969052305373], [0.006574814690732443, 0.006281670086687047, 0.0066166924913103565, 0.008166171112693162, 0.008543071317894384, 0.009296871728296829, 0.010427572343900498, 0.013023995979731145, 0.012437706771640354, 0.015243519410360567, 0.01721177603752251, 0.016960509234055027, 0.02340969052305373, 0.0]], "sysname": ["SOURCE", "UFC", "IITB", "SJTU", "IPN", "RAC", "PKU", "AMU", "UMC", "NTHU", "POST", "CUUI", "NUCLEA", "CAMB"]}