{"sysname": ["SOURCE", "UFC", "IITB", "SJTU", "IPN", "RAC", "PKU", "AMU", "UMC", "NTHU", "POST", "CUUI", "NUCLEA", "CAMB"], "counts": [[0.0, 0.019211367075836556, 0.017445770976963176, 0.01303178072977972, 0.012695476710946696, 0.00992096855557424, 0.00992096855557424, 0.007524802421388936, 0.00790314444257609, 0.0069783083907852695, 0.006810156381368757, 0.006263662350765092, 0.006810156381368757, 0.007272574407264167], [0.019211367075836556, 0.0, 0.016310744913401714, 0.014292920800403565, 0.010929880612073315, 0.010047082562636624, 0.009164284513199932, 0.00899613250378342, 0.00853371447788801, 0.0074407264166806795, 0.007314612409618295, 0.006726080376660501, 0.0065999663695981165, 0.007777030435513704], [0.017445770976963176, 0.016310744913401714, 0.0, 0.013620312762737515, 0.011812678661510005, 0.010509500588532034, 0.010299310576761393, 0.009038170506137548, 0.008827980494366908, 0.007777030435513704, 0.006894232386077013, 0.00718849840255591, 0.006347738355473348, 0.007524802421388936], [0.01303178072977972, 0.014292920800403565, 0.013620312762737515, 0.0, 0.01235917269211367, 0.012317134689759543, 0.010635614595594417, 0.010257272574407264, 0.00966874054144947, 0.00811333445434673, 0.009290398520262318, 0.007861106440221961, 0.008239448461409114, 0.008029258449638473], [0.012695476710946696, 0.010929880612073315, 0.011812678661510005, 0.01235917269211367, 0.0, 0.014040692786278796, 0.012233058685051286, 0.01126618463090634, 0.010845804607365058, 0.008954094501429291, 0.008954094501429291, 0.008912056499075165, 0.008912056499075165, 0.008617790482596267], [0.00992096855557424, 0.010047082562636624, 0.010509500588532034, 0.012317134689759543, 0.014040692786278796, 0.0, 0.013956616781570539, 0.010761728602656801, 0.012401210694467799, 0.00966874054144947, 0.009038170506137548, 0.010971918614427442, 0.008701866487304524, 0.008827980494366908], [0.00992096855557424, 0.009164284513199932, 0.010299310576761393, 0.010635614595594417, 0.012233058685051286, 0.013956616781570539, 0.0, 0.012737514713300825, 0.011644526652093493, 0.01034134857911552, 0.01055153859088616, 0.011055994619135699, 0.010467462586177905, 0.010257272574407264], [0.007524802421388936, 0.00899613250378342, 0.009038170506137548, 0.010257272574407264, 0.01126618463090634, 0.010761728602656801, 0.012737514713300825, 0.0, 0.014419034807465949, 0.012275096687405415, 0.012527324701530184, 0.011140070623843954, 0.011770640659155876, 0.011938792668572389], [0.00790314444257609, 0.00853371447788801, 0.008827980494366908, 0.00966874054144947, 0.010845804607365058, 0.012401210694467799, 0.011644526652093493, 0.014419034807465949, 0.0, 0.013788464772154027, 0.011644526652093493, 0.012191020682697158, 0.012022868673280646, 0.011098032621489827], [0.0069783083907852695, 0.0074407264166806795, 0.007777030435513704, 0.00811333445434673, 0.008954094501429291, 0.00966874054144947, 0.01034134857911552, 0.012275096687405415, 0.013788464772154027, 0.0, 0.016100554901631075, 0.014797376828653102, 0.014671262821590718, 0.016773162939297124], [0.006810156381368757, 0.007314612409618295, 0.006894232386077013, 0.009290398520262318, 0.008954094501429291, 0.009038170506137548, 0.01055153859088616, 0.012527324701530184, 0.011644526652093493, 0.016100554901631075, 0.0, 0.018160417016983354, 0.015343870859256769, 0.015596098873381536], [0.006263662350765092, 0.006726080376660501, 0.00718849840255591, 0.007861106440221961, 0.008912056499075165, 0.010971918614427442, 0.011055994619135699, 0.011140070623843954, 0.012191020682697158, 0.014797376828653102, 0.018160417016983354, 0.0, 0.016520934925172356, 0.015638136875735665], [0.006810156381368757, 0.0065999663695981165, 0.006347738355473348, 0.008239448461409114, 0.008912056499075165, 0.008701866487304524, 0.010467462586177905, 0.011770640659155876, 0.012022868673280646, 0.014671262821590718, 0.015343870859256769, 0.016520934925172356, 0.0, 0.024928535395997983], [0.007272574407264167, 0.007777030435513704, 0.007524802421388936, 0.008029258449638473, 0.008617790482596267, 0.008827980494366908, 0.010257272574407264, 0.011938792668572389, 0.011098032621489827, 0.016773162939297124, 0.015596098873381536, 0.015638136875735665, 0.024928535395997983, 0.0]]}