{"sysname": ["IITB", "SJTU", "PKU", "RAC", "IPN", "UFC", "AMU", "JMGR", "src", "UMC", "NTHU", "CUUI", "NUCLEA", "POST", "CAMB"], "counts": [[0.0, 0.02096137672252054, 0.012486252183476742, 0.009510254253736172, 0.009380863039399626, 0.009510254253736172, 0.008733906967716892, 0.008086950896034159, 0.008863298182053439, 0.007439994824351427, 0.007439994824351427, 0.007634081645856246, 0.008151646503202433, 0.0075046904315197, 0.006146082680985961], [0.02096137672252054, 0.0, 0.011645209290289189, 0.01125703564727955, 0.009574949860904444, 0.008410428931875526, 0.010027819111082357, 0.01028660153975545, 0.008410428931875526, 0.007957559681697613, 0.00731060361001488, 0.007634081645856246, 0.006598951931163874, 0.006081387073817688, 0.0069224299670052405], [0.012486252183476742, 0.011645209290289189, 0.0, 0.01067477518276509, 0.010221905932587178, 0.009057385003558259, 0.008798602574885165, 0.009963123503914085, 0.008927993789221713, 0.009316167432231352, 0.007698777253024519, 0.007957559681697613, 0.0075046904315197, 0.008086950896034159, 0.008604515753380346], [0.009510254253736172, 0.01125703564727955, 0.01067477518276509, 0.0, 0.011580513683120916, 0.009186776217894805, 0.008733906967716892, 0.009380863039399626, 0.0084751245390438, 0.009122080610726531, 0.009122080610726531, 0.008216342110370705, 0.007957559681697613, 0.007828168467361066, 0.009833732289577537], [0.009380863039399626, 0.009574949860904444, 0.010221905932587178, 0.011580513683120916, 0.0, 0.010739470789933363, 0.009057385003558259, 0.008604515753380346, 0.008539820146212072, 0.008863298182053439, 0.009380863039399626, 0.00970434107524099, 0.008539820146212072, 0.007698777253024519, 0.008151646503202433], [0.009510254253736172, 0.008410428931875526, 0.009057385003558259, 0.009186776217894805, 0.010739470789933363, 0.0, 0.010092514718250631, 0.009445558646567898, 0.008992689396389985, 0.008022255288865887, 0.008798602574885165, 0.008863298182053439, 0.008539820146212072, 0.008022255288865887, 0.009251471825063078], [0.008733906967716892, 0.010027819111082357, 0.008798602574885165, 0.008733906967716892, 0.009057385003558259, 0.010092514718250631, 0.0, 0.010998253218606457, 0.010027819111082357, 0.01086886200426991, 0.010027819111082357, 0.009445558646567898, 0.009251471825063078, 0.007957559681697613, 0.008410428931875526], [0.008086950896034159, 0.01028660153975545, 0.009963123503914085, 0.009380863039399626, 0.008604515753380346, 0.009445558646567898, 0.010998253218606457, 0.0, 0.010027819111082357, 0.009833732289577537, 0.008669211360548618, 0.009186776217894805, 0.008798602574885165, 0.009445558646567898, 0.009574949860904444], [0.008863298182053439, 0.008410428931875526, 0.008927993789221713, 0.0084751245390438, 0.008539820146212072, 0.008992689396389985, 0.010027819111082357, 0.010027819111082357, 0.0, 0.008927993789221713, 0.01048068836126027, 0.0075046904315197, 0.008733906967716892, 0.009316167432231352, 0.009769036682409265], [0.007439994824351427, 0.007957559681697613, 0.009316167432231352, 0.009122080610726531, 0.008863298182053439, 0.008022255288865887, 0.01086886200426991, 0.009833732289577537, 0.008927993789221713, 0.0, 0.010027819111082357, 0.01145112246878437, 0.010804166397101637, 0.01028660153975545, 0.011774600504625737], [0.007439994824351427, 0.00731060361001488, 0.007698777253024519, 0.009122080610726531, 0.009380863039399626, 0.008798602574885165, 0.010027819111082357, 0.008669211360548618, 0.01048068836126027, 0.010027819111082357, 0.0, 0.01086886200426991, 0.011839296111794009, 0.011839296111794009, 0.01125703564727955], [0.007634081645856246, 0.007634081645856246, 0.007957559681697613, 0.008216342110370705, 0.00970434107524099, 0.008863298182053439, 0.009445558646567898, 0.009186776217894805, 0.0075046904315197, 0.01145112246878437, 0.01086886200426991, 0.0, 0.013391990683832568, 0.012680339004981563, 0.012292165361971922], [0.008151646503202433, 0.006598951931163874, 0.0075046904315197, 0.007957559681697613, 0.008539820146212072, 0.008539820146212072, 0.009251471825063078, 0.008798602574885165, 0.008733906967716892, 0.010804166397101637, 0.011839296111794009, 0.013391990683832568, 0.0, 0.014491816005693213, 0.014556511612861487], [0.0075046904315197, 0.006081387073817688, 0.008086950896034159, 0.007828168467361066, 0.007698777253024519, 0.008022255288865887, 0.007957559681697613, 0.009445558646567898, 0.009316167432231352, 0.01028660153975545, 0.011839296111794009, 0.012680339004981563, 0.014491816005693213, 0.0, 0.015656336934722133], [0.006146082680985961, 0.0069224299670052405, 0.008604515753380346, 0.009833732289577537, 0.008151646503202433, 0.009251471825063078, 0.008410428931875526, 0.009574949860904444, 0.009769036682409265, 0.011774600504625737, 0.01125703564727955, 0.012292165361971922, 0.014556511612861487, 0.015656336934722133, 0.0]]}