{"sysname": ["SOURCE", "UFC", "IITB", "SJTU", "RAC", "PKU", "IPN", "AMU", "UMC", "POST", "NTHU", "CUUI", "NUCLEA", "CAMB"], "counts": [[0.0, 0.016290464424808408, 0.015704175216717617, 0.012647095774529922, 0.012102684367017044, 0.01239582897106244, 0.011390761757192513, 0.008961849323673521, 0.0077473931069140245, 0.007035470497089493, 0.006951714895933665, 0.007328615101134889, 0.00711922609824532, 0.006909837095355752], [0.016290464424808408, 0.0, 0.015997319820763013, 0.012688973575107836, 0.01193517316470539, 0.010720716947945894, 0.011516395158926253, 0.008668704719628125, 0.008919971523095607, 0.00745424850286863, 0.007496126303446543, 0.0077055153063361114, 0.0067004480924661835, 0.006909837095355752], [0.015704175216717617, 0.015997319820763013, 0.0, 0.012144562167594958, 0.012312073369906612, 0.011390761757192513, 0.010636961346790066, 0.009296871728296829, 0.008166171112693162, 0.007496126303446543, 0.007621759705180284, 0.0076636375057581975, 0.0075798819046023706, 0.0075798819046023706], [0.012647095774529922, 0.012688973575107836, 0.012144562167594958, 0.0, 0.011851417563549562, 0.013484651786088195, 0.013107751580886971, 0.010176305540433016, 0.008919971523095607, 0.009045604924829347, 0.008626826919050212, 0.00745424850286863, 0.008626826919050212, 0.009087482725407261], [0.012102684367017044, 0.01193517316470539, 0.012312073369906612, 0.011851417563549562, 0.0, 0.01390342979186733, 0.012102684367017044, 0.010511327945056326, 0.009799405335231794, 0.009213116127141003, 0.009548138531764313, 0.009380627329452657, 0.00883621592193978, 0.008961849323673521], [0.01239582897106244, 0.010720716947945894, 0.011390761757192513, 0.013484651786088195, 0.01390342979186733, 0.0, 0.013191507182042799, 0.010636961346790066, 0.010595083546212154, 0.009254993927718917, 0.009296871728296829, 0.009631894132920139, 0.008961849323673521, 0.00850119351731647], [0.011390761757192513, 0.011516395158926253, 0.010636961346790066, 0.013107751580886971, 0.012102684367017044, 0.013191507182042799, 0.0, 0.011474517358348339, 0.010385694543322584, 0.009799405335231794, 0.008543071317894384, 0.008166171112693162, 0.010176305540433016, 0.01067883914736798], [0.008961849323673521, 0.008668704719628125, 0.009296871728296829, 0.010176305540433016, 0.010511327945056326, 0.010636961346790066, 0.011474517358348339, 0.0, 0.013735918589555677, 0.012772729176263663, 0.012186439968172872, 0.012437706771640354, 0.012563340173374094, 0.011683906361237908], [0.0077473931069140245, 0.008919971523095607, 0.008166171112693162, 0.008919971523095607, 0.009799405335231794, 0.010595083546212154, 0.010385694543322584, 0.013735918589555677, 0.0, 0.01377779639013359, 0.014029063193601072, 0.013107751580886971, 0.012312073369906612, 0.014070940994178986], [0.007035470497089493, 0.00745424850286863, 0.007496126303446543, 0.009045604924829347, 0.009213116127141003, 0.009254993927718917, 0.009799405335231794, 0.012772729176263663, 0.01377779639013359, 0.0, 0.015159763809204741, 0.014740985803425604, 0.014405963398802294, 0.017630554043301647], [0.006951714895933665, 0.007496126303446543, 0.007621759705180284, 0.008626826919050212, 0.009548138531764313, 0.009296871728296829, 0.008543071317894384, 0.012186439968172872, 0.014029063193601072, 0.015159763809204741, 0.0, 0.016248586624230496, 0.015285397210938481, 0.01620670882365258], [0.007328615101134889, 0.0077055153063361114, 0.0076636375057581975, 0.00745424850286863, 0.009380627329452657, 0.009631894132920139, 0.008166171112693162, 0.012437706771640354, 0.013107751580886971, 0.014740985803425604, 0.016248586624230496, 0.0, 0.017965576447924955, 0.015787930817873445], [0.00711922609824532, 0.0067004480924661835, 0.0075798819046023706, 0.008626826919050212, 0.00883621592193978, 0.008961849323673521, 0.010176305540433016, 0.012563340173374094, 0.012312073369906612, 0.014405963398802294, 0.015285397210938481, 0.017965576447924955, 0.0, 0.020771389086645168], [0.006909837095355752, 0.006909837095355752, 0.0075798819046023706, 0.009087482725407261, 0.008961849323673521, 0.00850119351731647, 0.01067883914736798, 0.011683906361237908, 0.014070940994178986, 0.017630554043301647, 0.01620670882365258, 0.015787930817873445, 0.020771389086645168, 0.0]]}