{"counts": [[0.0, 0.016815200941651252, 0.016142592903985203, 0.011770640659155876, 0.01034134857911552, 0.011560450647385236, 0.010593576593240289, 0.010257272574407264, 0.007819068437867832, 0.008449638473179755, 0.007104422397847654, 0.008239448461409114, 0.0069783083907852695, 0.007314612409618295], [0.016815200941651252, 0.0, 0.015259794854548512, 0.012653438708592568, 0.011938792668572389, 0.010761728602656801, 0.01034134857911552, 0.00920632251555406, 0.00853371447788801, 0.007608878426097192, 0.007314612409618295, 0.006894232386077013, 0.007945182444930216, 0.007819068437867832], [0.016142592903985203, 0.015259794854548512, 0.0, 0.012317134689759543, 0.011686564654447621, 0.01034134857911552, 0.01101395661678157, 0.009836892550865983, 0.008449638473179755, 0.007734992433159576, 0.00878594249201278, 0.00765091642845132, 0.007861106440221961, 0.006642004371952245], [0.011770640659155876, 0.012653438708592568, 0.012317134689759543, 0.0, 0.013115856734487978, 0.01353623675802926, 0.013157894736842105, 0.010845804607365058, 0.009374474524970573, 0.007987220447284345, 0.0070623843954935265, 0.00878594249201278, 0.008281486463763242, 0.00878594249201278], [0.01034134857911552, 0.011938792668572389, 0.011686564654447621, 0.013115856734487978, 0.0, 0.012989742727425592, 0.014419034807465949, 0.010299310576761393, 0.009626702539095342, 0.010425424583823777, 0.009626702539095342, 0.008239448461409114, 0.008659828484950395, 0.0097107785438036], [0.011560450647385236, 0.010761728602656801, 0.01034134857911552, 0.01353623675802926, 0.012989742727425592, 0.0, 0.013241970741550362, 0.012317134689759543, 0.010593576593240289, 0.009122246510845805, 0.009542626534387085, 0.00945855052967883, 0.009080208508491677, 0.008659828484950395], [0.010593576593240289, 0.01034134857911552, 0.01101395661678157, 0.013157894736842105, 0.014419034807465949, 0.013241970741550362, 0.0, 0.012275096687405415, 0.010089120564990752, 0.009794854548511854, 0.009584664536741214, 0.00878594249201278, 0.00966874054144947, 0.009836892550865983], [0.010257272574407264, 0.00920632251555406, 0.009836892550865983, 0.010845804607365058, 0.010299310576761393, 0.012317134689759543, 0.012275096687405415, 0.0, 0.012905666722717337, 0.012317134689759543, 0.011854716663864133, 0.010677652597948546, 0.010719690600302674, 0.011182108626198083], [0.007819068437867832, 0.00853371447788801, 0.008449638473179755, 0.009374474524970573, 0.009626702539095342, 0.010593576593240289, 0.010089120564990752, 0.012905666722717337, 0.0, 0.013662350765091643, 0.013662350765091643, 0.01328400874390449, 0.01328400874390449, 0.013956616781570539], [0.008449638473179755, 0.007608878426097192, 0.007734992433159576, 0.007987220447284345, 0.010425424583823777, 0.009122246510845805, 0.009794854548511854, 0.012317134689759543, 0.013662350765091643, 0.0, 0.01622666890869346, 0.015596098873381536, 0.014250882798049437, 0.014419034807465949], [0.007104422397847654, 0.007314612409618295, 0.00878594249201278, 0.0070623843954935265, 0.009626702539095342, 0.009542626534387085, 0.009584664536741214, 0.011854716663864133, 0.013662350765091643, 0.01622666890869346, 0.0, 0.014208844795695308, 0.01597444089456869, 0.016731124936942995], [0.008239448461409114, 0.006894232386077013, 0.00765091642845132, 0.00878594249201278, 0.008239448461409114, 0.00945855052967883, 0.00878594249201278, 0.010677652597948546, 0.01328400874390449, 0.015596098873381536, 0.014208844795695308, 0.0, 0.016941314948713638, 0.01799226500756684], [0.0069783083907852695, 0.007945182444930216, 0.007861106440221961, 0.008281486463763242, 0.008659828484950395, 0.009080208508491677, 0.00966874054144947, 0.010719690600302674, 0.01328400874390449, 0.014250882798049437, 0.01597444089456869, 0.016941314948713638, 0.0, 0.021187153186480578], [0.007314612409618295, 0.007819068437867832, 0.006642004371952245, 0.00878594249201278, 0.0097107785438036, 0.008659828484950395, 0.009836892550865983, 0.011182108626198083, 0.013956616781570539, 0.014419034807465949, 0.016731124936942995, 0.01799226500756684, 0.021187153186480578, 0.0]], "sysname": ["SOURCE", "UFC", "IITB", "SJTU", "RAC", "IPN", "PKU", "AMU", "UMC", "POST", "NTHU", "CUUI", "NUCLEA", "CAMB"]}