{"sysname": ["IITB", "SJTU", "PKU", "RAC", "JMGR", "IPN", "AMU", "src", "UFC", "UMC", "NTHU", "CUUI", "NUCLEA", "POST", "CAMB"], "counts": [[0.0, 0.018826421685967522, 0.00989842789674581, 0.012098078540467102, 0.009574949860904444, 0.008410428931875526, 0.009122080610726531, 0.008022255288865887, 0.008669211360548618, 0.008216342110370705, 0.007634081645856246, 0.008992689396389985, 0.0075046904315197, 0.007634081645856246, 0.0073752992171831535], [0.018826421685967522, 0.0, 0.01365077311250566, 0.01125703564727955, 0.009057385003558259, 0.009769036682409265, 0.009639645468072718, 0.007828168467361066, 0.008216342110370705, 0.008345733324707252, 0.0075046904315197, 0.008927993789221713, 0.006857734359836967, 0.007439994824351427, 0.006663647538332147], [0.00989842789674581, 0.01365077311250566, 0.0, 0.010804166397101637, 0.008733906967716892, 0.008863298182053439, 0.008539820146212072, 0.008992689396389985, 0.008022255288865887, 0.008863298182053439, 0.00989842789674581, 0.009445558646567898, 0.008733906967716892, 0.008216342110370705, 0.008086950896034159], [0.012098078540467102, 0.01125703564727955, 0.010804166397101637, 0.0, 0.010027819111082357, 0.008927993789221713, 0.009833732289577537, 0.008539820146212072, 0.008151646503202433, 0.008669211360548618, 0.009445558646567898, 0.008669211360548618, 0.007828168467361066, 0.008086950896034159, 0.009122080610726531], [0.009574949860904444, 0.009057385003558259, 0.008733906967716892, 0.010027819111082357, 0.0, 0.009574949860904444, 0.011127644432943003, 0.009445558646567898, 0.01067477518276509, 0.00989842789674581, 0.008927993789221713, 0.008410428931875526, 0.008345733324707252, 0.008216342110370705, 0.00970434107524099], [0.008410428931875526, 0.009769036682409265, 0.008863298182053439, 0.008927993789221713, 0.009574949860904444, 0.0, 0.01048068836126027, 0.009510254253736172, 0.009833732289577537, 0.01028660153975545, 0.008863298182053439, 0.009251471825063078, 0.0084751245390438, 0.008992689396389985, 0.008669211360548618], [0.009122080610726531, 0.009639645468072718, 0.008539820146212072, 0.009833732289577537, 0.011127644432943003, 0.01048068836126027, 0.0, 0.010157210325418903, 0.009574949860904444, 0.008604515753380346, 0.00970434107524099, 0.010092514718250631, 0.008345733324707252, 0.007892864074529339, 0.009251471825063078], [0.008022255288865887, 0.007828168467361066, 0.008992689396389985, 0.008539820146212072, 0.009445558646567898, 0.009510254253736172, 0.010157210325418903, 0.0, 0.008216342110370705, 0.008863298182053439, 0.008992689396389985, 0.009316167432231352, 0.01086886200426991, 0.008863298182053439, 0.009186776217894805], [0.008669211360548618, 0.008216342110370705, 0.008022255288865887, 0.008151646503202433, 0.01067477518276509, 0.009833732289577537, 0.009574949860904444, 0.008216342110370705, 0.0, 0.009122080610726531, 0.009186776217894805, 0.008992689396389985, 0.010804166397101637, 0.00828103771753898, 0.009316167432231352], [0.008216342110370705, 0.008345733324707252, 0.008863298182053439, 0.008669211360548618, 0.00989842789674581, 0.01028660153975545, 0.008604515753380346, 0.008863298182053439, 0.009122080610726531, 0.0, 0.010221905932587178, 0.01028660153975545, 0.012615643397813289, 0.00989842789674581, 0.010933557611438183], [0.007634081645856246, 0.0075046904315197, 0.00989842789674581, 0.009445558646567898, 0.008927993789221713, 0.008863298182053439, 0.00970434107524099, 0.008992689396389985, 0.009186776217894805, 0.010221905932587178, 0.0, 0.010804166397101637, 0.00989842789674581, 0.011839296111794009, 0.01145112246878437], [0.008992689396389985, 0.008927993789221713, 0.009445558646567898, 0.008669211360548618, 0.008410428931875526, 0.009251471825063078, 0.010092514718250631, 0.009316167432231352, 0.008992689396389985, 0.01028660153975545, 0.010804166397101637, 0.0, 0.01086886200426991, 0.01125703564727955, 0.011515818075952642], [0.0075046904315197, 0.006857734359836967, 0.008733906967716892, 0.007828168467361066, 0.008345733324707252, 0.0084751245390438, 0.008345733324707252, 0.01086886200426991, 0.010804166397101637, 0.012615643397813289, 0.00989842789674581, 0.01086886200426991, 0.0, 0.0140389467555153, 0.014103642362683574], [0.007634081645856246, 0.007439994824351427, 0.008216342110370705, 0.008086950896034159, 0.008216342110370705, 0.008992689396389985, 0.007892864074529339, 0.008863298182053439, 0.00828103771753898, 0.00989842789674581, 0.011839296111794009, 0.01125703564727955, 0.0140389467555153, 0.0, 0.016303293006404866], [0.0073752992171831535, 0.006663647538332147, 0.008086950896034159, 0.009122080610726531, 0.00970434107524099, 0.008669211360548618, 0.009251471825063078, 0.009186776217894805, 0.009316167432231352, 0.010933557611438183, 0.01145112246878437, 0.011515818075952642, 0.014103642362683574, 0.016303293006404866, 0.0]]}