{"counts": [[0.0, 0.015243519410360567, 0.014615352401691864, 0.012144562167594958, 0.011809539762971649, 0.011348883956614599, 0.010469450144478412, 0.009841283135809707, 0.008124293312115248, 0.008459315716738558, 0.0076636375057581975, 0.006784203693622011, 0.00804053771095942, 0.00871058252020604], [0.015243519410360567, 0.0, 0.015034130407471, 0.013861551991289418, 0.011474517358348339, 0.010008794338121362, 0.010762594748523808, 0.009129360525985175, 0.009548138531764313, 0.008166171112693162, 0.007244859499979061, 0.007538004104024457, 0.0075798819046023706, 0.00804053771095942], [0.014615352401691864, 0.015034130407471, 0.0, 0.011977050965283304, 0.011390761757192513, 0.010595083546212154, 0.01009254993927719, 0.00942250513003057, 0.008543071317894384, 0.008668704719628125, 0.008249926713848988, 0.008333682315004816, 0.008291804514426902, 0.008166171112693162], [0.012144562167594958, 0.013861551991289418, 0.011977050965283304, 0.0, 0.013233384982620713, 0.01377779639013359, 0.011055739352569203, 0.011474517358348339, 0.01067883914736798, 0.008668704719628125, 0.007956782109803592, 0.01021818334101093, 0.008459315716738558, 0.008208048913271076], [0.011809539762971649, 0.011474517358348339, 0.011390761757192513, 0.013233384982620713, 0.0, 0.013317140583776541, 0.011516395158926253, 0.011223250554880857, 0.010846350349679635, 0.008208048913271076, 0.008626826919050212, 0.009045604924829347, 0.00988316093638762, 0.01009254993927719], [0.011348883956614599, 0.010008794338121362, 0.010595083546212154, 0.01377779639013359, 0.013317140583776541, 0.0, 0.011223250554880857, 0.012772729176263663, 0.010008794338121362, 0.008919971523095607, 0.00942250513003057, 0.008584949118472298, 0.009087482725407261, 0.009380627329452657], [0.010469450144478412, 0.010762594748523808, 0.01009254993927719, 0.011055739352569203, 0.011516395158926253, 0.011223250554880857, 0.0, 0.012563340173374094, 0.011139494953725031, 0.010301938942166758, 0.010930105950835461, 0.00975752753465388, 0.01101386155199129, 0.01067883914736798], [0.009841283135809707, 0.009129360525985175, 0.00942250513003057, 0.011474517358348339, 0.011223250554880857, 0.012772729176263663, 0.012563340173374094, 0.0, 0.01252146237279618, 0.011390761757192513, 0.011558272959504167, 0.011893295364127476, 0.01055320574563424, 0.011307006156036685], [0.008124293312115248, 0.009548138531764313, 0.008543071317894384, 0.01067883914736798, 0.010846350349679635, 0.010008794338121362, 0.011139494953725031, 0.01252146237279618, 0.0, 0.012898362577997403, 0.011767661962393735, 0.011683906361237908, 0.013442773985510281, 0.014070940994178986], [0.008459315716738558, 0.008166171112693162, 0.008668704719628125, 0.008668704719628125, 0.008208048913271076, 0.008919971523095607, 0.010301938942166758, 0.011390761757192513, 0.012898362577997403, 0.0, 0.01582980861845136, 0.015494786213828049, 0.014405963398802294, 0.016457975627120064], [0.0076636375057581975, 0.007244859499979061, 0.008249926713848988, 0.007956782109803592, 0.008626826919050212, 0.00942250513003057, 0.010930105950835461, 0.011558272959504167, 0.011767661962393735, 0.01582980861845136, 0.0, 0.014866619205159345, 0.017086142635788767, 0.01562041961556179], [0.006784203693622011, 0.007538004104024457, 0.008333682315004816, 0.01021818334101093, 0.009045604924829347, 0.008584949118472298, 0.00975752753465388, 0.011893295364127476, 0.011683906361237908, 0.015494786213828049, 0.014866619205159345, 0.0, 0.016667364630009632, 0.016248586624230496], [0.00804053771095942, 0.0075798819046023706, 0.008291804514426902, 0.008459315716738558, 0.00988316093638762, 0.009087482725407261, 0.01101386155199129, 0.01055320574563424, 0.013442773985510281, 0.014405963398802294, 0.017086142635788767, 0.016667364630009632, 0.0, 0.016583609028853804], [0.00871058252020604, 0.00804053771095942, 0.008166171112693162, 0.008208048913271076, 0.01009254993927719, 0.009380627329452657, 0.01067883914736798, 0.011307006156036685, 0.014070940994178986, 0.016457975627120064, 0.01562041961556179, 0.016248586624230496, 0.016583609028853804, 0.0]], "sysname": ["SOURCE", "UFC", "IITB", "PKU", "RAC", "SJTU", "IPN", "AMU", "UMC", "POST", "NTHU", "CUUI", "NUCLEA", "CAMB"]}