{"sysname": ["IITB", "SJTU", "PKU", "RAC", "JMGR", "AMU", "UFC", "src", "IPN", "NTHU", "NUCLEA", "UMC", "CUUI", "CAMB", "POST"], "counts": [[0.0, 0.015074076470207674, 0.012162774147635376, 0.010998253218606457, 0.010221905932587178, 0.009186776217894805, 0.008216342110370705, 0.007957559681697613, 0.009769036682409265, 0.008992689396389985, 0.008669211360548618, 0.0075046904315197, 0.007245908002846606, 0.007828168467361066, 0.007439994824351427], [0.015074076470207674, 0.0, 0.013974251148347027, 0.01048068836126027, 0.010739470789933363, 0.010415992754091998, 0.008539820146212072, 0.007569386038687973, 0.008086950896034159, 0.007051821181341787, 0.0084751245390438, 0.008086950896034159, 0.010545383968428544, 0.008410428931875526, 0.007569386038687973], [0.012162774147635376, 0.013974251148347027, 0.0, 0.01086886200426991, 0.010092514718250631, 0.009186776217894805, 0.0084751245390438, 0.009510254253736172, 0.009316167432231352, 0.008022255288865887, 0.008345733324707252, 0.007569386038687973, 0.008151646503202433, 0.008345733324707252, 0.006857734359836967], [0.010998253218606457, 0.01048068836126027, 0.01086886200426991, 0.0, 0.009769036682409265, 0.01067477518276509, 0.009122080610726531, 0.009963123503914085, 0.008604515753380346, 0.008410428931875526, 0.009833732289577537, 0.008992689396389985, 0.007245908002846606, 0.009445558646567898, 0.00731060361001488], [0.010221905932587178, 0.010739470789933363, 0.010092514718250631, 0.009769036682409265, 0.0, 0.010092514718250631, 0.009833732289577537, 0.008345733324707252, 0.008086950896034159, 0.009833732289577537, 0.008798602574885165, 0.009445558646567898, 0.008539820146212072, 0.00970434107524099, 0.009316167432231352], [0.009186776217894805, 0.010415992754091998, 0.009186776217894805, 0.01067477518276509, 0.010092514718250631, 0.0, 0.009510254253736172, 0.009574949860904444, 0.00989842789674581, 0.00828103771753898, 0.009833732289577537, 0.009251471825063078, 0.008669211360548618, 0.009122080610726531, 0.008798602574885165], [0.008216342110370705, 0.008539820146212072, 0.0084751245390438, 0.009122080610726531, 0.009833732289577537, 0.009510254253736172, 0.0, 0.00828103771753898, 0.009510254253736172, 0.009510254253736172, 0.009316167432231352, 0.009574949860904444, 0.009769036682409265, 0.008798602574885165, 0.008798602574885165], [0.007957559681697613, 0.007569386038687973, 0.009510254253736172, 0.009963123503914085, 0.008345733324707252, 0.009574949860904444, 0.00828103771753898, 0.0, 0.008604515753380346, 0.009186776217894805, 0.009251471825063078, 0.009251471825063078, 0.010027819111082357, 0.008798602574885165, 0.00989842789674581], [0.009769036682409265, 0.008086950896034159, 0.009316167432231352, 0.008604515753380346, 0.008086950896034159, 0.00989842789674581, 0.009510254253736172, 0.008604515753380346, 0.0, 0.009574949860904444, 0.009574949860904444, 0.008798602574885165, 0.008539820146212072, 0.01145112246878437, 0.009380863039399626], [0.008992689396389985, 0.007051821181341787, 0.008022255288865887, 0.008410428931875526, 0.009833732289577537, 0.00828103771753898, 0.009510254253736172, 0.009186776217894805, 0.009574949860904444, 0.0, 0.011968687326130555, 0.010739470789933363, 0.011127644432943003, 0.011580513683120916, 0.010415992754091998], [0.008669211360548618, 0.0084751245390438, 0.008345733324707252, 0.009833732289577537, 0.008798602574885165, 0.009833732289577537, 0.009316167432231352, 0.009251471825063078, 0.009574949860904444, 0.011968687326130555, 0.0, 0.013068512647991202, 0.010027819111082357, 0.009186776217894805, 0.012680339004981563], [0.0075046904315197, 0.008086950896034159, 0.007569386038687973, 0.008992689396389985, 0.009445558646567898, 0.009251471825063078, 0.009574949860904444, 0.009251471825063078, 0.008798602574885165, 0.010739470789933363, 0.013068512647991202, 0.0, 0.011903991718962283, 0.01067477518276509, 0.010545383968428544], [0.007245908002846606, 0.010545383968428544, 0.008151646503202433, 0.007245908002846606, 0.008539820146212072, 0.008669211360548618, 0.009769036682409265, 0.010027819111082357, 0.008539820146212072, 0.011127644432943003, 0.010027819111082357, 0.011903991718962283, 0.0, 0.011709904897457463, 0.011709904897457463], [0.007828168467361066, 0.008410428931875526, 0.008345733324707252, 0.009445558646567898, 0.00970434107524099, 0.009122080610726531, 0.008798602574885165, 0.008798602574885165, 0.01145112246878437, 0.011580513683120916, 0.009186776217894805, 0.01067477518276509, 0.011709904897457463, 0.0, 0.016497379827909685], [0.007439994824351427, 0.007569386038687973, 0.006857734359836967, 0.00731060361001488, 0.009316167432231352, 0.008798602574885165, 0.008798602574885165, 0.00989842789674581, 0.009380863039399626, 0.010415992754091998, 0.012680339004981563, 0.010545383968428544, 0.011709904897457463, 0.016497379827909685, 0.0]]}