{"counts": [[0.0, 0.014250882798049437, 0.013199932739196233, 0.012401210694467799, 0.01261140070623844, 0.011770640659155876, 0.010257272574407264, 0.010635614595594417, 0.008323524466117371, 0.008071296451992602, 0.0070623843954935265, 0.008407600470825626, 0.008281486463763242, 0.008575752480242138], [0.014250882798049437, 0.0, 0.014923490835715487, 0.013199932739196233, 0.012779552715654952, 0.010173196569699007, 0.009374474524970573, 0.010467462586177905, 0.008449638473179755, 0.008365562468471498, 0.008491676475533883, 0.00790314444257609, 0.007566840423743064, 0.008659828484950395], [0.013199932739196233, 0.014923490835715487, 0.0, 0.012317134689759543, 0.011938792668572389, 0.010425424583823777, 0.00992096855557424, 0.010761728602656801, 0.00992096855557424, 0.008449638473179755, 0.008407600470825626, 0.007734992433159576, 0.008365562468471498, 0.00853371447788801], [0.012401210694467799, 0.013199932739196233, 0.012317134689759543, 0.0, 0.014208844795695308, 0.012863628720363209, 0.011938792668572389, 0.011392298637968723, 0.00966874054144947, 0.010383386581469648, 0.008659828484950395, 0.007819068437867832, 0.008449638473179755, 0.008827980494366908], [0.01261140070623844, 0.012779552715654952, 0.011938792668572389, 0.014208844795695308, 0.0, 0.012401210694467799, 0.012317134689759543, 0.010089120564990752, 0.009584664536741214, 0.010425424583823777, 0.009080208508491677, 0.007987220447284345, 0.00853371447788801, 0.008827980494366908], [0.011770640659155876, 0.010173196569699007, 0.010425424583823777, 0.012863628720363209, 0.012401210694467799, 0.0, 0.01256936270388431, 0.012022868673280646, 0.010383386581469648, 0.008870018496721036, 0.009164284513199932, 0.008659828484950395, 0.009374474524970573, 0.00924836051790819], [0.010257272574407264, 0.009374474524970573, 0.00992096855557424, 0.011938792668572389, 0.012317134689759543, 0.01256936270388431, 0.0, 0.01147637464267698, 0.010845804607365058, 0.010845804607365058, 0.009794854548511854, 0.010593576593240289, 0.010761728602656801, 0.010719690600302674], [0.010635614595594417, 0.010467462586177905, 0.010761728602656801, 0.011392298637968723, 0.010089120564990752, 0.012022868673280646, 0.01147637464267698, 0.0, 0.012106944677988903, 0.01147637464267698, 0.01013115856734488, 0.01126618463090634, 0.010719690600302674, 0.011812678661510005], [0.008323524466117371, 0.008449638473179755, 0.00992096855557424, 0.00966874054144947, 0.009584664536741214, 0.010383386581469648, 0.010845804607365058, 0.012106944677988903, 0.0, 0.011854716663864133, 0.012905666722717337, 0.012863628720363209, 0.013326046746258619, 0.013704388767445772], [0.008071296451992602, 0.008365562468471498, 0.008449638473179755, 0.010383386581469648, 0.010425424583823777, 0.008870018496721036, 0.010845804607365058, 0.01147637464267698, 0.011854716663864133, 0.0, 0.015343870859256769, 0.014923490835715487, 0.013914578779216412, 0.014587186816882461], [0.0070623843954935265, 0.008491676475533883, 0.008407600470825626, 0.008659828484950395, 0.009080208508491677, 0.009164284513199932, 0.009794854548511854, 0.01013115856734488, 0.012905666722717337, 0.015343870859256769, 0.0, 0.01622666890869346, 0.01576425088279805, 0.015848326887506307], [0.008407600470825626, 0.00790314444257609, 0.007734992433159576, 0.007819068437867832, 0.007987220447284345, 0.008659828484950395, 0.010593576593240289, 0.01126618463090634, 0.012863628720363209, 0.014923490835715487, 0.01622666890869346, 0.0, 0.016773162939297124, 0.016016478896922818], [0.008281486463763242, 0.007566840423743064, 0.008365562468471498, 0.008449638473179755, 0.00853371447788801, 0.009374474524970573, 0.010761728602656801, 0.010719690600302674, 0.013326046746258619, 0.013914578779216412, 0.01576425088279805, 0.016773162939297124, 0.0, 0.01866487304523289], [0.008575752480242138, 0.008659828484950395, 0.00853371447788801, 0.008827980494366908, 0.008827980494366908, 0.00924836051790819, 0.010719690600302674, 0.011812678661510005, 0.013704388767445772, 0.014587186816882461, 0.015848326887506307, 0.016016478896922818, 0.01866487304523289, 0.0]], "sysname": ["SOURCE", "UFC", "IITB", "PKU", "RAC", "SJTU", "IPN", "AMU", "UMC", "POST", "NTHU", "CUUI", "NUCLEA", "CAMB"]}