{"sysname": ["IITB", "SJTU", "PKU", "RAC", "IPN", "UFC", "src", "JMGR", "AMU", "UMC", "NTHU", "CUUI", "NUCLEA", "POST", "CAMB"], "counts": [[0.0, 0.019732160186323348, 0.011968687326130555, 0.009316167432231352, 0.009251471825063078, 0.009574949860904444, 0.008798602574885165, 0.009316167432231352, 0.008539820146212072, 0.007181212395678333, 0.007634081645856246, 0.008410428931875526, 0.007698777253024519, 0.006793038752668693, 0.006857734359836967], [0.019732160186323348, 0.0, 0.011903991718962283, 0.01106294882577473, 0.010157210325418903, 0.007957559681697613, 0.010092514718250631, 0.008798602574885165, 0.007634081645856246, 0.009510254253736172, 0.008151646503202433, 0.00731060361001488, 0.007698777253024519, 0.006534256323995601, 0.0069224299670052405], [0.011968687326130555, 0.011903991718962283, 0.0, 0.00970434107524099, 0.01028660153975545, 0.008863298182053439, 0.008733906967716892, 0.008022255288865887, 0.008927993789221713, 0.008216342110370705, 0.009057385003558259, 0.009380863039399626, 0.009963123503914085, 0.007439994824351427, 0.0084751245390438], [0.009316167432231352, 0.01106294882577473, 0.00970434107524099, 0.0, 0.010221905932587178, 0.009380863039399626, 0.009380863039399626, 0.010351297146923724, 0.008345733324707252, 0.009380863039399626, 0.009316167432231352, 0.009122080610726531, 0.00828103771753898, 0.008151646503202433, 0.008604515753380346], [0.009251471825063078, 0.010157210325418903, 0.01028660153975545, 0.010221905932587178, 0.0, 0.00989842789674581, 0.009122080610726531, 0.010027819111082357, 0.010739470789933363, 0.0075046904315197, 0.009186776217894805, 0.00828103771753898, 0.008604515753380346, 0.008345733324707252, 0.0084751245390438], [0.009574949860904444, 0.007957559681697613, 0.008863298182053439, 0.009380863039399626, 0.00989842789674581, 0.0, 0.008216342110370705, 0.00989842789674581, 0.009445558646567898, 0.011192340040111276, 0.008669211360548618, 0.0075046904315197, 0.007634081645856246, 0.010157210325418903, 0.008539820146212072], [0.008798602574885165, 0.010092514718250631, 0.008733906967716892, 0.009380863039399626, 0.009122080610726531, 0.008216342110370705, 0.0, 0.01106294882577473, 0.009833732289577537, 0.008863298182053439, 0.009574949860904444, 0.0084751245390438, 0.008733906967716892, 0.008345733324707252, 0.00828103771753898], [0.009316167432231352, 0.008798602574885165, 0.008022255288865887, 0.010351297146923724, 0.010027819111082357, 0.00989842789674581, 0.01106294882577473, 0.0, 0.009510254253736172, 0.010739470789933363, 0.01067477518276509, 0.008410428931875526, 0.009510254253736172, 0.008022255288865887, 0.007828168467361066], [0.008539820146212072, 0.007634081645856246, 0.008927993789221713, 0.008345733324707252, 0.010739470789933363, 0.009445558646567898, 0.009833732289577537, 0.009510254253736172, 0.0, 0.00989842789674581, 0.010351297146923724, 0.010351297146923724, 0.009639645468072718, 0.009963123503914085, 0.010351297146923724], [0.007181212395678333, 0.009510254253736172, 0.008216342110370705, 0.009380863039399626, 0.0075046904315197, 0.011192340040111276, 0.008863298182053439, 0.010739470789933363, 0.00989842789674581, 0.0, 0.009316167432231352, 0.01145112246878437, 0.010415992754091998, 0.010415992754091998, 0.01106294882577473], [0.007634081645856246, 0.008151646503202433, 0.009057385003558259, 0.009316167432231352, 0.009186776217894805, 0.008669211360548618, 0.009574949860904444, 0.01067477518276509, 0.010351297146923724, 0.009316167432231352, 0.0, 0.011127644432943003, 0.010415992754091998, 0.01028660153975545, 0.010998253218606457], [0.008410428931875526, 0.00731060361001488, 0.009380863039399626, 0.009122080610726531, 0.00828103771753898, 0.0075046904315197, 0.0084751245390438, 0.008410428931875526, 0.010351297146923724, 0.01145112246878437, 0.011127644432943003, 0.0, 0.010933557611438183, 0.011968687326130555, 0.012745034612149835], [0.007698777253024519, 0.007698777253024519, 0.009963123503914085, 0.00828103771753898, 0.008604515753380346, 0.007634081645856246, 0.008733906967716892, 0.009510254253736172, 0.009639645468072718, 0.010415992754091998, 0.010415992754091998, 0.010933557611438183, 0.0, 0.013974251148347027, 0.015591641327553859], [0.006793038752668693, 0.006534256323995601, 0.007439994824351427, 0.008151646503202433, 0.008345733324707252, 0.010157210325418903, 0.008345733324707252, 0.008022255288865887, 0.009963123503914085, 0.010415992754091998, 0.01028660153975545, 0.011968687326130555, 0.013974251148347027, 0.0, 0.01701494468525587], [0.006857734359836967, 0.0069224299670052405, 0.0084751245390438, 0.008604515753380346, 0.0084751245390438, 0.008539820146212072, 0.00828103771753898, 0.007828168467361066, 0.010351297146923724, 0.01106294882577473, 0.010998253218606457, 0.012745034612149835, 0.015591641327553859, 0.01701494468525587, 0.0]]}