{"sysname": ["SOURCE", "UFC", "IITB", "SJTU", "IPN", "RAC", "PKU", "AMU", "UMC", "NTHU", "POST", "CUUI", "NUCLEA", "CAMB"], "counts": [[0.0, 0.01897064366179488, 0.01758867624272373, 0.012688973575107836, 0.011558272959504167, 0.009799405335231794, 0.009631894132920139, 0.009296871728296829, 0.00850119351731647, 0.007538004104024457, 0.007035470497089493, 0.00711922609824532, 0.006867959294777838, 0.0055697474768625155], [0.01897064366179488, 0.0, 0.017044264835210855, 0.01390342979186733, 0.012312073369906612, 0.010971983751413375, 0.011055739352569203, 0.008291804514426902, 0.007956782109803592, 0.0067004480924661835, 0.006239792286109134, 0.006909837095355752, 0.00619791448553122, 0.006449181288998702], [0.01758867624272373, 0.017044264835210855, 0.0, 0.012353951170484526, 0.012144562167594958, 0.011558272959504167, 0.011181372754302943, 0.009087482725407261, 0.007538004104024457, 0.0076636375057581975, 0.006365425687842875, 0.007077348297667406, 0.006784203693622011, 0.006909837095355752], [0.012688973575107836, 0.01390342979186733, 0.012353951170484526, 0.0, 0.014322207797646468, 0.013233384982620713, 0.011265128355458771, 0.00942250513003057, 0.009464382930608485, 0.007621759705180284, 0.009045604924829347, 0.008626826919050212, 0.00745424850286863, 0.008208048913271076], [0.011558272959504167, 0.012312073369906612, 0.012144562167594958, 0.014322207797646468, 0.0, 0.012814606976841576, 0.013526529586666109, 0.009213116127141003, 0.01101386155199129, 0.008878093722517693, 0.009590016332342225, 0.008082415511537334, 0.008584949118472298, 0.008291804514426902], [0.009799405335231794, 0.010971983751413375, 0.011558272959504167, 0.013233384982620713, 0.012814606976841576, 0.0, 0.011642028560659995, 0.011390761757192513, 0.010846350349679635, 0.009548138531764313, 0.00975752753465388, 0.010427572343900498, 0.008961849323673521, 0.010134427739855102], [0.009631894132920139, 0.011055739352569203, 0.011181372754302943, 0.011265128355458771, 0.013526529586666109, 0.011642028560659995, 0.0, 0.011139494953725031, 0.012270195569328698, 0.01067883914736798, 0.010469450144478412, 0.011055739352569203, 0.009715649734075966, 0.009464382930608485], [0.009296871728296829, 0.008291804514426902, 0.009087482725407261, 0.00942250513003057, 0.009213116127141003, 0.011390761757192513, 0.011139494953725031, 0.0, 0.014866619205159345, 0.014322207797646468, 0.012270195569328698, 0.012814606976841576, 0.01160015076008208, 0.011432639557770427], [0.00850119351731647, 0.007956782109803592, 0.007538004104024457, 0.009464382930608485, 0.01101386155199129, 0.010846350349679635, 0.012270195569328698, 0.014866619205159345, 0.0, 0.013233384982620713, 0.013107751580886971, 0.011893295364127476, 0.01067883914736798, 0.01377779639013359], [0.007538004104024457, 0.0067004480924661835, 0.0076636375057581975, 0.007621759705180284, 0.008878093722517693, 0.009548138531764313, 0.01067883914736798, 0.014322207797646468, 0.013233384982620713, 0.0, 0.015159763809204741, 0.015578541814983877, 0.01582980861845136, 0.015369152812094309], [0.007035470497089493, 0.006239792286109134, 0.006365425687842875, 0.009045604924829347, 0.009590016332342225, 0.00975752753465388, 0.010469450144478412, 0.012270195569328698, 0.013107751580886971, 0.015159763809204741, 0.0, 0.015285397210938481, 0.016457975627120064, 0.017295531638678335], [0.00711922609824532, 0.006909837095355752, 0.007077348297667406, 0.008626826919050212, 0.008082415511537334, 0.010427572343900498, 0.011055739352569203, 0.012814606976841576, 0.011893295364127476, 0.015578541814983877, 0.015285397210938481, 0.0, 0.016792998031743372, 0.015997319820763013], [0.006867959294777838, 0.00619791448553122, 0.006784203693622011, 0.00745424850286863, 0.008584949118472298, 0.008961849323673521, 0.009715649734075966, 0.01160015076008208, 0.01067883914736798, 0.01582980861845136, 0.016457975627120064, 0.016792998031743372, 0.0, 0.025210435947904015], [0.0055697474768625155, 0.006449181288998702, 0.006909837095355752, 0.008208048913271076, 0.008291804514426902, 0.010134427739855102, 0.009464382930608485, 0.011432639557770427, 0.01377779639013359, 0.015369152812094309, 0.017295531638678335, 0.015997319820763013, 0.025210435947904015, 0.0]]}