{"counts": [[0.0, 0.01887506305700353, 0.018328569026399864, 0.012863628720363209, 0.011644526652093493, 0.009500588532032958, 0.010677652597948546, 0.008617790482596267, 0.008323524466117371, 0.006726080376660501, 0.006642004371952245, 0.006473852362535732, 0.006936270388431142, 0.0065999663695981165], [0.01887506305700353, 0.0, 0.0177820749957962, 0.012779552715654952, 0.012233058685051286, 0.009878930553220111, 0.009122246510845805, 0.007482764419034807, 0.00899613250378342, 0.007692954430805448, 0.0070623843954935265, 0.008155372456700857, 0.006095510341348579, 0.006726080376660501], [0.018328569026399864, 0.0177820749957962, 0.0, 0.013241970741550362, 0.01172860265680175, 0.010677652597948546, 0.00966874054144947, 0.008491676475533883, 0.008701866487304524, 0.007356650411972423, 0.006642004371952245, 0.00718849840255591, 0.006347738355473348, 0.007020346393139398], [0.012863628720363209, 0.012779552715654952, 0.013241970741550362, 0.0, 0.01530183285690264, 0.012485286699176056, 0.011980830670926517, 0.0097107785438036, 0.009416512527324701, 0.007692954430805448, 0.008239448461409114, 0.0074407264166806795, 0.007819068437867832, 0.00811333445434673], [0.011644526652093493, 0.012233058685051286, 0.01172860265680175, 0.01530183285690264, 0.0, 0.013115856734487978, 0.011770640659155876, 0.009542626534387085, 0.009626702539095342, 0.009122246510845805, 0.008365562468471498, 0.008449638473179755, 0.009500588532032958, 0.009542626534387085], [0.009500588532032958, 0.009878930553220111, 0.010677652597948546, 0.012485286699176056, 0.013115856734487978, 0.0, 0.012989742727425592, 0.01172860265680175, 0.010971918614427442, 0.009878930553220111, 0.00966874054144947, 0.010677652597948546, 0.00966874054144947, 0.010761728602656801], [0.010677652597948546, 0.009122246510845805, 0.00966874054144947, 0.011980830670926517, 0.011770640659155876, 0.012989742727425592, 0.0, 0.013241970741550362, 0.01147637464267698, 0.011560450647385236, 0.009500588532032958, 0.011392298637968723, 0.010887842609719187, 0.009164284513199932], [0.008617790482596267, 0.007482764419034807, 0.008491676475533883, 0.0097107785438036, 0.009542626534387085, 0.01172860265680175, 0.013241970741550362, 0.0, 0.014797376828653102, 0.012989742727425592, 0.01328400874390449, 0.012233058685051286, 0.01172860265680175, 0.011686564654447621], [0.008323524466117371, 0.00899613250378342, 0.008701866487304524, 0.009416512527324701, 0.009626702539095342, 0.010971918614427442, 0.01147637464267698, 0.014797376828653102, 0.0, 0.011896754666218262, 0.01307381873213385, 0.013115856734487978, 0.012022868673280646, 0.012779552715654952], [0.006726080376660501, 0.007692954430805448, 0.007356650411972423, 0.007692954430805448, 0.009122246510845805, 0.009878930553220111, 0.011560450647385236, 0.012989742727425592, 0.011896754666218262, 0.0, 0.016268706911047585, 0.016520934925172356, 0.014965528838069614, 0.014965528838069614], [0.006642004371952245, 0.0070623843954935265, 0.006642004371952245, 0.008239448461409114, 0.008365562468471498, 0.00966874054144947, 0.009500588532032958, 0.01328400874390449, 0.01307381873213385, 0.016268706911047585, 0.0, 0.016016478896922818, 0.016142592903985203, 0.0174878089793173], [0.006473852362535732, 0.008155372456700857, 0.00718849840255591, 0.0074407264166806795, 0.008449638473179755, 0.010677652597948546, 0.011392298637968723, 0.012233058685051286, 0.013115856734487978, 0.016520934925172356, 0.016016478896922818, 0.0, 0.014461072809820077, 0.015385908861610896], [0.006936270388431142, 0.006095510341348579, 0.006347738355473348, 0.007819068437867832, 0.009500588532032958, 0.00966874054144947, 0.010887842609719187, 0.01172860265680175, 0.012022868673280646, 0.014965528838069614, 0.016142592903985203, 0.014461072809820077, 0.0, 0.02408777534891542], [0.0065999663695981165, 0.006726080376660501, 0.007020346393139398, 0.00811333445434673, 0.009542626534387085, 0.010761728602656801, 0.009164284513199932, 0.011686564654447621, 0.012779552715654952, 0.014965528838069614, 0.0174878089793173, 0.015385908861610896, 0.02408777534891542, 0.0]], "sysname": ["SOURCE", "UFC", "IITB", "SJTU", "IPN", "RAC", "PKU", "AMU", "UMC", "NTHU", "POST", "CUUI", "NUCLEA", "CAMB"]}