{"sysname": ["NUCLEA", "SOURCE", "UFC", "IITB", "SJTU", "IPN", "RAC", "PKU", "UMC", "AMU", "CUUI", "NTHU", "POST", "CAMB"], "counts": [[0.0, 0.018783154703908195, 0.01759229186965465, 0.017808812384973477, 0.014290354011042547, 0.01136732705423839, 0.009689293060517483, 0.00974342318934719, 0.009202121901050124, 0.009039731514561005, 0.007902998809137167, 0.008390169968604526, 0.007199307134350979, 0.008065389195626285], [0.018783154703908195, 0.0, 0.014939915556999025, 0.015318826458806972, 0.013045361047959295, 0.010176464219984844, 0.007902998809137167, 0.009310382158709538, 0.007794738551477752, 0.008227779582115406, 0.007199307134350979, 0.006928656490202446, 0.005900184042438021, 0.007524087907329219], [0.01759229186965465, 0.014939915556999025, 0.0, 0.01423622388221284, 0.013316011692107827, 0.008823210999242178, 0.009147991772220417, 0.008498430226263938, 0.008498430226263938, 0.007253437263180686, 0.008931471256901592, 0.00703691674786186, 0.007091046876691567, 0.007794738551477752], [0.017808812384973477, 0.015318826458806972, 0.01423622388221284, 0.0, 0.013099491176789001, 0.008390169968604526, 0.008931471256901592, 0.008931471256901592, 0.008714950741582765, 0.008336039839774819, 0.008065389195626285, 0.007253437263180686, 0.007524087907329219, 0.007740608422648046], [0.014290354011042547, 0.013045361047959295, 0.013316011692107827, 0.013099491176789001, 0.0, 0.010447114864133376, 0.010934286023600736, 0.009797553318176897, 0.007578218036158926, 0.00909386164339071, 0.00990581357583631, 0.00784886868030746, 0.00925625202987983, 0.008552560355093644], [0.01136732705423839, 0.010176464219984844, 0.008823210999242178, 0.008390169968604526, 0.010447114864133376, 0.0, 0.013640792465086067, 0.01120493666774927, 0.012882970661470174, 0.012449929630832522, 0.010663635379452203, 0.01071776550828191, 0.010014073833495724, 0.01120493666774927], [0.009689293060517483, 0.007902998809137167, 0.009147991772220417, 0.008931471256901592, 0.010934286023600736, 0.013640792465086067, 0.0, 0.012287539244343402, 0.010771895637111617, 0.01342427194976724, 0.011150806538919563, 0.011746237956046335, 0.01136732705423839, 0.012071018729024574], [0.00974342318934719, 0.009310382158709538, 0.008498430226263938, 0.008931471256901592, 0.009797553318176897, 0.01120493666774927, 0.012287539244343402, 0.0, 0.013099491176789001, 0.012341669373173108, 0.012341669373173108, 0.011800368084876042, 0.011150806538919563, 0.012341669373173108], [0.009202121901050124, 0.007794738551477752, 0.008498430226263938, 0.008714950741582765, 0.007578218036158926, 0.012882970661470174, 0.010771895637111617, 0.013099491176789001, 0.0, 0.013532532207426654, 0.013965573238064306, 0.014019703366894013, 0.01326188156327812, 0.011475587311897802], [0.009039731514561005, 0.008227779582115406, 0.007253437263180686, 0.008336039839774819, 0.00909386164339071, 0.012449929630832522, 0.01342427194976724, 0.012341669373173108, 0.013532532207426654, 0.0, 0.013153621305618708, 0.011637977698386922, 0.01326188156327812, 0.013478402078596947], [0.007902998809137167, 0.007199307134350979, 0.008931471256901592, 0.008065389195626285, 0.00990581357583631, 0.010663635379452203, 0.011150806538919563, 0.012341669373173108, 0.013965573238064306, 0.013153621305618708, 0.0, 0.014669264912850493, 0.014939915556999025, 0.013749052722745481], [0.008390169968604526, 0.006928656490202446, 0.00703691674786186, 0.007253437263180686, 0.00784886868030746, 0.01071776550828191, 0.011746237956046335, 0.011800368084876042, 0.014019703366894013, 0.011637977698386922, 0.014669264912850493, 0.0, 0.016509689293060518, 0.018837284832737902], [0.007199307134350979, 0.005900184042438021, 0.007091046876691567, 0.007524087907329219, 0.00925625202987983, 0.010014073833495724, 0.01136732705423839, 0.011150806538919563, 0.01326188156327812, 0.01326188156327812, 0.014939915556999025, 0.016509689293060518, 0.0, 0.020461188697629102], [0.008065389195626285, 0.007524087907329219, 0.007794738551477752, 0.007740608422648046, 0.008552560355093644, 0.01120493666774927, 0.012071018729024574, 0.012341669373173108, 0.011475587311897802, 0.013478402078596947, 0.013749052722745481, 0.018837284832737902, 0.020461188697629102, 0.0]]}