{"sysname": ["SOURCE", "UFC", "IITB", "SJTU", "IPN", "RAC", "PKU", "AMU", "UMC", "NTHU", "POST", "CUUI", "NUCLEA", "CAMB"], "counts": [[0.0, 0.019540976507524087, 0.017808812384973477, 0.011313196925408683, 0.011096676410089856, 0.011150806538919563, 0.009202121901050124, 0.009202121901050124, 0.007957128937966872, 0.0068745263613727405, 0.007524087907329219, 0.006658005846053913, 0.006603875717224207, 0.0071451770055212735], [0.019540976507524087, 0.0, 0.018404243802100248, 0.012558189888491935, 0.01120493666774927, 0.010771895637111617, 0.010176464219984844, 0.008877341128071885, 0.0071451770055212735, 0.007091046876691567, 0.006116704557756847, 0.005954314171267728, 0.006603875717224207, 0.00784886868030746], [0.017808812384973477, 0.018404243802100248, 0.0, 0.012666450146151347, 0.011583847569557215, 0.012016888600194868, 0.010988416152430442, 0.008336039839774819, 0.008552560355093644, 0.0073616975208401, 0.006279094944245968, 0.006658005846053913, 0.005954314171267728, 0.00671213597488362], [0.011313196925408683, 0.012558189888491935, 0.012666450146151347, 0.0, 0.0147233950416802, 0.012720580274981054, 0.012882970661470174, 0.010609505250622497, 0.009364512287539244, 0.008823210999242178, 0.008498430226263938, 0.007957128937966872, 0.008011259066796578, 0.008931471256901592], [0.011096676410089856, 0.01120493666774927, 0.011583847569557215, 0.0147233950416802, 0.0, 0.013099491176789001, 0.013316011692107827, 0.010880155894771029, 0.010501244992963083, 0.009147991772220417, 0.009364512287539244, 0.008552560355093644, 0.008011259066796578, 0.009039731514561005], [0.011150806538919563, 0.010771895637111617, 0.012016888600194868, 0.012720580274981054, 0.013099491176789001, 0.0, 0.01326188156327812, 0.011313196925408683, 0.01055537512179279, 0.009797553318176897, 0.008931471256901592, 0.00974342318934719, 0.009689293060517483, 0.008606690483923351], [0.009202121901050124, 0.010176464219984844, 0.010988416152430442, 0.012882970661470174, 0.013316011692107827, 0.01326188156327812, 0.0, 0.011259066796578976, 0.010826025765941324, 0.010826025765941324, 0.011800368084876042, 0.009472772545198658, 0.00990581357583631, 0.008877341128071885], [0.009202121901050124, 0.008877341128071885, 0.008336039839774819, 0.010609505250622497, 0.010880155894771029, 0.011313196925408683, 0.011259066796578976, 0.0, 0.015481216845296093, 0.012666450146151347, 0.011962758471365163, 0.011259066796578976, 0.01261232001732164, 0.011150806538919563], [0.007957128937966872, 0.0071451770055212735, 0.008552560355093644, 0.009364512287539244, 0.010501244992963083, 0.01055537512179279, 0.010826025765941324, 0.015481216845296093, 0.0, 0.014669264912850493, 0.013153621305618708, 0.012449929630832522, 0.012341669373173108, 0.012504059759662229], [0.0068745263613727405, 0.007091046876691567, 0.0073616975208401, 0.008823210999242178, 0.009147991772220417, 0.009797553318176897, 0.010826025765941324, 0.012666450146151347, 0.014669264912850493, 0.0, 0.013749052722745481, 0.015156436072317852, 0.016347298906571398, 0.014506874526361372], [0.007524087907329219, 0.006116704557756847, 0.006279094944245968, 0.008498430226263938, 0.009364512287539244, 0.008931471256901592, 0.011800368084876042, 0.011962758471365163, 0.013153621305618708, 0.013749052722745481, 0.0, 0.017375771354335823, 0.015102305943488145, 0.018620764317419075], [0.006658005846053913, 0.005954314171267728, 0.006658005846053913, 0.007957128937966872, 0.008552560355093644, 0.00974342318934719, 0.009472772545198658, 0.011259066796578976, 0.012449929630832522, 0.015156436072317852, 0.017375771354335823, 0.0, 0.018241853415611128, 0.01775468225614377], [0.006603875717224207, 0.006603875717224207, 0.005954314171267728, 0.008011259066796578, 0.008011259066796578, 0.009689293060517483, 0.00990581357583631, 0.01261232001732164, 0.012341669373173108, 0.016347298906571398, 0.015102305943488145, 0.018241853415611128, 0.0, 0.021652051531882648], [0.0071451770055212735, 0.00784886868030746, 0.00671213597488362, 0.008931471256901592, 0.009039731514561005, 0.008606690483923351, 0.008877341128071885, 0.011150806538919563, 0.012504059759662229, 0.014506874526361372, 0.018620764317419075, 0.01775468225614377, 0.021652051531882648, 0.0]]}