{"sysname": ["SOURCE", "UFC", "IITB", "SJTU", "IPN", "RAC", "PKU", "AMU", "UMC", "NTHU", "POST", "CUUI", "NUCLEA", "CAMB"], "counts": [[0.0, 0.017044264835210855, 0.016792998031743372, 0.014657230202269778, 0.011558272959504167, 0.01055320574563424, 0.00942250513003057, 0.00850119351731647, 0.007956782109803592, 0.007956782109803592, 0.007370492901712802, 0.006532936890154529, 0.007077348297667406, 0.007077348297667406], [0.017044264835210855, 0.0, 0.017379287239834163, 0.013191507182042799, 0.011977050965283304, 0.011097617153147117, 0.011223250554880857, 0.008459315716738558, 0.0077473931069140245, 0.007202981699401147, 0.0067004480924661835, 0.007789270907491938, 0.006281670086687047, 0.006784203693622011], [0.016792998031743372, 0.017379287239834163, 0.0, 0.012814606976841576, 0.012605217973952008, 0.01101386155199129, 0.009799405335231794, 0.009380627329452657, 0.008333682315004816, 0.007202981699401147, 0.007412370702290716, 0.007286737300556975, 0.0066585702918882704, 0.006323547887264961], [0.014657230202269778, 0.013191507182042799, 0.012814606976841576, 0.0, 0.013484651786088195, 0.01273085137568575, 0.010385694543322584, 0.009631894132920139, 0.010260061141588844, 0.008626826919050212, 0.00837556011558273, 0.006909837095355752, 0.007998659910381506, 0.007998659910381506], [0.011558272959504167, 0.011977050965283304, 0.012605217973952008, 0.013484651786088195, 0.0, 0.013526529586666109, 0.012228317768750786, 0.010511327945056326, 0.01021818334101093, 0.01009254993927719, 0.008543071317894384, 0.008961849323673521, 0.008626826919050212, 0.00883621592193978], [0.01055320574563424, 0.011097617153147117, 0.01101386155199129, 0.01273085137568575, 0.013526529586666109, 0.0, 0.012102684367017044, 0.010971983751413375, 0.011809539762971649, 0.01009254993927719, 0.010176305540433016, 0.008543071317894384, 0.008961849323673521, 0.01055320574563424], [0.00942250513003057, 0.011223250554880857, 0.009799405335231794, 0.010385694543322584, 0.012228317768750786, 0.012102684367017044, 0.0, 0.013400896184932367, 0.011390761757192513, 0.01088822815025755, 0.010343816742744672, 0.010469450144478412, 0.01009254993927719, 0.010804472549101721], [0.00850119351731647, 0.008459315716738558, 0.009380627329452657, 0.009631894132920139, 0.010511327945056326, 0.010971983751413375, 0.013400896184932367, 0.0, 0.013149629381464885, 0.012772729176263663, 0.012688973575107836, 0.013023995979731145, 0.01172578416181582, 0.011265128355458771], [0.007956782109803592, 0.0077473931069140245, 0.008333682315004816, 0.010260061141588844, 0.01021818334101093, 0.011809539762971649, 0.011390761757192513, 0.013149629381464885, 0.0, 0.013442773985510281, 0.012102684367017044, 0.01239582897106244, 0.013317140583776541, 0.013149629381464885], [0.007956782109803592, 0.007202981699401147, 0.007202981699401147, 0.008626826919050212, 0.01009254993927719, 0.01009254993927719, 0.01088822815025755, 0.012772729176263663, 0.013442773985510281, 0.0, 0.015117886008626827, 0.013568407387244023, 0.01490849700573726, 0.015285397210938481], [0.007370492901712802, 0.0067004480924661835, 0.007412370702290716, 0.00837556011558273, 0.008543071317894384, 0.010176305540433016, 0.010343816742744672, 0.012688973575107836, 0.012102684367017044, 0.015117886008626827, 0.0, 0.017504920641567903, 0.01562041961556179, 0.016332342225386324], [0.006532936890154529, 0.007789270907491938, 0.007286737300556975, 0.006909837095355752, 0.008961849323673521, 0.008543071317894384, 0.010469450144478412, 0.013023995979731145, 0.01239582897106244, 0.013568407387244023, 0.017504920641567903, 0.0, 0.01721177603752251, 0.017253653838100423], [0.007077348297667406, 0.006281670086687047, 0.0066585702918882704, 0.007998659910381506, 0.008626826919050212, 0.008961849323673521, 0.01009254993927719, 0.01172578416181582, 0.013317140583776541, 0.01490849700573726, 0.01562041961556179, 0.01721177603752251, 0.0, 0.022446501109761714], [0.007077348297667406, 0.006784203693622011, 0.006323547887264961, 0.007998659910381506, 0.00883621592193978, 0.01055320574563424, 0.010804472549101721, 0.011265128355458771, 0.013149629381464885, 0.015285397210938481, 0.016332342225386324, 0.017253653838100423, 0.022446501109761714, 0.0]]}