{"counts": [[0.0, 0.021802419615708092, 0.010739470789933363, 0.010610079575596816, 0.00989842789674581, 0.009186776217894805, 0.009251471825063078, 0.009057385003558259, 0.008216342110370705, 0.0073752992171831535, 0.00711651678851006, 0.007439994824351427, 0.007181212395678333, 0.005887300252312868, 0.007181212395678333], [0.021802419615708092, 0.0, 0.010092514718250631, 0.008539820146212072, 0.010545383968428544, 0.009251471825063078, 0.01028660153975545, 0.0084751245390438, 0.00828103771753898, 0.00731060361001488, 0.007828168467361066, 0.007892864074529339, 0.007698777253024519, 0.00731060361001488, 0.007763472860192793], [0.010739470789933363, 0.010092514718250631, 0.0, 0.010545383968428544, 0.011127644432943003, 0.008927993789221713, 0.009833732289577537, 0.009057385003558259, 0.008863298182053439, 0.009769036682409265, 0.009574949860904444, 0.009574949860904444, 0.0073752992171831535, 0.008927993789221713, 0.007181212395678333], [0.010610079575596816, 0.008539820146212072, 0.010545383968428544, 0.0, 0.01048068836126027, 0.01028660153975545, 0.008863298182053439, 0.009639645468072718, 0.01048068836126027, 0.009963123503914085, 0.009445558646567898, 0.008345733324707252, 0.00711651678851006, 0.008022255288865887, 0.007763472860192793], [0.00989842789674581, 0.010545383968428544, 0.011127644432943003, 0.01048068836126027, 0.0, 0.009057385003558259, 0.008604515753380346, 0.0084751245390438, 0.009122080610726531, 0.0084751245390438, 0.008863298182053439, 0.009057385003558259, 0.008539820146212072, 0.007569386038687973, 0.009510254253736172], [0.009186776217894805, 0.009251471825063078, 0.008927993789221713, 0.01028660153975545, 0.009057385003558259, 0.0, 0.009769036682409265, 0.009251471825063078, 0.009186776217894805, 0.008022255288865887, 0.009445558646567898, 0.008733906967716892, 0.008086950896034159, 0.009186776217894805, 0.0084751245390438], [0.009251471825063078, 0.01028660153975545, 0.009833732289577537, 0.008863298182053439, 0.008604515753380346, 0.009769036682409265, 0.0, 0.010027819111082357, 0.011515818075952642, 0.009769036682409265, 0.008669211360548618, 0.009639645468072718, 0.009574949860904444, 0.008086950896034159, 0.009445558646567898], [0.009057385003558259, 0.0084751245390438, 0.009057385003558259, 0.009639645468072718, 0.0084751245390438, 0.009251471825063078, 0.010027819111082357, 0.0, 0.011386426861616096, 0.008733906967716892, 0.008539820146212072, 0.007634081645856246, 0.008345733324707252, 0.008604515753380346, 0.009186776217894805], [0.008216342110370705, 0.00828103771753898, 0.008863298182053439, 0.01048068836126027, 0.009122080610726531, 0.009186776217894805, 0.011515818075952642, 0.011386426861616096, 0.0, 0.01048068836126027, 0.01048068836126027, 0.008022255288865887, 0.008086950896034159, 0.008216342110370705, 0.009833732289577537], [0.0073752992171831535, 0.00731060361001488, 0.009769036682409265, 0.009963123503914085, 0.0084751245390438, 0.008022255288865887, 0.009769036682409265, 0.008733906967716892, 0.01048068836126027, 0.0, 0.011580513683120916, 0.011386426861616096, 0.011580513683120916, 0.01067477518276509, 0.010415992754091998], [0.00711651678851006, 0.007828168467361066, 0.009574949860904444, 0.009445558646567898, 0.008863298182053439, 0.009445558646567898, 0.008669211360548618, 0.008539820146212072, 0.01048068836126027, 0.011580513683120916, 0.0, 0.010998253218606457, 0.009963123503914085, 0.012098078540467102, 0.009445558646567898], [0.007439994824351427, 0.007892864074529339, 0.009574949860904444, 0.008345733324707252, 0.009057385003558259, 0.008733906967716892, 0.009639645468072718, 0.007634081645856246, 0.008022255288865887, 0.011386426861616096, 0.010998253218606457, 0.0, 0.014879989648702853, 0.010739470789933363, 0.011774600504625737], [0.007181212395678333, 0.007698777253024519, 0.0073752992171831535, 0.00711651678851006, 0.008539820146212072, 0.008086950896034159, 0.009574949860904444, 0.008345733324707252, 0.008086950896034159, 0.011580513683120916, 0.009963123503914085, 0.014879989648702853, 0.0, 0.014750598434366307, 0.01701494468525587], [0.005887300252312868, 0.00731060361001488, 0.008927993789221713, 0.008022255288865887, 0.007569386038687973, 0.009186776217894805, 0.008086950896034159, 0.008604515753380346, 0.008216342110370705, 0.01067477518276509, 0.012098078540467102, 0.010739470789933363, 0.014750598434366307, 0.0, 0.01759720514977033], [0.007181212395678333, 0.007763472860192793, 0.007181212395678333, 0.007763472860192793, 0.009510254253736172, 0.0084751245390438, 0.009445558646567898, 0.009186776217894805, 0.009833732289577537, 0.010415992754091998, 0.009445558646567898, 0.011774600504625737, 0.01701494468525587, 0.01759720514977033, 0.0]], "sysname": ["IITB", "SJTU", "PKU", "RAC", "IPN", "UFC", "AMU", "src", "JMGR", "UMC", "NTHU", "CUUI", "NUCLEA", "POST", "CAMB"]}