{"sysname": ["SOURCE", "UFC", "IITB", "SJTU", "IPN", "RAC", "PKU", "AMU", "UMC", "NTHU", "POST", "CUUI", "NUCLEA", "CAMB"], "counts": [[0.0, 0.018300598852548266, 0.017714309644457474, 0.013023995979731145, 0.011767661962393735, 0.01067883914736798, 0.008919971523095607, 0.009464382930608485, 0.00745424850286863, 0.008124293312115248, 0.007538004104024457, 0.006993592696511579, 0.006156036684953306, 0.0066585702918882704], [0.018300598852548266, 0.0, 0.018509987855437834, 0.012312073369906612, 0.011223250554880857, 0.011097617153147117, 0.009590016332342225, 0.008417437916160644, 0.008082415511537334, 0.007412370702290716, 0.007161103898823234, 0.007496126303446543, 0.007077348297667406, 0.00619791448553122], [0.017714309644457474, 0.018509987855437834, 0.0, 0.012688973575107836, 0.012437706771640354, 0.009213116127141003, 0.010971983751413375, 0.007412370702290716, 0.00942250513003057, 0.007789270907491938, 0.007286737300556975, 0.006239792286109134, 0.007035470497089493, 0.006281670086687047], [0.013023995979731145, 0.012312073369906612, 0.012688973575107836, 0.0, 0.013735918589555677, 0.012018928765861216, 0.011642028560659995, 0.009548138531764313, 0.008794338121361866, 0.008878093722517693, 0.008291804514426902, 0.009548138531764313, 0.00837556011558273, 0.009045604924829347], [0.011767661962393735, 0.011223250554880857, 0.012437706771640354, 0.013735918589555677, 0.0, 0.013400896184932367, 0.01172578416181582, 0.010385694543322584, 0.011223250554880857, 0.009003727124251435, 0.010050672138699276, 0.00791490430922568, 0.007370492901712802, 0.010134427739855102], [0.01067883914736798, 0.011097617153147117, 0.009213116127141003, 0.012018928765861216, 0.013400896184932367, 0.0, 0.013568407387244023, 0.012144562167594958, 0.010427572343900498, 0.010260061141588844, 0.00975752753465388, 0.01088822815025755, 0.008626826919050212, 0.009548138531764313], [0.008919971523095607, 0.009590016332342225, 0.010971983751413375, 0.011642028560659995, 0.01172578416181582, 0.013568407387244023, 0.0, 0.012479584572218268, 0.01160015076008208, 0.011809539762971649, 0.009715649734075966, 0.010846350349679635, 0.011223250554880857, 0.009296871728296829], [0.009464382930608485, 0.008417437916160644, 0.007412370702290716, 0.009548138531764313, 0.010385694543322584, 0.012144562167594958, 0.012479584572218268, 0.0, 0.014866619205159345, 0.012228317768750786, 0.011683906361237908, 0.012186439968172872, 0.01239582897106244, 0.011642028560659995], [0.00745424850286863, 0.008082415511537334, 0.00942250513003057, 0.008794338121361866, 0.011223250554880857, 0.010427572343900498, 0.01160015076008208, 0.014866619205159345, 0.0, 0.014280329997068554, 0.013442773985510281, 0.011683906361237908, 0.01206080656643913, 0.01206080656643913], [0.008124293312115248, 0.007412370702290716, 0.007789270907491938, 0.008878093722517693, 0.009003727124251435, 0.010260061141588844, 0.011809539762971649, 0.012228317768750786, 0.014280329997068554, 0.0, 0.015201641609782655, 0.01469910800284769, 0.013945307592445244, 0.013945307592445244], [0.007538004104024457, 0.007161103898823234, 0.007286737300556975, 0.008291804514426902, 0.010050672138699276, 0.00975752753465388, 0.009715649734075966, 0.011683906361237908, 0.013442773985510281, 0.015201641609782655, 0.0, 0.015704175216717617, 0.014740985803425604, 0.017295531638678335], [0.006993592696511579, 0.007496126303446543, 0.006239792286109134, 0.009548138531764313, 0.00791490430922568, 0.01088822815025755, 0.010846350349679635, 0.012186439968172872, 0.011683906361237908, 0.01469910800284769, 0.015704175216717617, 0.0, 0.016834875832321287, 0.016290464424808408], [0.006156036684953306, 0.007077348297667406, 0.007035470497089493, 0.00837556011558273, 0.007370492901712802, 0.008626826919050212, 0.011223250554880857, 0.01239582897106244, 0.01206080656643913, 0.013945307592445244, 0.014740985803425604, 0.016834875832321287, 0.0, 0.02537794715021567], [0.0066585702918882704, 0.00619791448553122, 0.006281670086687047, 0.009045604924829347, 0.010134427739855102, 0.009548138531764313, 0.009296871728296829, 0.011642028560659995, 0.01206080656643913, 0.013945307592445244, 0.017295531638678335, 0.016290464424808408, 0.02537794715021567, 0.0]]}