{"counts": [[0.0, 0.01866487304523289, 0.019001177064065917, 0.012317134689759543, 0.01147637464267698, 0.009584664536741214, 0.009500588532032958, 0.008491676475533883, 0.008491676475533883, 0.007482764419034807, 0.006894232386077013, 0.0074407264166806795, 0.005969396334286194, 0.0070623843954935265], [0.01866487304523289, 0.0, 0.017697998991087944, 0.012401210694467799, 0.012443248696821927, 0.011602488649739364, 0.009038170506137548, 0.007945182444930216, 0.00790314444257609, 0.006642004371952245, 0.00651589036488986, 0.007146460400201783, 0.0069783083907852695, 0.007356650411972423], [0.019001177064065917, 0.017697998991087944, 0.0, 0.013368084748612745, 0.012905666722717337, 0.010047082562636624, 0.009038170506137548, 0.007566840423743064, 0.008239448461409114, 0.007945182444930216, 0.007104422397847654, 0.006473852362535732, 0.006684042374306373, 0.006810156381368757], [0.012317134689759543, 0.012401210694467799, 0.013368084748612745, 0.0, 0.013704388767445772, 0.012233058685051286, 0.012275096687405415, 0.010425424583823777, 0.009794854548511854, 0.008449638473179755, 0.008365562468471498, 0.008491676475533883, 0.008281486463763242, 0.007314612409618295], [0.01147637464267698, 0.012443248696821927, 0.012905666722717337, 0.013704388767445772, 0.0, 0.012275096687405415, 0.011812678661510005, 0.010677652597948546, 0.011224146628552211, 0.009038170506137548, 0.00790314444257609, 0.009290398520262318, 0.008870018496721036, 0.00899613250378342], [0.009584664536741214, 0.011602488649739364, 0.010047082562636624, 0.012233058685051286, 0.012275096687405415, 0.0, 0.012863628720363209, 0.012191020682697158, 0.01172860265680175, 0.010677652597948546, 0.009794854548511854, 0.010257272574407264, 0.008575752480242138, 0.010047082562636624], [0.009500588532032958, 0.009038170506137548, 0.009038170506137548, 0.012275096687405415, 0.011812678661510005, 0.012863628720363209, 0.0, 0.012905666722717337, 0.012317134689759543, 0.011560450647385236, 0.011098032621489827, 0.00924836051790819, 0.010005044560282495, 0.01147637464267698], [0.008491676475533883, 0.007945182444930216, 0.007566840423743064, 0.010425424583823777, 0.010677652597948546, 0.012191020682697158, 0.012905666722717337, 0.0, 0.01303178072977972, 0.014040692786278796, 0.01235917269211367, 0.012233058685051286, 0.01101395661678157, 0.013199932739196233], [0.008491676475533883, 0.00790314444257609, 0.008239448461409114, 0.009794854548511854, 0.011224146628552211, 0.01172860265680175, 0.012317134689759543, 0.01303178072977972, 0.0, 0.01353623675802926, 0.012191020682697158, 0.011224146628552211, 0.013578274760383386, 0.012317134689759543], [0.007482764419034807, 0.006642004371952245, 0.007945182444930216, 0.008449638473179755, 0.009038170506137548, 0.010677652597948546, 0.011560450647385236, 0.014040692786278796, 0.01353623675802926, 0.0, 0.015049604842777871, 0.015175718849840255, 0.013872540776862284, 0.013368084748612745], [0.006894232386077013, 0.00651589036488986, 0.007104422397847654, 0.008365562468471498, 0.00790314444257609, 0.009794854548511854, 0.011098032621489827, 0.01235917269211367, 0.012191020682697158, 0.015049604842777871, 0.0, 0.016815200941651252, 0.016815200941651252, 0.016773162939297124], [0.0074407264166806795, 0.007146460400201783, 0.006473852362535732, 0.008491676475533883, 0.009290398520262318, 0.010257272574407264, 0.00924836051790819, 0.012233058685051286, 0.011224146628552211, 0.015175718849840255, 0.016815200941651252, 0.0, 0.017697998991087944, 0.016605010929880613], [0.005969396334286194, 0.0069783083907852695, 0.006684042374306373, 0.008281486463763242, 0.008870018496721036, 0.008575752480242138, 0.010005044560282495, 0.01101395661678157, 0.013578274760383386, 0.013872540776862284, 0.016815200941651252, 0.017697998991087944, 0.0, 0.02270052127122919], [0.0070623843954935265, 0.007356650411972423, 0.006810156381368757, 0.007314612409618295, 0.00899613250378342, 0.010047082562636624, 0.01147637464267698, 0.013199932739196233, 0.012317134689759543, 0.013368084748612745, 0.016773162939297124, 0.016605010929880613, 0.02270052127122919, 0.0]], "sysname": ["SOURCE", "UFC", "IITB", "SJTU", "IPN", "RAC", "PKU", "AMU", "UMC", "NTHU", "CUUI", "POST", "NUCLEA", "CAMB"]}