{"sysname": ["PKU", "AMU", "RAC", "JMGR", "IITB", "UFC", "src", "IPN", "NUCLEA", "NTHU", "CUUI", "UMC", "SJTU", "CAMB", "POST"], "counts": [[0.0, 0.012486252183476742, 0.00989842789674581, 0.00970434107524099, 0.009833732289577537, 0.010739470789933363, 0.008733906967716892, 0.008604515753380346, 0.009122080610726531, 0.008992689396389985, 0.0084751245390438, 0.008798602574885165, 0.008539820146212072, 0.008798602574885165, 0.008216342110370705], [0.012486252183476742, 0.0, 0.012615643397813289, 0.01086886200426991, 0.008863298182053439, 0.009445558646567898, 0.008669211360548618, 0.008863298182053439, 0.00970434107524099, 0.0084751245390438, 0.008022255288865887, 0.008863298182053439, 0.008345733324707252, 0.009445558646567898, 0.007763472860192793], [0.00989842789674581, 0.012615643397813289, 0.0, 0.011192340040111276, 0.0084751245390438, 0.009380863039399626, 0.008927993789221713, 0.008669211360548618, 0.010351297146923724, 0.008669211360548618, 0.009122080610726531, 0.008992689396389985, 0.007569386038687973, 0.008992689396389985, 0.008151646503202433], [0.00970434107524099, 0.01086886200426991, 0.011192340040111276, 0.0, 0.008927993789221713, 0.009186776217894805, 0.009510254253736172, 0.01048068836126027, 0.009122080610726531, 0.009574949860904444, 0.00828103771753898, 0.008798602574885165, 0.007892864074529339, 0.008992689396389985, 0.009963123503914085], [0.009833732289577537, 0.008863298182053439, 0.0084751245390438, 0.008927993789221713, 0.0, 0.008863298182053439, 0.009316167432231352, 0.009186776217894805, 0.01086886200426991, 0.009316167432231352, 0.009574949860904444, 0.008863298182053439, 0.007828168467361066, 0.009122080610726531, 0.009380863039399626], [0.010739470789933363, 0.009445558646567898, 0.009380863039399626, 0.009186776217894805, 0.008863298182053439, 0.0, 0.009057385003558259, 0.008604515753380346, 0.008863298182053439, 0.007634081645856246, 0.009316167432231352, 0.008216342110370705, 0.009057385003558259, 0.009251471825063078, 0.01028660153975545], [0.008733906967716892, 0.008669211360548618, 0.008927993789221713, 0.009510254253736172, 0.009316167432231352, 0.009057385003558259, 0.0, 0.0075046904315197, 0.012098078540467102, 0.009769036682409265, 0.009316167432231352, 0.01048068836126027, 0.008604515753380346, 0.008410428931875526, 0.008151646503202433], [0.008604515753380346, 0.008863298182053439, 0.008669211360548618, 0.01048068836126027, 0.009186776217894805, 0.008604515753380346, 0.0075046904315197, 0.0, 0.00989842789674581, 0.009186776217894805, 0.009833732289577537, 0.008798602574885165, 0.010027819111082357, 0.01086886200426991, 0.009186776217894805], [0.009122080610726531, 0.00970434107524099, 0.010351297146923724, 0.009122080610726531, 0.01086886200426991, 0.008863298182053439, 0.012098078540467102, 0.00989842789674581, 0.0, 0.00970434107524099, 0.011515818075952642, 0.00989842789674581, 0.008733906967716892, 0.011321731254447824, 0.009833732289577537], [0.008992689396389985, 0.0084751245390438, 0.008669211360548618, 0.009574949860904444, 0.009316167432231352, 0.007634081645856246, 0.009769036682409265, 0.009186776217894805, 0.00970434107524099, 0.0, 0.010610079575596816, 0.010351297146923724, 0.009833732289577537, 0.010027819111082357, 0.010933557611438183], [0.0084751245390438, 0.008022255288865887, 0.009122080610726531, 0.00828103771753898, 0.009574949860904444, 0.009316167432231352, 0.009316167432231352, 0.009833732289577537, 0.011515818075952642, 0.010610079575596816, 0.0, 0.011645209290289189, 0.010157210325418903, 0.010545383968428544, 0.01125703564727955], [0.008798602574885165, 0.008863298182053439, 0.008992689396389985, 0.008798602574885165, 0.008863298182053439, 0.008216342110370705, 0.01048068836126027, 0.008798602574885165, 0.00989842789674581, 0.010351297146923724, 0.011645209290289189, 0.0, 0.011709904897457463, 0.010157210325418903, 0.011515818075952642], [0.008539820146212072, 0.008345733324707252, 0.007569386038687973, 0.007892864074529339, 0.007828168467361066, 0.009057385003558259, 0.008604515753380346, 0.010027819111082357, 0.008733906967716892, 0.009833732289577537, 0.010157210325418903, 0.011709904897457463, 0.0, 0.012486252183476742, 0.01125703564727955], [0.008798602574885165, 0.009445558646567898, 0.008992689396389985, 0.008992689396389985, 0.009122080610726531, 0.009251471825063078, 0.008410428931875526, 0.01086886200426991, 0.011321731254447824, 0.010027819111082357, 0.010545383968428544, 0.010157210325418903, 0.012486252183476742, 0.0, 0.011645209290289189], [0.008216342110370705, 0.007763472860192793, 0.008151646503202433, 0.009963123503914085, 0.009380863039399626, 0.01028660153975545, 0.008151646503202433, 0.009186776217894805, 0.009833732289577537, 0.010933557611438183, 0.01125703564727955, 0.011515818075952642, 0.01125703564727955, 0.011645209290289189, 0.0]]}