{"sysname": ["SOURCE", "UFC", "IITB", "SJTU", "IPN", "RAC", "PKU", "AMU", "UMC", "NTHU", "POST", "CUUI", "NUCLEA", "CAMB"], "counts": [[0.0, 0.0177980652456133, 0.017714309644457474, 0.011851417563549562, 0.010720716947945894, 0.010636961346790066, 0.01009254993927719, 0.009506260731186399, 0.008584949118472298, 0.00791490430922568, 0.007202981699401147, 0.006742325893044097, 0.0066166924913103565, 0.007202981699401147], [0.0177980652456133, 0.0, 0.018468110054859918, 0.013233384982620713, 0.01239582897106244, 0.01021818334101093, 0.009171238326563089, 0.009003727124251435, 0.008082415511537334, 0.00619791448553122, 0.007202981699401147, 0.007328615101134889, 0.007035470497089493, 0.006826081494199924], [0.017714309644457474, 0.018468110054859918, 0.0, 0.012186439968172872, 0.010930105950835461, 0.010301938942166758, 0.008794338121361866, 0.009296871728296829, 0.008919971523095607, 0.007496126303446543, 0.007496126303446543, 0.00745424850286863, 0.006449181288998702, 0.007873026508647766], [0.011851417563549562, 0.013233384982620713, 0.012186439968172872, 0.0, 0.013819674190711504, 0.012772729176263663, 0.01206080656643913, 0.01101386155199129, 0.009966916537543448, 0.00837556011558273, 0.008794338121361866, 0.00871058252020604, 0.007789270907491938, 0.007286737300556975], [0.010720716947945894, 0.01239582897106244, 0.010930105950835461, 0.013819674190711504, 0.0, 0.012437706771640354, 0.013275262783198627, 0.010846350349679635, 0.00988316093638762, 0.00988316093638762, 0.009548138531764313, 0.008543071317894384, 0.009003727124251435, 0.009003727124251435], [0.010636961346790066, 0.01021818334101093, 0.010301938942166758, 0.012772729176263663, 0.012437706771640354, 0.0, 0.014740985803425604, 0.011223250554880857, 0.010846350349679635, 0.01067883914736798, 0.009631894132920139, 0.009213116127141003, 0.009548138531764313, 0.008878093722517693], [0.01009254993927719, 0.009171238326563089, 0.008794338121361866, 0.01206080656643913, 0.013275262783198627, 0.014740985803425604, 0.0, 0.012772729176263663, 0.011265128355458771, 0.010511327945056326, 0.01021818334101093, 0.010176305540433016, 0.009338749528874743, 0.01021818334101093], [0.009506260731186399, 0.009003727124251435, 0.009296871728296829, 0.01101386155199129, 0.010846350349679635, 0.011223250554880857, 0.012772729176263663, 0.0, 0.014029063193601072, 0.012437706771640354, 0.011642028560659995, 0.011307006156036685, 0.010008794338121362, 0.011683906361237908], [0.008584949118472298, 0.008082415511537334, 0.008919971523095607, 0.009966916537543448, 0.00988316093638762, 0.010846350349679635, 0.011265128355458771, 0.014029063193601072, 0.0, 0.013400896184932367, 0.011893295364127476, 0.011390761757192513, 0.013191507182042799, 0.014029063193601072], [0.00791490430922568, 0.00619791448553122, 0.007496126303446543, 0.00837556011558273, 0.00988316093638762, 0.01067883914736798, 0.010511327945056326, 0.012437706771640354, 0.013400896184932367, 0.0, 0.015494786213828049, 0.01562041961556179, 0.015411030612672223, 0.014280329997068554], [0.007202981699401147, 0.007202981699401147, 0.007496126303446543, 0.008794338121361866, 0.009548138531764313, 0.009631894132920139, 0.01021818334101093, 0.011642028560659995, 0.011893295364127476, 0.015494786213828049, 0.0, 0.016792998031743372, 0.014950374806315172, 0.01662548682943172], [0.006742325893044097, 0.007328615101134889, 0.00745424850286863, 0.00871058252020604, 0.008543071317894384, 0.009213116127141003, 0.010176305540433016, 0.011307006156036685, 0.011390761757192513, 0.01562041961556179, 0.016792998031743372, 0.0, 0.017881820846769127, 0.01700238703463294], [0.0066166924913103565, 0.007035470497089493, 0.006449181288998702, 0.007789270907491938, 0.009003727124251435, 0.009548138531764313, 0.009338749528874743, 0.010008794338121362, 0.013191507182042799, 0.015411030612672223, 0.014950374806315172, 0.017881820846769127, 0.0, 0.023702835127099125], [0.007202981699401147, 0.006826081494199924, 0.007873026508647766, 0.007286737300556975, 0.009003727124251435, 0.008878093722517693, 0.01021818334101093, 0.011683906361237908, 0.014029063193601072, 0.014280329997068554, 0.01662548682943172, 0.01700238703463294, 0.023702835127099125, 0.0]]}