{"counts": [[0.0, 0.02134955036553018, 0.010933557611438183, 0.009963123503914085, 0.01048068836126027, 0.008733906967716892, 0.008992689396389985, 0.008539820146212072, 0.008604515753380346, 0.007892864074529339, 0.008345733324707252, 0.007698777253024519, 0.0064048651096590544, 0.006598951931163874, 0.006469560716827328], [0.02134955036553018, 0.0, 0.010221905932587178, 0.011127644432943003, 0.010933557611438183, 0.0084751245390438, 0.008669211360548618, 0.008669211360548618, 0.00970434107524099, 0.007698777253024519, 0.0069224299670052405, 0.007181212395678333, 0.007245908002846606, 0.006857734359836967, 0.007828168467361066], [0.010933557611438183, 0.010221905932587178, 0.0, 0.012356860969140196, 0.009639645468072718, 0.009380863039399626, 0.009510254253736172, 0.010157210325418903, 0.008992689396389985, 0.009445558646567898, 0.00828103771753898, 0.0084751245390438, 0.008733906967716892, 0.007957559681697613, 0.006469560716827328], [0.009963123503914085, 0.011127644432943003, 0.012356860969140196, 0.0, 0.010027819111082357, 0.008604515753380346, 0.010221905932587178, 0.00989842789674581, 0.008992689396389985, 0.008410428931875526, 0.00989842789674581, 0.008345733324707252, 0.007245908002846606, 0.007245908002846606, 0.008798602574885165], [0.01048068836126027, 0.010933557611438183, 0.009639645468072718, 0.010027819111082357, 0.0, 0.009251471825063078, 0.010092514718250631, 0.009574949860904444, 0.008086950896034159, 0.010092514718250631, 0.009251471825063078, 0.007828168467361066, 0.008086950896034159, 0.009057385003558259, 0.007763472860192793], [0.008733906967716892, 0.0084751245390438, 0.009380863039399626, 0.008604515753380346, 0.009251471825063078, 0.0, 0.010092514718250631, 0.01028660153975545, 0.009510254253736172, 0.008669211360548618, 0.008992689396389985, 0.008539820146212072, 0.009445558646567898, 0.008863298182053439, 0.008216342110370705], [0.008992689396389985, 0.008669211360548618, 0.009510254253736172, 0.010221905932587178, 0.010092514718250631, 0.010092514718250631, 0.0, 0.009380863039399626, 0.010415992754091998, 0.009380863039399626, 0.01048068836126027, 0.007828168467361066, 0.009574949860904444, 0.009122080610726531, 0.008151646503202433], [0.008539820146212072, 0.008669211360548618, 0.010157210325418903, 0.00989842789674581, 0.009574949860904444, 0.01028660153975545, 0.009380863039399626, 0.0, 0.008798602574885165, 0.009380863039399626, 0.010027819111082357, 0.008927993789221713, 0.008927993789221713, 0.009510254253736172, 0.010092514718250631], [0.008604515753380346, 0.00970434107524099, 0.008992689396389985, 0.008992689396389985, 0.008086950896034159, 0.009510254253736172, 0.010415992754091998, 0.008798602574885165, 0.0, 0.00989842789674581, 0.008539820146212072, 0.009769036682409265, 0.008410428931875526, 0.008086950896034159, 0.009316167432231352], [0.007892864074529339, 0.007698777253024519, 0.009445558646567898, 0.008410428931875526, 0.010092514718250631, 0.008669211360548618, 0.009380863039399626, 0.009380863039399626, 0.00989842789674581, 0.0, 0.012874425826486381, 0.009769036682409265, 0.01086886200426991, 0.009769036682409265, 0.011580513683120916], [0.008345733324707252, 0.0069224299670052405, 0.00828103771753898, 0.00989842789674581, 0.009251471825063078, 0.008992689396389985, 0.01048068836126027, 0.010027819111082357, 0.008539820146212072, 0.012874425826486381, 0.0, 0.010415992754091998, 0.008863298182053439, 0.010157210325418903, 0.011192340040111276], [0.007698777253024519, 0.007181212395678333, 0.0084751245390438, 0.008345733324707252, 0.007828168467361066, 0.008539820146212072, 0.007828168467361066, 0.008927993789221713, 0.009769036682409265, 0.009769036682409265, 0.010415992754091998, 0.0, 0.0140389467555153, 0.013068512647991202, 0.014103642362683574], [0.0064048651096590544, 0.007245908002846606, 0.008733906967716892, 0.007245908002846606, 0.008086950896034159, 0.009445558646567898, 0.009574949860904444, 0.008927993789221713, 0.008410428931875526, 0.01086886200426991, 0.008863298182053439, 0.0140389467555153, 0.0, 0.015656336934722133, 0.016691466649414503], [0.006598951931163874, 0.006857734359836967, 0.007957559681697613, 0.007245908002846606, 0.009057385003558259, 0.008863298182053439, 0.009122080610726531, 0.009510254253736172, 0.008086950896034159, 0.009769036682409265, 0.010157210325418903, 0.013068512647991202, 0.015656336934722133, 0.0, 0.015591641327553859], [0.006469560716827328, 0.007828168467361066, 0.006469560716827328, 0.008798602574885165, 0.007763472860192793, 0.008216342110370705, 0.008151646503202433, 0.010092514718250631, 0.009316167432231352, 0.011580513683120916, 0.011192340040111276, 0.014103642362683574, 0.016691466649414503, 0.015591641327553859, 0.0]], "sysname": ["IITB", "SJTU", "PKU", "RAC", "IPN", "UFC", "JMGR", "AMU", "src", "UMC", "NTHU", "CUUI", "NUCLEA", "POST", "CAMB"]}