{"counts": [[0.0, 0.017379287239834163, 0.017923698647347042, 0.011977050965283304, 0.011348883956614599, 0.011474517358348339, 0.01101386155199129, 0.008584949118472298, 0.00791490430922568, 0.006784203693622011, 0.007496126303446543, 0.007202981699401147, 0.006784203693622011, 0.006239792286109134], [0.017379287239834163, 0.0, 0.017295531638678335, 0.012102684367017044, 0.010720716947945894, 0.011348883956614599, 0.010636961346790066, 0.00804053771095942, 0.008668704719628125, 0.007873026508647766, 0.008166171112693162, 0.006742325893044097, 0.006574814690732443, 0.007412370702290716], [0.017923698647347042, 0.017295531638678335, 0.0, 0.012270195569328698, 0.01101386155199129, 0.010762594748523808, 0.010469450144478412, 0.009045604924829347, 0.006574814690732443, 0.0077473931069140245, 0.008208048913271076, 0.0075798819046023706, 0.006993592696511579, 0.007244859499979061], [0.011977050965283304, 0.012102684367017044, 0.012270195569328698, 0.0, 0.014029063193601072, 0.013359018384354453, 0.012312073369906612, 0.01067883914736798, 0.009631894132920139, 0.00837556011558273, 0.008249926713848988, 0.007956782109803592, 0.008752460320783952, 0.008668704719628125], [0.011348883956614599, 0.010720716947945894, 0.01101386155199129, 0.014029063193601072, 0.0, 0.014070940994178986, 0.013191507182042799, 0.012437706771640354, 0.011055739352569203, 0.009087482725407261, 0.008333682315004816, 0.00850119351731647, 0.0077473931069140245, 0.008668704719628125], [0.011474517358348339, 0.011348883956614599, 0.010762594748523808, 0.013359018384354453, 0.014070940994178986, 0.0, 0.012772729176263663, 0.010762594748523808, 0.01101386155199129, 0.009548138531764313, 0.00988316093638762, 0.007831148708069852, 0.008291804514426902, 0.010008794338121362], [0.01101386155199129, 0.010636961346790066, 0.010469450144478412, 0.012312073369906612, 0.013191507182042799, 0.012772729176263663, 0.0, 0.011767661962393735, 0.01273085137568575, 0.008794338121361866, 0.009464382930608485, 0.009506260731186399, 0.008919971523095607, 0.01101386155199129], [0.008584949118472298, 0.00804053771095942, 0.009045604924829347, 0.01067883914736798, 0.012437706771640354, 0.010762594748523808, 0.011767661962393735, 0.0, 0.013065873780309057, 0.01252146237279618, 0.012228317768750786, 0.01273085137568575, 0.010762594748523808, 0.012605217973952008], [0.00791490430922568, 0.008668704719628125, 0.006574814690732443, 0.009631894132920139, 0.011055739352569203, 0.01101386155199129, 0.01273085137568575, 0.013065873780309057, 0.0, 0.013359018384354453, 0.012982118179153231, 0.013568407387244023, 0.013065873780309057, 0.011977050965283304], [0.006784203693622011, 0.007873026508647766, 0.0077473931069140245, 0.00837556011558273, 0.009087482725407261, 0.009548138531764313, 0.008794338121361866, 0.01252146237279618, 0.013359018384354453, 0.0, 0.01641609782654215, 0.015076008208048913, 0.01721177603752251, 0.014531596800536036], [0.007496126303446543, 0.008166171112693162, 0.008208048913271076, 0.008249926713848988, 0.008333682315004816, 0.00988316093638762, 0.009464382930608485, 0.012228317768750786, 0.012982118179153231, 0.01641609782654215, 0.0, 0.01582980861845136, 0.015159763809204741, 0.015285397210938481], [0.007202981699401147, 0.006742325893044097, 0.0075798819046023706, 0.007956782109803592, 0.00850119351731647, 0.007831148708069852, 0.009506260731186399, 0.01273085137568575, 0.013568407387244023, 0.015076008208048913, 0.01582980861845136, 0.0, 0.017839943046191215, 0.01767243184387956], [0.006784203693622011, 0.006574814690732443, 0.006993592696511579, 0.008752460320783952, 0.0077473931069140245, 0.008291804514426902, 0.008919971523095607, 0.010762594748523808, 0.013065873780309057, 0.01721177603752251, 0.015159763809204741, 0.017839943046191215, 0.0, 0.02307466811843042], [0.006239792286109134, 0.007412370702290716, 0.007244859499979061, 0.008668704719628125, 0.008668704719628125, 0.010008794338121362, 0.01101386155199129, 0.012605217973952008, 0.011977050965283304, 0.014531596800536036, 0.015285397210938481, 0.01767243184387956, 0.02307466811843042, 0.0]], "sysname": ["SOURCE", "UFC", "IITB", "SJTU", "IPN", "RAC", "PKU", "AMU", "UMC", "NTHU", "POST", "CUUI", "NUCLEA", "CAMB"]}