{"sysname": ["IITB", "SJTU", "PKU", "RAC", "IPN", "UFC", "JMGR", "AMU", "src", "NTHU", "UMC", "CUUI", "NUCLEA", "POST", "CAMB"], "counts": [[0.0, 0.021155463544025362, 0.011386426861616096, 0.009769036682409265, 0.00970434107524099, 0.009186776217894805, 0.008798602574885165, 0.008733906967716892, 0.009380863039399626, 0.007569386038687973, 0.007828168467361066, 0.0064048651096590544, 0.006469560716827328, 0.00711651678851006, 0.006987125574173514], [0.021155463544025362, 0.0, 0.01125703564727955, 0.010545383968428544, 0.00989842789674581, 0.007634081645856246, 0.008539820146212072, 0.009833732289577537, 0.008798602574885165, 0.006340169502490781, 0.007957559681697613, 0.009057385003558259, 0.008022255288865887, 0.007439994824351427, 0.007245908002846606], [0.011386426861616096, 0.01125703564727955, 0.0, 0.010998253218606457, 0.010415992754091998, 0.009186776217894805, 0.010610079575596816, 0.008927993789221713, 0.008669211360548618, 0.009380863039399626, 0.00828103771753898, 0.008410428931875526, 0.007181212395678333, 0.008151646503202433, 0.007828168467361066], [0.009769036682409265, 0.010545383968428544, 0.010998253218606457, 0.0, 0.010157210325418903, 0.00989842789674581, 0.009769036682409265, 0.009380863039399626, 0.008669211360548618, 0.008410428931875526, 0.010027819111082357, 0.008216342110370705, 0.008151646503202433, 0.007763472860192793, 0.008733906967716892], [0.00970434107524099, 0.00989842789674581, 0.010415992754091998, 0.010157210325418903, 0.0, 0.009833732289577537, 0.009833732289577537, 0.00989842789674581, 0.008604515753380346, 0.008151646503202433, 0.008604515753380346, 0.01028660153975545, 0.008669211360548618, 0.00828103771753898, 0.007569386038687973], [0.009186776217894805, 0.007634081645856246, 0.009186776217894805, 0.00989842789674581, 0.009833732289577537, 0.0, 0.008992689396389985, 0.00989842789674581, 0.009769036682409265, 0.008216342110370705, 0.009122080610726531, 0.008151646503202433, 0.008151646503202433, 0.009251471825063078, 0.008669211360548618], [0.008798602574885165, 0.008539820146212072, 0.010610079575596816, 0.009769036682409265, 0.009833732289577537, 0.008992689396389985, 0.0, 0.010157210325418903, 0.00989842789674581, 0.009833732289577537, 0.008798602574885165, 0.009122080610726531, 0.01048068836126027, 0.009316167432231352, 0.008927993789221713], [0.008733906967716892, 0.009833732289577537, 0.008927993789221713, 0.009380863039399626, 0.00989842789674581, 0.00989842789674581, 0.010157210325418903, 0.0, 0.010415992754091998, 0.009833732289577537, 0.010027819111082357, 0.008927993789221713, 0.008539820146212072, 0.008216342110370705, 0.009510254253736172], [0.009380863039399626, 0.008798602574885165, 0.008669211360548618, 0.008669211360548618, 0.008604515753380346, 0.009769036682409265, 0.00989842789674581, 0.010415992754091998, 0.0, 0.009833732289577537, 0.010027819111082357, 0.008733906967716892, 0.00828103771753898, 0.008345733324707252, 0.00828103771753898], [0.007569386038687973, 0.006340169502490781, 0.009380863039399626, 0.008410428931875526, 0.008151646503202433, 0.008216342110370705, 0.009833732289577537, 0.009833732289577537, 0.009833732289577537, 0.0, 0.012292165361971922, 0.010157210325418903, 0.011127644432943003, 0.01145112246878437, 0.01222746975480365], [0.007828168467361066, 0.007957559681697613, 0.00828103771753898, 0.010027819111082357, 0.008604515753380346, 0.009122080610726531, 0.008798602574885165, 0.010027819111082357, 0.010027819111082357, 0.012292165361971922, 0.0, 0.01048068836126027, 0.010157210325418903, 0.009380863039399626, 0.011839296111794009], [0.0064048651096590544, 0.009057385003558259, 0.008410428931875526, 0.008216342110370705, 0.01028660153975545, 0.008151646503202433, 0.009122080610726531, 0.008927993789221713, 0.008733906967716892, 0.010157210325418903, 0.01048068836126027, 0.0, 0.014297729184188394, 0.011774600504625737, 0.01203338293329883], [0.006469560716827328, 0.008022255288865887, 0.007181212395678333, 0.008151646503202433, 0.008669211360548618, 0.008151646503202433, 0.01048068836126027, 0.008539820146212072, 0.00828103771753898, 0.011127644432943003, 0.010157210325418903, 0.014297729184188394, 0.0, 0.015332858898880766, 0.015526945720385587], [0.00711651678851006, 0.007439994824351427, 0.008151646503202433, 0.007763472860192793, 0.00828103771753898, 0.009251471825063078, 0.009316167432231352, 0.008216342110370705, 0.008345733324707252, 0.01145112246878437, 0.009380863039399626, 0.011774600504625737, 0.015332858898880766, 0.0, 0.016173901792068318], [0.006987125574173514, 0.007245908002846606, 0.007828168467361066, 0.008733906967716892, 0.007569386038687973, 0.008669211360548618, 0.008927993789221713, 0.009510254253736172, 0.00828103771753898, 0.01222746975480365, 0.011839296111794009, 0.01203338293329883, 0.015526945720385587, 0.016173901792068318, 0.0]]}