{"sysname": ["SOURCE", "UFC", "IITB", "SJTU", "IPN", "RAC", "PKU", "AMU", "UMC", "NTHU", "POST", "CUUI", "NUCLEA", "CAMB"], "counts": [[0.0, 0.0177820749957962, 0.016941314948713638, 0.011518412645031109, 0.011938792668572389, 0.010173196569699007, 0.010425424583823777, 0.009038170506137548, 0.009290398520262318, 0.006936270388431142, 0.007272574407264167, 0.007819068437867832, 0.007146460400201783, 0.0065999663695981165], [0.0177820749957962, 0.0, 0.018748949049941146, 0.012863628720363209, 0.011854716663864133, 0.010677652597948546, 0.009542626534387085, 0.008155372456700857, 0.007230536404910039, 0.008659828484950395, 0.0069783083907852695, 0.007272574407264167, 0.006684042374306373, 0.006137548343702707], [0.016941314948713638, 0.018748949049941146, 0.0, 0.013115856734487978, 0.012527324701530184, 0.010299310576761393, 0.010761728602656801, 0.009038170506137548, 0.007734992433159576, 0.007314612409618295, 0.007524802421388936, 0.006137548343702707, 0.0074407264166806795, 0.005506978308390785], [0.011518412645031109, 0.012863628720363209, 0.013115856734487978, 0.0, 0.012401210694467799, 0.011938792668572389, 0.011686564654447621, 0.00992096855557424, 0.009626702539095342, 0.009416512527324701, 0.00924836051790819, 0.009164284513199932, 0.00811333445434673, 0.008954094501429291], [0.011938792668572389, 0.011854716663864133, 0.012527324701530184, 0.012401210694467799, 0.0, 0.013241970741550362, 0.012275096687405415, 0.011182108626198083, 0.009836892550865983, 0.009794854548511854, 0.008659828484950395, 0.008870018496721036, 0.008659828484950395, 0.00853371447788801], [0.010173196569699007, 0.010677652597948546, 0.010299310576761393, 0.011938792668572389, 0.013241970741550362, 0.0, 0.014503110812174206, 0.010509500588532034, 0.011854716663864133, 0.00966874054144947, 0.009542626534387085, 0.009332436522616444, 0.01055153859088616, 0.008281486463763242], [0.010425424583823777, 0.009542626534387085, 0.010761728602656801, 0.011686564654447621, 0.012275096687405415, 0.014503110812174206, 0.0, 0.011980830670926517, 0.01126618463090634, 0.01034134857911552, 0.010173196569699007, 0.0097107785438036, 0.009164284513199932, 0.011055994619135699], [0.009038170506137548, 0.008155372456700857, 0.009038170506137548, 0.00992096855557424, 0.011182108626198083, 0.010509500588532034, 0.011980830670926517, 0.0, 0.014713300823944847, 0.012737514713300825, 0.012022868673280646, 0.012275096687405415, 0.011350260635614595, 0.012106944677988903], [0.009290398520262318, 0.007230536404910039, 0.007734992433159576, 0.009626702539095342, 0.009836892550865983, 0.011854716663864133, 0.01126618463090634, 0.014713300823944847, 0.0, 0.012317134689759543, 0.013578274760383386, 0.012695476710946696, 0.012275096687405415, 0.013788464772154027], [0.006936270388431142, 0.008659828484950395, 0.007314612409618295, 0.009416512527324701, 0.009794854548511854, 0.00966874054144947, 0.01034134857911552, 0.012737514713300825, 0.012317134689759543, 0.0, 0.015680174878089793, 0.014334958802757694, 0.014292920800403565, 0.016100554901631075], [0.007272574407264167, 0.0069783083907852695, 0.007524802421388936, 0.00924836051790819, 0.008659828484950395, 0.009542626534387085, 0.010173196569699007, 0.012022868673280646, 0.013578274760383386, 0.015680174878089793, 0.0, 0.01622666890869346, 0.015133680847486128, 0.01597444089456869], [0.007819068437867832, 0.007272574407264167, 0.006137548343702707, 0.009164284513199932, 0.008870018496721036, 0.009332436522616444, 0.0097107785438036, 0.012275096687405415, 0.012695476710946696, 0.014334958802757694, 0.01622666890869346, 0.0, 0.016100554901631075, 0.017193542962838405], [0.007146460400201783, 0.006684042374306373, 0.0074407264166806795, 0.00811333445434673, 0.008659828484950395, 0.01055153859088616, 0.009164284513199932, 0.011350260635614595, 0.012275096687405415, 0.014292920800403565, 0.015133680847486128, 0.016100554901631075, 0.0, 0.02455019337481083], [0.0065999663695981165, 0.006137548343702707, 0.005506978308390785, 0.008954094501429291, 0.00853371447788801, 0.008281486463763242, 0.011055994619135699, 0.012106944677988903, 0.013788464772154027, 0.016100554901631075, 0.01597444089456869, 0.017193542962838405, 0.02455019337481083, 0.0]]}