{"counts": [[0.0, 0.01775468225614377, 0.019378586121034966, 0.013803182851575186, 0.012071018729024574, 0.010230594348814551, 0.009364512287539244, 0.0076864782938183395, 0.007902998809137167, 0.008119519324455992, 0.006441485330735087, 0.006441485330735087, 0.00703691674786186, 0.005900184042438021], [0.01775468225614377, 0.0, 0.017159250839016996, 0.01423622388221284, 0.013207751434448413, 0.009959943704666017, 0.009310382158709538, 0.008769080870412472, 0.00784886868030746, 0.0073616975208401, 0.006333225073075674, 0.0073616975208401, 0.006658005846053913, 0.006982786619032153], [0.019378586121034966, 0.017159250839016996, 0.0, 0.012937100790299881, 0.012341669373173108, 0.01071776550828191, 0.009959943704666017, 0.009147991772220417, 0.008227779582115406, 0.0074158276496698065, 0.006603875717224207, 0.006549745588394501, 0.006062574428927141, 0.00671213597488362], [0.013803182851575186, 0.01423622388221284, 0.012937100790299881, 0.0, 0.014452744397531666, 0.01136732705423839, 0.01120493666774927, 0.009689293060517483, 0.009689293060517483, 0.009364512287539244, 0.008173649453285699, 0.007469957778499512, 0.0074158276496698065, 0.007957128937966872], [0.012071018729024574, 0.013207751434448413, 0.012341669373173108, 0.014452744397531666, 0.0, 0.012179278986683988, 0.01120493666774927, 0.010934286023600736, 0.010176464219984844, 0.009689293060517483, 0.008498430226263938, 0.00909386164339071, 0.007740608422648046, 0.007957128937966872], [0.010230594348814551, 0.009959943704666017, 0.01071776550828191, 0.01136732705423839, 0.012179278986683988, 0.0, 0.014182093753383133, 0.01104254628126015, 0.012125148857854281, 0.011150806538919563, 0.009851683447006604, 0.008606690483923351, 0.009689293060517483, 0.010609505250622497], [0.009364512287539244, 0.009310382158709538, 0.009959943704666017, 0.01120493666774927, 0.01120493666774927, 0.014182093753383133, 0.0, 0.011259066796578976, 0.012287539244343402, 0.01071776550828191, 0.011583847569557215, 0.010609505250622497, 0.010447114864133376, 0.010447114864133376], [0.0076864782938183395, 0.008769080870412472, 0.009147991772220417, 0.009689293060517483, 0.010934286023600736, 0.01104254628126015, 0.011259066796578976, 0.0, 0.015372956587636679, 0.012666450146151347, 0.013045361047959295, 0.010988416152430442, 0.012991230919129588, 0.011637977698386922], [0.007902998809137167, 0.00784886868030746, 0.008227779582115406, 0.009689293060517483, 0.010176464219984844, 0.012125148857854281, 0.012287539244343402, 0.015372956587636679, 0.0, 0.0139114431092346, 0.010826025765941324, 0.013640792465086067, 0.011529717440727508, 0.012016888600194868], [0.008119519324455992, 0.0073616975208401, 0.0074158276496698065, 0.009364512287539244, 0.009689293060517483, 0.011150806538919563, 0.01071776550828191, 0.012666450146151347, 0.0139114431092346, 0.0, 0.015102305943488145, 0.0147233950416802, 0.013532532207426654, 0.014398614268701959], [0.006441485330735087, 0.006333225073075674, 0.006603875717224207, 0.008173649453285699, 0.008498430226263938, 0.009851683447006604, 0.011583847569557215, 0.013045361047959295, 0.010826025765941324, 0.015102305943488145, 0.0, 0.017375771354335823, 0.016942730323698172, 0.01683447006603876], [0.006441485330735087, 0.0073616975208401, 0.006549745588394501, 0.007469957778499512, 0.00909386164339071, 0.008606690483923351, 0.010609505250622497, 0.010988416152430442, 0.013640792465086067, 0.0147233950416802, 0.017375771354335823, 0.0, 0.016942730323698172, 0.018133593157951718], [0.00703691674786186, 0.006658005846053913, 0.006062574428927141, 0.0074158276496698065, 0.007740608422648046, 0.009689293060517483, 0.010447114864133376, 0.012991230919129588, 0.011529717440727508, 0.013532532207426654, 0.016942730323698172, 0.016942730323698172, 0.0, 0.024520948359857096], [0.005900184042438021, 0.006982786619032153, 0.00671213597488362, 0.007957128937966872, 0.007957128937966872, 0.010609505250622497, 0.010447114864133376, 0.011637977698386922, 0.012016888600194868, 0.014398614268701959, 0.01683447006603876, 0.018133593157951718, 0.024520948359857096, 0.0]], "sysname": ["SOURCE", "UFC", "IITB", "SJTU", "IPN", "RAC", "PKU", "AMU", "UMC", "NTHU", "CUUI", "POST", "NUCLEA", "CAMB"]}