{"counts": [[0.0, 0.018295983544440834, 0.01818772328678142, 0.014019703366894013, 0.012558189888491935, 0.01039298473530367, 0.009418642416368951, 0.008877341128071885, 0.007578218036158926, 0.006928656490202446, 0.006224964815416261, 0.007091046876691567, 0.005954314171267728, 0.006333225073075674], [0.018295983544440834, 0.0, 0.01872902457507849, 0.012504059759662229, 0.013099491176789001, 0.010014073833495724, 0.009039731514561005, 0.008227779582115406, 0.008173649453285699, 0.00784886868030746, 0.006928656490202446, 0.006928656490202446, 0.005304752625311248, 0.0073616975208401], [0.01818772328678142, 0.01872902457507849, 0.0, 0.014831655299339613, 0.012395799502002815, 0.009526902674028365, 0.009635162931687778, 0.007469957778499512, 0.007524087907329219, 0.006982786619032153, 0.006603875717224207, 0.007632348164988633, 0.006928656490202446, 0.006062574428927141], [0.014019703366894013, 0.012504059759662229, 0.014831655299339613, 0.0, 0.014398614268701959, 0.01071776550828191, 0.01071776550828191, 0.008985601385731299, 0.009959943704666017, 0.01006820396232543, 0.0076864782938183395, 0.007469957778499512, 0.008444300097434233, 0.007794738551477752], [0.012558189888491935, 0.013099491176789001, 0.012395799502002815, 0.014398614268701959, 0.0, 0.011421457183068095, 0.011421457183068095, 0.010230594348814551, 0.011150806538919563, 0.00909386164339071, 0.008390169968604526, 0.008606690483923351, 0.008552560355093644, 0.008444300097434233], [0.01039298473530367, 0.010014073833495724, 0.009526902674028365, 0.01071776550828191, 0.011421457183068095, 0.0, 0.014994045685828732, 0.011962758471365163, 0.012558189888491935, 0.011150806538919563, 0.01055537512179279, 0.009147991772220417, 0.010230594348814551, 0.009039731514561005], [0.009418642416368951, 0.009039731514561005, 0.009635162931687778, 0.01071776550828191, 0.011421457183068095, 0.014994045685828732, 0.0, 0.011637977698386922, 0.013153621305618708, 0.010338854606473963, 0.009797553318176897, 0.010880155894771029, 0.010230594348814551, 0.01071776550828191], [0.008877341128071885, 0.008227779582115406, 0.007469957778499512, 0.008985601385731299, 0.010230594348814551, 0.011962758471365163, 0.011637977698386922, 0.0, 0.014777525170509906, 0.013749052722745481, 0.012233409115513695, 0.011854498213705749, 0.012125148857854281, 0.013153621305618708], [0.007578218036158926, 0.008173649453285699, 0.007524087907329219, 0.009959943704666017, 0.011150806538919563, 0.012558189888491935, 0.013153621305618708, 0.014777525170509906, 0.0, 0.013857312980404893, 0.011800368084876042, 0.012991230919129588, 0.011583847569557215, 0.011800368084876042], [0.006928656490202446, 0.00784886868030746, 0.006982786619032153, 0.01006820396232543, 0.00909386164339071, 0.011150806538919563, 0.010338854606473963, 0.013749052722745481, 0.013857312980404893, 0.0, 0.0139114431092346, 0.01326188156327812, 0.014561004655191079, 0.01613077839125257], [0.006224964815416261, 0.006928656490202446, 0.006603875717224207, 0.0076864782938183395, 0.008390169968604526, 0.01055537512179279, 0.009797553318176897, 0.012233409115513695, 0.011800368084876042, 0.0139114431092346, 0.0, 0.01905380534805673, 0.01818772328678142, 0.016888600194868465], [0.007091046876691567, 0.006928656490202446, 0.007632348164988633, 0.007469957778499512, 0.008606690483923351, 0.009147991772220417, 0.010880155894771029, 0.011854498213705749, 0.012991230919129588, 0.01326188156327812, 0.01905380534805673, 0.0, 0.015860127747104037, 0.01759229186965465], [0.005954314171267728, 0.005304752625311248, 0.006928656490202446, 0.008444300097434233, 0.008552560355093644, 0.010230594348814551, 0.010230594348814551, 0.012125148857854281, 0.011583847569557215, 0.014561004655191079, 0.01818772328678142, 0.015860127747104037, 0.0, 0.023059434881455017], [0.006333225073075674, 0.0073616975208401, 0.006062574428927141, 0.007794738551477752, 0.008444300097434233, 0.009039731514561005, 0.01071776550828191, 0.013153621305618708, 0.011800368084876042, 0.01613077839125257, 0.016888600194868465, 0.01759229186965465, 0.023059434881455017, 0.0]], "sysname": ["SOURCE", "UFC", "IITB", "SJTU", "IPN", "RAC", "PKU", "AMU", "UMC", "NTHU", "CUUI", "POST", "NUCLEA", "CAMB"]}