{"counts": [[0.0, 0.017151504960484277, 0.018328569026399864, 0.01282159071800908, 0.011602488649739364, 0.011055994619135699, 0.01013115856734488, 0.007692954430805448, 0.00924836051790819, 0.006726080376660501, 0.0070623843954935265, 0.007272574407264167, 0.007356650411972423, 0.006179586346056835], [0.017151504960484277, 0.0, 0.019505633092315452, 0.013199932739196233, 0.010677652597948546, 0.009500588532032958, 0.010047082562636624, 0.00920632251555406, 0.008029258449638473, 0.0074407264166806795, 0.0074407264166806795, 0.006726080376660501, 0.006557928367243989, 0.0069783083907852695], [0.018328569026399864, 0.019505633092315452, 0.0, 0.012485286699176056, 0.01126618463090634, 0.01013115856734488, 0.010089120564990752, 0.008912056499075165, 0.00920632251555406, 0.007104422397847654, 0.00676811837901463, 0.006557928367243989, 0.0062216243484109635, 0.006726080376660501], [0.01282159071800908, 0.013199932739196233, 0.012485286699176056, 0.0, 0.013830502774508155, 0.01303178072977972, 0.011938792668572389, 0.00992096855557424, 0.009584664536741214, 0.008617790482596267, 0.008029258449638473, 0.008071296451992602, 0.0074407264166806795, 0.00853371447788801], [0.011602488649739364, 0.010677652597948546, 0.01126618463090634, 0.013830502774508155, 0.0, 0.013956616781570539, 0.01303178072977972, 0.010383386581469648, 0.010425424583823777, 0.010929880612073315, 0.009122246510845805, 0.008323524466117371, 0.00874390448965865, 0.008912056499075165], [0.011055994619135699, 0.009500588532032958, 0.01013115856734488, 0.01303178072977972, 0.013956616781570539, 0.0, 0.013914578779216412, 0.012401210694467799, 0.010719690600302674, 0.00924836051790819, 0.008954094501429291, 0.010173196569699007, 0.00899613250378342, 0.00945855052967883], [0.01013115856734488, 0.010047082562636624, 0.010089120564990752, 0.011938792668572389, 0.01303178072977972, 0.013914578779216412, 0.0, 0.010887842609719187, 0.012022868673280646, 0.011098032621489827, 0.009794854548511854, 0.010173196569699007, 0.009416512527324701, 0.009584664536741214], [0.007692954430805448, 0.00920632251555406, 0.008912056499075165, 0.00992096855557424, 0.010383386581469648, 0.012401210694467799, 0.010887842609719187, 0.0, 0.01349419875567513, 0.013410122750966874, 0.012695476710946696, 0.01256936270388431, 0.011980830670926517, 0.011938792668572389], [0.00924836051790819, 0.008029258449638473, 0.00920632251555406, 0.009584664536741214, 0.010425424583823777, 0.010719690600302674, 0.012022868673280646, 0.01349419875567513, 0.0, 0.011980830670926517, 0.013914578779216412, 0.011938792668572389, 0.012191020682697158, 0.01303178072977972], [0.006726080376660501, 0.0074407264166806795, 0.007104422397847654, 0.008617790482596267, 0.010929880612073315, 0.00924836051790819, 0.011098032621489827, 0.013410122750966874, 0.011980830670926517, 0.0, 0.01580628888515218, 0.015133680847486128, 0.015049604842777871, 0.01462922481923659], [0.0070623843954935265, 0.0074407264166806795, 0.00676811837901463, 0.008029258449638473, 0.009122246510845805, 0.008954094501429291, 0.009794854548511854, 0.012695476710946696, 0.013914578779216412, 0.01580628888515218, 0.0, 0.015596098873381536, 0.01580628888515218, 0.016647048932234742], [0.007272574407264167, 0.006726080376660501, 0.006557928367243989, 0.008071296451992602, 0.008323524466117371, 0.010173196569699007, 0.010173196569699007, 0.01256936270388431, 0.011938792668572389, 0.015133680847486128, 0.015596098873381536, 0.0, 0.017908189002858583, 0.017613922986379687], [0.007356650411972423, 0.006557928367243989, 0.0062216243484109635, 0.0074407264166806795, 0.00874390448965865, 0.00899613250378342, 0.009416512527324701, 0.011980830670926517, 0.012191020682697158, 0.015049604842777871, 0.01580628888515218, 0.017908189002858583, 0.0, 0.02358331932066588], [0.006179586346056835, 0.0069783083907852695, 0.006726080376660501, 0.00853371447788801, 0.008912056499075165, 0.00945855052967883, 0.009584664536741214, 0.011938792668572389, 0.01303178072977972, 0.01462922481923659, 0.016647048932234742, 0.017613922986379687, 0.02358331932066588, 0.0]], "sysname": ["SOURCE", "UFC", "IITB", "SJTU", "IPN", "RAC", "PKU", "AMU", "UMC", "NTHU", "POST", "CUUI", "NUCLEA", "CAMB"]}