{"counts": [[0.0, 0.029500920212190106, 0.016563819421890225, 0.01423622388221284, 0.01407383349572372, 0.01277471040381076, 0.012233409115513695, 0.009472772545198658, 0.010338854606473963, 0.007794738551477752, 0.007524087907329219, 0.006279094944245968, 0.006279094944245968, 0.006766266103713327], [0.029500920212190106, 0.0, 0.01488578542816932, 0.014344484139872252, 0.012991230919129588, 0.013749052722745481, 0.011908628342535456, 0.01104254628126015, 0.00909386164339071, 0.008552560355093644, 0.007740608422648046, 0.005629533398289488, 0.005142362238822128, 0.005954314171267728], [0.016563819421890225, 0.01488578542816932, 0.0, 0.01807946302912201, 0.014127963624553427, 0.013316011692107827, 0.013640792465086067, 0.010826025765941324, 0.009202121901050124, 0.009797553318176897, 0.008065389195626285, 0.005846053913608314, 0.006549745588394501, 0.006928656490202446], [0.01423622388221284, 0.014344484139872252, 0.01807946302912201, 0.0, 0.014506874526361372, 0.012666450146151347, 0.01326188156327812, 0.011800368084876042, 0.011529717440727508, 0.009147991772220417, 0.007199307134350979, 0.0074158276496698065, 0.005737793655948901, 0.007524087907329219], [0.01407383349572372, 0.012991230919129588, 0.014127963624553427, 0.014506874526361372, 0.0, 0.014019703366894013, 0.014290354011042547, 0.011854498213705749, 0.011800368084876042, 0.008823210999242178, 0.008444300097434233, 0.0073616975208401, 0.007632348164988633, 0.008011259066796578], [0.01277471040381076, 0.013749052722745481, 0.013316011692107827, 0.012666450146151347, 0.014019703366894013, 0.0, 0.014182093753383133, 0.012666450146151347, 0.011475587311897802, 0.009526902674028365, 0.008931471256901592, 0.007469957778499512, 0.008336039839774819, 0.006820396232543034], [0.012233409115513695, 0.011908628342535456, 0.013640792465086067, 0.01326188156327812, 0.014290354011042547, 0.014182093753383133, 0.0, 0.013640792465086067, 0.011421457183068095, 0.008769080870412472, 0.009039731514561005, 0.007957128937966872, 0.007740608422648046, 0.007578218036158926], [0.009472772545198658, 0.01104254628126015, 0.010826025765941324, 0.011800368084876042, 0.011854498213705749, 0.012666450146151347, 0.013640792465086067, 0.0, 0.014777525170509906, 0.009851683447006604, 0.010771895637111617, 0.00909386164339071, 0.009526902674028365, 0.008660820612753058], [0.010338854606473963, 0.00909386164339071, 0.009202121901050124, 0.011529717440727508, 0.011800368084876042, 0.011475587311897802, 0.011421457183068095, 0.014777525170509906, 0.0, 0.012071018729024574, 0.010934286023600736, 0.009689293060517483, 0.010934286023600736, 0.009689293060517483], [0.007794738551477752, 0.008552560355093644, 0.009797553318176897, 0.009147991772220417, 0.008823210999242178, 0.009526902674028365, 0.008769080870412472, 0.009851683447006604, 0.012071018729024574, 0.0, 0.016184908520082277, 0.015264696329977265, 0.012341669373173108, 0.011800368084876042], [0.007524087907329219, 0.007740608422648046, 0.008065389195626285, 0.007199307134350979, 0.008444300097434233, 0.008931471256901592, 0.009039731514561005, 0.010771895637111617, 0.010934286023600736, 0.016184908520082277, 0.0, 0.015318826458806972, 0.013803182851575186, 0.013316011692107827], [0.006279094944245968, 0.005629533398289488, 0.005846053913608314, 0.0074158276496698065, 0.0073616975208401, 0.007469957778499512, 0.007957128937966872, 0.00909386164339071, 0.009689293060517483, 0.015264696329977265, 0.015318826458806972, 0.0, 0.018025332900292304, 0.01791707264263289], [0.006279094944245968, 0.005142362238822128, 0.006549745588394501, 0.005737793655948901, 0.007632348164988633, 0.008336039839774819, 0.007740608422648046, 0.009526902674028365, 0.010934286023600736, 0.012341669373173108, 0.013803182851575186, 0.018025332900292304, 0.0, 0.020190538053480568], [0.006766266103713327, 0.005954314171267728, 0.006928656490202446, 0.007524087907329219, 0.008011259066796578, 0.006820396232543034, 0.007578218036158926, 0.008660820612753058, 0.009689293060517483, 0.011800368084876042, 0.013316011692107827, 0.01791707264263289, 0.020190538053480568, 0.0]], "sysname": ["CAMB", "NUCLEA", "POST", "CUUI", "NTHU", "AMU", "UMC", "PKU", "RAC", "IPN", "SJTU", "IITB", "UFC", "SOURCE"]}