{"counts": [[0.0, 0.015385908861610896, 0.016562972927526485, 0.012737514713300825, 0.011896754666218262, 0.011644526652093493, 0.01034134857911552, 0.009794854548511854, 0.008407600470825626, 0.007608878426097192, 0.0074407264166806795, 0.006347738355473348, 0.008071296451992602, 0.007482764419034807], [0.015385908861610896, 0.0, 0.014965528838069614, 0.011055994619135699, 0.010719690600302674, 0.012527324701530184, 0.010509500588532034, 0.010299310576761393, 0.00878594249201278, 0.008491676475533883, 0.007104422397847654, 0.00853371447788801, 0.0074407264166806795, 0.007734992433159576], [0.016562972927526485, 0.014965528838069614, 0.0, 0.011518412645031109, 0.01172860265680175, 0.010425424583823777, 0.01214898268034303, 0.009374474524970573, 0.009332436522616444, 0.007230536404910039, 0.00765091642845132, 0.00676811837901463, 0.007734992433159576, 0.007945182444930216], [0.012737514713300825, 0.011055994619135699, 0.011518412645031109, 0.0, 0.013410122750966874, 0.013620312762737515, 0.01437699680511182, 0.011434336640322852, 0.01013115856734488, 0.00945855052967883, 0.009038170506137548, 0.008029258449638473, 0.007945182444930216, 0.008912056499075165], [0.011896754666218262, 0.010719690600302674, 0.01172860265680175, 0.013410122750966874, 0.0, 0.013326046746258619, 0.012653438708592568, 0.010467462586177905, 0.00945855052967883, 0.00924836051790819, 0.009038170506137548, 0.008155372456700857, 0.008954094501429291, 0.008912056499075165], [0.011644526652093493, 0.012527324701530184, 0.010425424583823777, 0.013620312762737515, 0.013326046746258619, 0.0, 0.011938792668572389, 0.010719690600302674, 0.010383386581469648, 0.009374474524970573, 0.010089120564990752, 0.008239448461409114, 0.009584664536741214, 0.008954094501429291], [0.01034134857911552, 0.010509500588532034, 0.01214898268034303, 0.01437699680511182, 0.012653438708592568, 0.011938792668572389, 0.0, 0.01235917269211367, 0.010005044560282495, 0.009584664536741214, 0.008870018496721036, 0.009542626534387085, 0.00874390448965865, 0.009878930553220111], [0.009794854548511854, 0.010299310576761393, 0.009374474524970573, 0.011434336640322852, 0.010467462586177905, 0.010719690600302674, 0.01235917269211367, 0.0, 0.01282159071800908, 0.011602488649739364, 0.010929880612073315, 0.010719690600302674, 0.01307381873213385, 0.011434336640322852], [0.008407600470825626, 0.00878594249201278, 0.009332436522616444, 0.01013115856734488, 0.00945855052967883, 0.010383386581469648, 0.010005044560282495, 0.01282159071800908, 0.0, 0.013326046746258619, 0.01349419875567513, 0.012233058685051286, 0.013788464772154027, 0.01353623675802926], [0.007608878426097192, 0.008491676475533883, 0.007230536404910039, 0.00945855052967883, 0.00924836051790819, 0.009374474524970573, 0.009584664536741214, 0.011602488649739364, 0.013326046746258619, 0.0, 0.014881452833361359, 0.016647048932234742, 0.014503110812174206, 0.015133680847486128], [0.0074407264166806795, 0.007104422397847654, 0.00765091642845132, 0.009038170506137548, 0.009038170506137548, 0.010089120564990752, 0.008870018496721036, 0.010929880612073315, 0.01349419875567513, 0.014881452833361359, 0.0, 0.016310744913401714, 0.015848326887506307, 0.01689927694635951], [0.006347738355473348, 0.00853371447788801, 0.00676811837901463, 0.008029258449638473, 0.008155372456700857, 0.008239448461409114, 0.009542626534387085, 0.010719690600302674, 0.012233058685051286, 0.016647048932234742, 0.016310744913401714, 0.0, 0.017025390953421895, 0.018706911047587017], [0.008071296451992602, 0.0074407264166806795, 0.007734992433159576, 0.007945182444930216, 0.008954094501429291, 0.009584664536741214, 0.00874390448965865, 0.01307381873213385, 0.013788464772154027, 0.014503110812174206, 0.015848326887506307, 0.017025390953421895, 0.0, 0.01849672103581638], [0.007482764419034807, 0.007734992433159576, 0.007945182444930216, 0.008912056499075165, 0.008912056499075165, 0.008954094501429291, 0.009878930553220111, 0.011434336640322852, 0.01353623675802926, 0.015133680847486128, 0.01689927694635951, 0.018706911047587017, 0.01849672103581638, 0.0]], "sysname": ["SOURCE", "UFC", "IITB", "PKU", "SJTU", "RAC", "IPN", "AMU", "UMC", "POST", "NTHU", "CUUI", "NUCLEA", "CAMB"]}