{"sysname": ["SOURCE", "UFC", "IITB", "SJTU", "PKU", "RAC", "IPN", "AMU", "UMC", "POST", "NTHU", "CUUI", "NUCLEA", "CAMB"], "counts": [[0.0, 0.015285397210938481, 0.015662297416139705, 0.011474517358348339, 0.011223250554880857, 0.012479584572218268, 0.01101386155199129, 0.009338749528874743, 0.008333682315004816, 0.00883621592193978, 0.008333682315004816, 0.007328615101134889, 0.00711922609824532, 0.0066585702918882704], [0.015285397210938481, 0.0, 0.014740985803425604, 0.01067883914736798, 0.011642028560659995, 0.01252146237279618, 0.01172578416181582, 0.01009254993927719, 0.009213116127141003, 0.007286737300556975, 0.00711922609824532, 0.007328615101134889, 0.008752460320783952, 0.006993592696511579], [0.015662297416139705, 0.014740985803425604, 0.0, 0.012814606976841576, 0.012772729176263663, 0.011977050965283304, 0.010343816742744672, 0.009673771933498053, 0.00850119351731647, 0.008584949118472298, 0.006867959294777838, 0.007244859499979061, 0.007412370702290716, 0.007956782109803592], [0.011474517358348339, 0.01067883914736798, 0.012814606976841576, 0.0, 0.012898362577997403, 0.01160015076008208, 0.012940240378575317, 0.011390761757192513, 0.009799405335231794, 0.009003727124251435, 0.008166171112693162, 0.009799405335231794, 0.008459315716738558, 0.009254993927718917], [0.011223250554880857, 0.011642028560659995, 0.012772729176263663, 0.012898362577997403, 0.0, 0.013233384982620713, 0.013107751580886971, 0.011097617153147117, 0.010176305540433016, 0.010134427739855102, 0.009087482725407261, 0.00804053771095942, 0.008752460320783952, 0.00975752753465388], [0.012479584572218268, 0.01252146237279618, 0.011977050965283304, 0.01160015076008208, 0.013233384982620713, 0.0, 0.011851417563549562, 0.011767661962393735, 0.010762594748523808, 0.009045604924829347, 0.009590016332342225, 0.007789270907491938, 0.009003727124251435, 0.009254993927718917], [0.01101386155199129, 0.01172578416181582, 0.010343816742744672, 0.012940240378575317, 0.013107751580886971, 0.011851417563549562, 0.0, 0.012186439968172872, 0.009925038736965534, 0.00988316093638762, 0.008794338121361866, 0.008919971523095607, 0.009338749528874743, 0.010971983751413375], [0.009338749528874743, 0.01009254993927719, 0.009673771933498053, 0.011390761757192513, 0.011097617153147117, 0.011767661962393735, 0.012186439968172872, 0.0, 0.011977050965283304, 0.011432639557770427, 0.012018928765861216, 0.010511327945056326, 0.01172578416181582, 0.011432639557770427], [0.008333682315004816, 0.009213116127141003, 0.00850119351731647, 0.009799405335231794, 0.010176305540433016, 0.010762594748523808, 0.009925038736965534, 0.011977050965283304, 0.0, 0.01252146237279618, 0.013233384982620713, 0.013526529586666109, 0.012982118179153231, 0.014280329997068554], [0.00883621592193978, 0.007286737300556975, 0.008584949118472298, 0.009003727124251435, 0.010134427739855102, 0.009045604924829347, 0.00988316093638762, 0.011432639557770427, 0.01252146237279618, 0.0, 0.015034130407471, 0.016457975627120064, 0.014782863604003518, 0.014280329997068554], [0.008333682315004816, 0.00711922609824532, 0.006867959294777838, 0.008166171112693162, 0.009087482725407261, 0.009590016332342225, 0.008794338121361866, 0.012018928765861216, 0.013233384982620713, 0.015034130407471, 0.0, 0.01582980861845136, 0.015997319820763013, 0.016332342225386324], [0.007328615101134889, 0.007328615101134889, 0.007244859499979061, 0.009799405335231794, 0.00804053771095942, 0.007789270907491938, 0.008919971523095607, 0.010511327945056326, 0.013526529586666109, 0.016457975627120064, 0.01582980861845136, 0.0, 0.017295531638678335, 0.017714309644457474], [0.00711922609824532, 0.008752460320783952, 0.007412370702290716, 0.008459315716738558, 0.008752460320783952, 0.009003727124251435, 0.009338749528874743, 0.01172578416181582, 0.012982118179153231, 0.014782863604003518, 0.015997319820763013, 0.017295531638678335, 0.0, 0.01951505506930776], [0.0066585702918882704, 0.006993592696511579, 0.007956782109803592, 0.009254993927718917, 0.00975752753465388, 0.009254993927718917, 0.010971983751413375, 0.011432639557770427, 0.014280329997068554, 0.014280329997068554, 0.016332342225386324, 0.017714309644457474, 0.01951505506930776, 0.0]]}