{"sysname": ["IITB", "SJTU", "PKU", "RAC", "JMGR", "AMU", "IPN", "UFC", "src", "UMC", "NTHU", "CUUI", "NUCLEA", "POST", "CAMB"], "counts": [[0.0, 0.018632334864462703, 0.013327295076664294, 0.010804166397101637, 0.008151646503202433, 0.008345733324707252, 0.008927993789221713, 0.00828103771753898, 0.0075046904315197, 0.007892864074529339, 0.007634081645856246, 0.007698777253024519, 0.007569386038687973, 0.008863298182053439, 0.00711651678851006], [0.018632334864462703, 0.0, 0.012615643397813289, 0.010804166397101637, 0.010351297146923724, 0.00989842789674581, 0.009769036682409265, 0.008798602574885165, 0.008086950896034159, 0.007892864074529339, 0.008086950896034159, 0.006598951931163874, 0.00711651678851006, 0.006793038752668693, 0.007957559681697613], [0.013327295076664294, 0.012615643397813289, 0.0, 0.01145112246878437, 0.009057385003558259, 0.010221905932587178, 0.010157210325418903, 0.0084751245390438, 0.007892864074529339, 0.008539820146212072, 0.008151646503202433, 0.008410428931875526, 0.007569386038687973, 0.007698777253024519, 0.0075046904315197], [0.010804166397101637, 0.010804166397101637, 0.01145112246878437, 0.0, 0.010998253218606457, 0.010157210325418903, 0.007698777253024519, 0.008604515753380346, 0.010027819111082357, 0.008669211360548618, 0.008151646503202433, 0.00731060361001488, 0.008410428931875526, 0.00828103771753898, 0.008733906967716892], [0.008151646503202433, 0.010351297146923724, 0.009057385003558259, 0.010998253218606457, 0.0, 0.008992689396389985, 0.010998253218606457, 0.00970434107524099, 0.010221905932587178, 0.009122080610726531, 0.009445558646567898, 0.008604515753380346, 0.009057385003558259, 0.008086950896034159, 0.009963123503914085], [0.008345733324707252, 0.00989842789674581, 0.010221905932587178, 0.010157210325418903, 0.008992689396389985, 0.0, 0.009251471825063078, 0.00828103771753898, 0.008863298182053439, 0.009251471825063078, 0.01028660153975545, 0.009380863039399626, 0.008992689396389985, 0.01067477518276509, 0.010027819111082357], [0.008927993789221713, 0.009769036682409265, 0.010157210325418903, 0.007698777253024519, 0.010998253218606457, 0.009251471825063078, 0.0, 0.009574949860904444, 0.009574949860904444, 0.009510254253736172, 0.008669211360548618, 0.009380863039399626, 0.008927993789221713, 0.008086950896034159, 0.009769036682409265], [0.00828103771753898, 0.008798602574885165, 0.0084751245390438, 0.008604515753380346, 0.00970434107524099, 0.00828103771753898, 0.009574949860904444, 0.0, 0.009833732289577537, 0.008798602574885165, 0.009316167432231352, 0.00989842789674581, 0.009769036682409265, 0.007957559681697613, 0.009510254253736172], [0.0075046904315197, 0.008086950896034159, 0.007892864074529339, 0.010027819111082357, 0.010221905932587178, 0.008863298182053439, 0.009574949860904444, 0.009833732289577537, 0.0, 0.008669211360548618, 0.008410428931875526, 0.009639645468072718, 0.01028660153975545, 0.008863298182053439, 0.009251471825063078], [0.007892864074529339, 0.007892864074529339, 0.008539820146212072, 0.008669211360548618, 0.009122080610726531, 0.009251471825063078, 0.009510254253736172, 0.008798602574885165, 0.008669211360548618, 0.0, 0.01145112246878437, 0.012680339004981563, 0.011774600504625737, 0.011192340040111276, 0.009574949860904444], [0.007634081645856246, 0.008086950896034159, 0.008151646503202433, 0.008151646503202433, 0.009445558646567898, 0.01028660153975545, 0.008669211360548618, 0.009316167432231352, 0.008410428931875526, 0.01145112246878437, 0.0, 0.01028660153975545, 0.013133208255159476, 0.010804166397101637, 0.011386426861616096], [0.007698777253024519, 0.006598951931163874, 0.008410428931875526, 0.00731060361001488, 0.008604515753380346, 0.009380863039399626, 0.009380863039399626, 0.00989842789674581, 0.009639645468072718, 0.012680339004981563, 0.01028660153975545, 0.0, 0.012292165361971922, 0.011645209290289189, 0.013068512647991202], [0.007569386038687973, 0.00711651678851006, 0.007569386038687973, 0.008410428931875526, 0.009057385003558259, 0.008992689396389985, 0.008927993789221713, 0.009769036682409265, 0.01028660153975545, 0.011774600504625737, 0.013133208255159476, 0.012292165361971922, 0.0, 0.012809730219318109, 0.011839296111794009], [0.008863298182053439, 0.006793038752668693, 0.007698777253024519, 0.00828103771753898, 0.008086950896034159, 0.01067477518276509, 0.008086950896034159, 0.007957559681697613, 0.008863298182053439, 0.011192340040111276, 0.010804166397101637, 0.011645209290289189, 0.012809730219318109, 0.0, 0.015462250113217313], [0.00711651678851006, 0.007957559681697613, 0.0075046904315197, 0.008733906967716892, 0.009963123503914085, 0.010027819111082357, 0.009769036682409265, 0.009510254253736172, 0.009251471825063078, 0.009574949860904444, 0.011386426861616096, 0.013068512647991202, 0.011839296111794009, 0.015462250113217313, 0.0]]}