{"sysname": ["CAMB", "NUCLEA", "POST", "CUUI", "NTHU", "AMU", "UMC", "PKU", "RAC", "IPN", "SJTU", "IITB", "UFC", "SOURCE"], "counts": [[0.0, 0.029565727208007035, 0.01662548682943172, 0.014657230202269778, 0.013735918589555677, 0.012940240378575317, 0.011809539762971649, 0.01160015076008208, 0.00988316093638762, 0.009045604924829347, 0.006574814690732443, 0.006574814690732443, 0.005779136479752083, 0.005527869676284602], [0.029565727208007035, 0.0, 0.014992252606893085, 0.014657230202269778, 0.012563340173374094, 0.012270195569328698, 0.013149629381464885, 0.010301938942166758, 0.009925038736965534, 0.00791490430922568, 0.007286737300556975, 0.005695380878596256, 0.006909837095355752, 0.006030403283219565], [0.01662548682943172, 0.014992252606893085, 0.0, 0.015536664014405963, 0.013861551991289418, 0.013568407387244023, 0.012270195569328698, 0.012437706771640354, 0.01067883914736798, 0.00871058252020604, 0.007831148708069852, 0.00745424850286863, 0.006574814690732443, 0.006742325893044097], [0.014657230202269778, 0.014657230202269778, 0.015536664014405963, 0.0, 0.014615352401691864, 0.01390342979186733, 0.012814606976841576, 0.01067883914736798, 0.010260061141588844, 0.009003727124251435, 0.009129360525985175, 0.007161103898823234, 0.007035470497089493, 0.0075798819046023706], [0.013735918589555677, 0.012563340173374094, 0.013861551991289418, 0.014615352401691864, 0.0, 0.013275262783198627, 0.013107751580886971, 0.013400896184932367, 0.011516395158926253, 0.009966916537543448, 0.009590016332342225, 0.007412370702290716, 0.007077348297667406, 0.00711922609824532], [0.012940240378575317, 0.012270195569328698, 0.013568407387244023, 0.01390342979186733, 0.013275262783198627, 0.0, 0.015494786213828049, 0.012186439968172872, 0.010846350349679635, 0.009590016332342225, 0.008878093722517693, 0.008166171112693162, 0.0077473931069140245, 0.0075798819046023706], [0.011809539762971649, 0.013149629381464885, 0.012270195569328698, 0.012814606976841576, 0.013107751580886971, 0.015494786213828049, 0.0, 0.012353951170484526, 0.012479584572218268, 0.009673771933498053, 0.009087482725407261, 0.008082415511537334, 0.007202981699401147, 0.007789270907491938], [0.01160015076008208, 0.010301938942166758, 0.012437706771640354, 0.01067883914736798, 0.013400896184932367, 0.012186439968172872, 0.012353951170484526, 0.0, 0.013945307592445244, 0.010846350349679635, 0.011265128355458771, 0.008459315716738558, 0.008752460320783952, 0.00791490430922568], [0.00988316093638762, 0.009925038736965534, 0.01067883914736798, 0.010260061141588844, 0.011516395158926253, 0.010846350349679635, 0.012479584572218268, 0.013945307592445244, 0.0, 0.011977050965283304, 0.011809539762971649, 0.009925038736965534, 0.008794338121361866, 0.010846350349679635], [0.009045604924829347, 0.00791490430922568, 0.00871058252020604, 0.009003727124251435, 0.009966916537543448, 0.009590016332342225, 0.009673771933498053, 0.010846350349679635, 0.011977050965283304, 0.0, 0.015076008208048913, 0.012605217973952008, 0.013610285187821935, 0.012437706771640354], [0.006574814690732443, 0.007286737300556975, 0.007831148708069852, 0.009129360525985175, 0.009590016332342225, 0.008878093722517693, 0.009087482725407261, 0.011265128355458771, 0.011809539762971649, 0.015076008208048913, 0.0, 0.014154696595334812, 0.014280329997068554, 0.011977050965283304], [0.006574814690732443, 0.005695380878596256, 0.00745424850286863, 0.007161103898823234, 0.007412370702290716, 0.008166171112693162, 0.008082415511537334, 0.008459315716738558, 0.009925038736965534, 0.012605217973952008, 0.014154696595334812, 0.0, 0.01754679844214582, 0.01951505506930776], [0.005779136479752083, 0.006909837095355752, 0.006574814690732443, 0.007035470497089493, 0.007077348297667406, 0.0077473931069140245, 0.007202981699401147, 0.008752460320783952, 0.008794338121361866, 0.013610285187821935, 0.014280329997068554, 0.01754679844214582, 0.0, 0.020771389086645168], [0.005527869676284602, 0.006030403283219565, 0.006742325893044097, 0.0075798819046023706, 0.00711922609824532, 0.0075798819046023706, 0.007789270907491938, 0.00791490430922568, 0.010846350349679635, 0.012437706771640354, 0.011977050965283304, 0.01951505506930776, 0.020771389086645168, 0.0]]}