{"counts": [[0.0, 0.020055638222164714, 0.011774600504625737, 0.010157210325418903, 0.00989842789674581, 0.008539820146212072, 0.008669211360548618, 0.007245908002846606, 0.009186776217894805, 0.008733906967716892, 0.007439994824351427, 0.008086950896034159, 0.0075046904315197, 0.006534256323995601, 0.00731060361001488], [0.020055638222164714, 0.0, 0.01145112246878437, 0.01345668629100084, 0.00828103771753898, 0.00989842789674581, 0.0075046904315197, 0.008733906967716892, 0.008022255288865887, 0.0075046904315197, 0.008151646503202433, 0.0073752992171831535, 0.008604515753380346, 0.00711651678851006, 0.0075046904315197], [0.011774600504625737, 0.01145112246878437, 0.0, 0.010610079575596816, 0.009833732289577537, 0.010157210325418903, 0.00989842789674581, 0.009251471825063078, 0.007439994824351427, 0.007698777253024519, 0.009186776217894805, 0.008733906967716892, 0.008539820146212072, 0.009186776217894805, 0.007634081645856246], [0.010157210325418903, 0.01345668629100084, 0.010610079575596816, 0.0, 0.009833732289577537, 0.009963123503914085, 0.008669211360548618, 0.008604515753380346, 0.008863298182053439, 0.009251471825063078, 0.008086950896034159, 0.008216342110370705, 0.009186776217894805, 0.008022255288865887, 0.009251471825063078], [0.00989842789674581, 0.00828103771753898, 0.009833732289577537, 0.009833732289577537, 0.0, 0.011709904897457463, 0.010739470789933363, 0.009963123503914085, 0.009057385003558259, 0.0084751245390438, 0.008151646503202433, 0.009445558646567898, 0.009574949860904444, 0.008410428931875526, 0.008539820146212072], [0.008539820146212072, 0.00989842789674581, 0.010157210325418903, 0.009963123503914085, 0.011709904897457463, 0.0, 0.009574949860904444, 0.009316167432231352, 0.008927993789221713, 0.010351297146923724, 0.0084751245390438, 0.008669211360548618, 0.008927993789221713, 0.008604515753380346, 0.009445558646567898], [0.008669211360548618, 0.0075046904315197, 0.00989842789674581, 0.008669211360548618, 0.010739470789933363, 0.009574949860904444, 0.0, 0.0084751245390438, 0.009445558646567898, 0.008410428931875526, 0.009769036682409265, 0.01028660153975545, 0.00989842789674581, 0.009574949860904444, 0.009122080610726531], [0.007245908002846606, 0.008733906967716892, 0.009251471825063078, 0.008604515753380346, 0.009963123503914085, 0.009316167432231352, 0.0084751245390438, 0.0, 0.010157210325418903, 0.009639645468072718, 0.008216342110370705, 0.0084751245390438, 0.008604515753380346, 0.009574949860904444, 0.009963123503914085], [0.009186776217894805, 0.008022255288865887, 0.007439994824351427, 0.008863298182053439, 0.009057385003558259, 0.008927993789221713, 0.009445558646567898, 0.010157210325418903, 0.0, 0.00989842789674581, 0.008927993789221713, 0.0073752992171831535, 0.009445558646567898, 0.009963123503914085, 0.009963123503914085], [0.008733906967716892, 0.0075046904315197, 0.007698777253024519, 0.009251471825063078, 0.0084751245390438, 0.010351297146923724, 0.008410428931875526, 0.009639645468072718, 0.00989842789674581, 0.0, 0.011192340040111276, 0.012098078540467102, 0.009833732289577537, 0.011192340040111276, 0.01086886200426991], [0.007439994824351427, 0.008151646503202433, 0.009186776217894805, 0.008086950896034159, 0.008151646503202433, 0.0084751245390438, 0.009769036682409265, 0.008216342110370705, 0.008927993789221713, 0.011192340040111276, 0.0, 0.01145112246878437, 0.012745034612149835, 0.011321731254447824, 0.011645209290289189], [0.008086950896034159, 0.0073752992171831535, 0.008733906967716892, 0.008216342110370705, 0.009445558646567898, 0.008669211360548618, 0.01028660153975545, 0.0084751245390438, 0.0073752992171831535, 0.012098078540467102, 0.01145112246878437, 0.0, 0.011386426861616096, 0.011580513683120916, 0.012550947790645015], [0.0075046904315197, 0.008604515753380346, 0.008539820146212072, 0.009186776217894805, 0.009574949860904444, 0.008927993789221713, 0.00989842789674581, 0.008604515753380346, 0.009445558646567898, 0.009833732289577537, 0.012745034612149835, 0.011386426861616096, 0.0, 0.011645209290289189, 0.013844859934010481], [0.006534256323995601, 0.00711651678851006, 0.009186776217894805, 0.008022255288865887, 0.008410428931875526, 0.008604515753380346, 0.009574949860904444, 0.009574949860904444, 0.009963123503914085, 0.011192340040111276, 0.011321731254447824, 0.011580513683120916, 0.011645209290289189, 0.0, 0.01423303357702012], [0.00731060361001488, 0.0075046904315197, 0.007634081645856246, 0.009251471825063078, 0.008539820146212072, 0.009445558646567898, 0.009122080610726531, 0.009963123503914085, 0.009963123503914085, 0.01086886200426991, 0.011645209290289189, 0.012550947790645015, 0.013844859934010481, 0.01423303357702012, 0.0]], "sysname": ["IITB", "SJTU", "PKU", "RAC", "AMU", "JMGR", "IPN", "UFC", "src", "UMC", "NTHU", "CUUI", "NUCLEA", "POST", "CAMB"]}