{"sysname": ["SOURCE", "UFC", "IITB", "SJTU", "RAC", "PKU", "IPN", "AMU", "UMC", "POST", "NTHU", "CUUI", "NUCLEA", "CAMB"], "counts": [[0.0, 0.017193542962838405, 0.016983352951067766, 0.012653438708592568, 0.01126618463090634, 0.011518412645031109, 0.011308222633260468, 0.007734992433159576, 0.008701866487304524, 0.007861106440221961, 0.007692954430805448, 0.007020346393139398, 0.0062216243484109635, 0.00718849840255591], [0.017193542962838405, 0.0, 0.016268706911047585, 0.011644526652093493, 0.011140070623843954, 0.012485286699176056, 0.010677652597948546, 0.009626702539095342, 0.007398688414326551, 0.00790314444257609, 0.007104422397847654, 0.00853371447788801, 0.006389776357827476, 0.007314612409618295], [0.016983352951067766, 0.016268706911047585, 0.0, 0.012233058685051286, 0.01101395661678157, 0.010383386581469648, 0.011055994619135699, 0.008449638473179755, 0.00853371447788801, 0.0065999663695981165, 0.008365562468471498, 0.007482764419034807, 0.00790314444257609, 0.008575752480242138], [0.012653438708592568, 0.011644526652093493, 0.012233058685051286, 0.0, 0.01303178072977972, 0.013157894736842105, 0.011686564654447621, 0.011055994619135699, 0.008659828484950395, 0.010383386581469648, 0.008575752480242138, 0.007987220447284345, 0.008323524466117371, 0.00874390448965865], [0.01126618463090634, 0.011140070623843954, 0.01101395661678157, 0.01303178072977972, 0.0, 0.012695476710946696, 0.013452160753321002, 0.01101395661678157, 0.010425424583823777, 0.008912056499075165, 0.009542626534387085, 0.009416512527324701, 0.009164284513199932, 0.009794854548511854], [0.011518412645031109, 0.012485286699176056, 0.010383386581469648, 0.013157894736842105, 0.012695476710946696, 0.0, 0.012527324701530184, 0.011434336640322852, 0.010467462586177905, 0.01034134857911552, 0.009416512527324701, 0.009584664536741214, 0.00899613250378342, 0.00878594249201278], [0.011308222633260468, 0.010677652597948546, 0.011055994619135699, 0.011686564654447621, 0.013452160753321002, 0.012527324701530184, 0.0, 0.012737514713300825, 0.01101395661678157, 0.009542626534387085, 0.009374474524970573, 0.00924836051790819, 0.008575752480242138, 0.00966874054144947], [0.007734992433159576, 0.009626702539095342, 0.008449638473179755, 0.011055994619135699, 0.01101395661678157, 0.011434336640322852, 0.012737514713300825, 0.0, 0.01307381873213385, 0.012905666722717337, 0.010971918614427442, 0.011224146628552211, 0.012106944677988903, 0.011854716663864133], [0.008701866487304524, 0.007398688414326551, 0.00853371447788801, 0.008659828484950395, 0.010425424583823777, 0.010467462586177905, 0.01101395661678157, 0.01307381873213385, 0.0, 0.015217756852194383, 0.01349419875567513, 0.01328400874390449, 0.013326046746258619, 0.01235917269211367], [0.007861106440221961, 0.00790314444257609, 0.0065999663695981165, 0.010383386581469648, 0.008912056499075165, 0.01034134857911552, 0.009542626534387085, 0.012905666722717337, 0.015217756852194383, 0.0, 0.01416680679334118, 0.015049604842777871, 0.014881452833361359, 0.013872540776862284], [0.007692954430805448, 0.007104422397847654, 0.008365562468471498, 0.008575752480242138, 0.009542626534387085, 0.009416512527324701, 0.009374474524970573, 0.010971918614427442, 0.01349419875567513, 0.01416680679334118, 0.0, 0.014965528838069614, 0.016605010929880613, 0.016941314948713638], [0.007020346393139398, 0.00853371447788801, 0.007482764419034807, 0.007987220447284345, 0.009416512527324701, 0.009584664536741214, 0.00924836051790819, 0.011224146628552211, 0.01328400874390449, 0.015049604842777871, 0.014965528838069614, 0.0, 0.017025390953421895, 0.01706742895577602], [0.0062216243484109635, 0.006389776357827476, 0.00790314444257609, 0.008323524466117371, 0.009164284513199932, 0.00899613250378342, 0.008575752480242138, 0.012106944677988903, 0.013326046746258619, 0.014881452833361359, 0.016605010929880613, 0.017025390953421895, 0.0, 0.02143938120060535], [0.00718849840255591, 0.007314612409618295, 0.008575752480242138, 0.00874390448965865, 0.009794854548511854, 0.00878594249201278, 0.00966874054144947, 0.011854716663864133, 0.01235917269211367, 0.013872540776862284, 0.016941314948713638, 0.01706742895577602, 0.02143938120060535, 0.0]]}