{"counts": [[0.0, 0.01891710105935766, 0.01799226500756684, 0.01261140070623844, 0.01328400874390449, 0.010047082562636624, 0.010887842609719187, 0.008870018496721036, 0.007945182444930216, 0.007356650411972423, 0.007524802421388936, 0.005759206322515554, 0.005506978308390785, 0.005506978308390785], [0.01891710105935766, 0.0, 0.01799226500756684, 0.013199932739196233, 0.012653438708592568, 0.009332436522616444, 0.009038170506137548, 0.008617790482596267, 0.00853371447788801, 0.008239448461409114, 0.006473852362535732, 0.006936270388431142, 0.006642004371952245, 0.0062216243484109635], [0.01799226500756684, 0.01799226500756684, 0.0, 0.014797376828653102, 0.011938792668572389, 0.009500588532032958, 0.009794854548511854, 0.007734992433159576, 0.009038170506137548, 0.006936270388431142, 0.006852194383722886, 0.0070623843954935265, 0.0069783083907852695, 0.0065999663695981165], [0.01261140070623844, 0.013199932739196233, 0.014797376828653102, 0.0, 0.013410122750966874, 0.011055994619135699, 0.010845804607365058, 0.009963006557928367, 0.009836892550865983, 0.009584664536741214, 0.008575752480242138, 0.0074407264166806795, 0.008071296451992602, 0.008071296451992602], [0.01328400874390449, 0.012653438708592568, 0.011938792668572389, 0.013410122750966874, 0.0, 0.01328400874390449, 0.011812678661510005, 0.010173196569699007, 0.010047082562636624, 0.010257272574407264, 0.007692954430805448, 0.00874390448965865, 0.008071296451992602, 0.008365562468471498], [0.010047082562636624, 0.009332436522616444, 0.009500588532032958, 0.011055994619135699, 0.01328400874390449, 0.0, 0.01282159071800908, 0.012106944677988903, 0.011560450647385236, 0.010635614595594417, 0.010677652597948546, 0.010509500588532034, 0.009122246510845805, 0.011308222633260468], [0.010887842609719187, 0.009038170506137548, 0.009794854548511854, 0.010845804607365058, 0.011812678661510005, 0.01282159071800908, 0.0, 0.011854716663864133, 0.012527324701530184, 0.011055994619135699, 0.01034134857911552, 0.010845804607365058, 0.0097107785438036, 0.011182108626198083], [0.008870018496721036, 0.008617790482596267, 0.007734992433159576, 0.009963006557928367, 0.010173196569699007, 0.012106944677988903, 0.011854716663864133, 0.0, 0.013326046746258619, 0.013115856734487978, 0.012401210694467799, 0.012401210694467799, 0.013199932739196233, 0.011308222633260468], [0.007945182444930216, 0.00853371447788801, 0.009038170506137548, 0.009836892550865983, 0.010047082562636624, 0.011560450647385236, 0.012527324701530184, 0.013326046746258619, 0.0, 0.01328400874390449, 0.012191020682697158, 0.012191020682697158, 0.012191020682697158, 0.012527324701530184], [0.007356650411972423, 0.008239448461409114, 0.006936270388431142, 0.009584664536741214, 0.010257272574407264, 0.010635614595594417, 0.011055994619135699, 0.013115856734487978, 0.01328400874390449, 0.0, 0.014250882798049437, 0.015469984866319153, 0.012485286699176056, 0.014545148814528334], [0.007524802421388936, 0.006473852362535732, 0.006852194383722886, 0.008575752480242138, 0.007692954430805448, 0.010677652597948546, 0.01034134857911552, 0.012401210694467799, 0.012191020682697158, 0.014250882798049437, 0.0, 0.016647048932234742, 0.0174878089793173, 0.017025390953421895], [0.005759206322515554, 0.006936270388431142, 0.0070623843954935265, 0.0074407264166806795, 0.00874390448965865, 0.010509500588532034, 0.010845804607365058, 0.012401210694467799, 0.012191020682697158, 0.015469984866319153, 0.016647048932234742, 0.0, 0.0174878089793173, 0.016689086934588867], [0.005506978308390785, 0.006642004371952245, 0.0069783083907852695, 0.008071296451992602, 0.008071296451992602, 0.009122246510845805, 0.0097107785438036, 0.013199932739196233, 0.012191020682697158, 0.012485286699176056, 0.0174878089793173, 0.0174878089793173, 0.0, 0.024886497393643854], [0.005506978308390785, 0.0062216243484109635, 0.0065999663695981165, 0.008071296451992602, 0.008365562468471498, 0.011308222633260468, 0.011182108626198083, 0.011308222633260468, 0.012527324701530184, 0.014545148814528334, 0.017025390953421895, 0.016689086934588867, 0.024886497393643854, 0.0]], "sysname": ["SOURCE", "UFC", "IITB", "SJTU", "IPN", "RAC", "PKU", "AMU", "UMC", "NTHU", "POST", "CUUI", "NUCLEA", "CAMB"]}