{"sysname": ["IITB", "SJTU", "PKU", "RAC", "JMGR", "AMU", "IPN", "UFC", "src", "UMC", "NTHU", "NUCLEA", "CUUI", "POST", "CAMB"], "counts": [[0.0, 0.01585042375622695, 0.012162774147635376, 0.012421556576308468, 0.0084751245390438, 0.009510254253736172, 0.009251471825063078, 0.008216342110370705, 0.007957559681697613, 0.008927993789221713, 0.007569386038687973, 0.008992689396389985, 0.008539820146212072, 0.007763472860192793, 0.006663647538332147], [0.01585042375622695, 0.0, 0.013780164326842207, 0.010415992754091998, 0.01086886200426991, 0.010933557611438183, 0.008733906967716892, 0.008410428931875526, 0.007569386038687973, 0.008733906967716892, 0.0073752992171831535, 0.007828168467361066, 0.007892864074529339, 0.00731060361001488, 0.008410428931875526], [0.012162774147635376, 0.013780164326842207, 0.0, 0.010739470789933363, 0.010027819111082357, 0.009251471825063078, 0.008022255288865887, 0.008345733324707252, 0.009057385003558259, 0.008992689396389985, 0.007634081645856246, 0.008539820146212072, 0.008216342110370705, 0.00828103771753898, 0.007892864074529339], [0.012421556576308468, 0.010415992754091998, 0.010739470789933363, 0.0, 0.010415992754091998, 0.010415992754091998, 0.0084751245390438, 0.008410428931875526, 0.008798602574885165, 0.009574949860904444, 0.007698777253024519, 0.00828103771753898, 0.008086950896034159, 0.008669211360548618, 0.008151646503202433], [0.0084751245390438, 0.01086886200426991, 0.010027819111082357, 0.010415992754091998, 0.0, 0.008992689396389985, 0.00989842789674581, 0.00828103771753898, 0.009380863039399626, 0.009186776217894805, 0.010092514718250631, 0.008863298182053439, 0.010092514718250631, 0.008086950896034159, 0.009574949860904444], [0.009510254253736172, 0.010933557611438183, 0.009251471825063078, 0.010415992754091998, 0.008992689396389985, 0.0, 0.009186776217894805, 0.010157210325418903, 0.008798602574885165, 0.007892864074529339, 0.010221905932587178, 0.00970434107524099, 0.008539820146212072, 0.008927993789221713, 0.008927993789221713], [0.009251471825063078, 0.008733906967716892, 0.008022255288865887, 0.0084751245390438, 0.00989842789674581, 0.009186776217894805, 0.0, 0.010157210325418903, 0.009769036682409265, 0.00970434107524099, 0.008669211360548618, 0.010221905932587178, 0.009186776217894805, 0.008669211360548618, 0.00989842789674581], [0.008216342110370705, 0.008410428931875526, 0.008345733324707252, 0.008410428931875526, 0.00828103771753898, 0.010157210325418903, 0.010157210325418903, 0.0, 0.01048068836126027, 0.008927993789221713, 0.008863298182053439, 0.009833732289577537, 0.008798602574885165, 0.009445558646567898, 0.009380863039399626], [0.007957559681697613, 0.007569386038687973, 0.009057385003558259, 0.008798602574885165, 0.009380863039399626, 0.008798602574885165, 0.009769036682409265, 0.01048068836126027, 0.0, 0.009122080610726531, 0.009251471825063078, 0.009057385003558259, 0.008539820146212072, 0.009186776217894805, 0.009380863039399626], [0.008927993789221713, 0.008733906967716892, 0.008992689396389985, 0.009574949860904444, 0.009186776217894805, 0.007892864074529339, 0.00970434107524099, 0.008927993789221713, 0.009122080610726531, 0.0, 0.011709904897457463, 0.009769036682409265, 0.010804166397101637, 0.011127644432943003, 0.01106294882577473], [0.007569386038687973, 0.0073752992171831535, 0.007634081645856246, 0.007698777253024519, 0.010092514718250631, 0.010221905932587178, 0.008669211360548618, 0.008863298182053439, 0.009251471825063078, 0.011709904897457463, 0.0, 0.012162774147635376, 0.010415992754091998, 0.011645209290289189, 0.01106294882577473], [0.008992689396389985, 0.007828168467361066, 0.008539820146212072, 0.00828103771753898, 0.008863298182053439, 0.00970434107524099, 0.010221905932587178, 0.009833732289577537, 0.009057385003558259, 0.009769036682409265, 0.012162774147635376, 0.0, 0.013068512647991202, 0.011386426861616096, 0.011903991718962283], [0.008539820146212072, 0.007892864074529339, 0.008216342110370705, 0.008086950896034159, 0.010092514718250631, 0.008539820146212072, 0.009186776217894805, 0.008798602574885165, 0.008539820146212072, 0.010804166397101637, 0.010415992754091998, 0.013068512647991202, 0.0, 0.011321731254447824, 0.013003817040822927], [0.007763472860192793, 0.00731060361001488, 0.00828103771753898, 0.008669211360548618, 0.008086950896034159, 0.008927993789221713, 0.008669211360548618, 0.009445558646567898, 0.009186776217894805, 0.011127644432943003, 0.011645209290289189, 0.011386426861616096, 0.011321731254447824, 0.0, 0.015656336934722133], [0.006663647538332147, 0.008410428931875526, 0.007892864074529339, 0.008151646503202433, 0.009574949860904444, 0.008927993789221713, 0.00989842789674581, 0.009380863039399626, 0.009380863039399626, 0.01106294882577473, 0.01106294882577473, 0.011903991718962283, 0.013003817040822927, 0.015656336934722133, 0.0]]}