{"sysname": ["SOURCE", "UFC", "IITB", "PKU", "RAC", "SJTU", "IPN", "AMU", "UMC", "POST", "NTHU", "CUUI", "NUCLEA", "CAMB"], "counts": [[0.0, 0.015680174878089793, 0.014713300823944847, 0.011560450647385236, 0.01349419875567513, 0.011560450647385236, 0.010005044560282495, 0.010089120564990752, 0.008323524466117371, 0.0070623843954935265, 0.007819068437867832, 0.0069783083907852695, 0.007777030435513704, 0.008281486463763242], [0.015680174878089793, 0.0, 0.014503110812174206, 0.012106944677988903, 0.012443248696821927, 0.011602488649739364, 0.010005044560282495, 0.008827980494366908, 0.009374474524970573, 0.008365562468471498, 0.006852194383722886, 0.007987220447284345, 0.007734992433159576, 0.007692954430805448], [0.014713300823944847, 0.014503110812174206, 0.0, 0.012485286699176056, 0.01080376660501093, 0.012064906675634774, 0.011350260635614595, 0.009878930553220111, 0.008071296451992602, 0.008197410459054985, 0.008281486463763242, 0.008323524466117371, 0.007734992433159576, 0.00765091642845132], [0.011560450647385236, 0.012106944677988903, 0.012485286699176056, 0.0, 0.013662350765091643, 0.014292920800403565, 0.012863628720363209, 0.011854716663864133, 0.009122246510845805, 0.010887842609719187, 0.007566840423743064, 0.008617790482596267, 0.008659828484950395, 0.008155372456700857], [0.01349419875567513, 0.012443248696821927, 0.01080376660501093, 0.013662350765091643, 0.0, 0.012191020682697158, 0.01214898268034303, 0.010173196569699007, 0.010467462586177905, 0.008155372456700857, 0.009542626534387085, 0.008491676475533883, 0.009416512527324701, 0.00945855052967883], [0.011560450647385236, 0.011602488649739364, 0.012064906675634774, 0.014292920800403565, 0.012191020682697158, 0.0, 0.012863628720363209, 0.010383386581469648, 0.009038170506137548, 0.009290398520262318, 0.008659828484950395, 0.008701866487304524, 0.008155372456700857, 0.009374474524970573], [0.010005044560282495, 0.010005044560282495, 0.011350260635614595, 0.012863628720363209, 0.01214898268034303, 0.012863628720363209, 0.0, 0.012191020682697158, 0.012653438708592568, 0.01080376660501093, 0.008701866487304524, 0.007608878426097192, 0.008827980494366908, 0.011098032621489827], [0.010089120564990752, 0.008827980494366908, 0.009878930553220111, 0.011854716663864133, 0.010173196569699007, 0.010383386581469648, 0.012191020682697158, 0.0, 0.013115856734487978, 0.011896754666218262, 0.010719690600302674, 0.011098032621489827, 0.012485286699176056, 0.012106944677988903], [0.008323524466117371, 0.009374474524970573, 0.008071296451992602, 0.009122246510845805, 0.010467462586177905, 0.009038170506137548, 0.012653438708592568, 0.013115856734487978, 0.0, 0.01303178072977972, 0.012863628720363209, 0.013956616781570539, 0.011938792668572389, 0.013578274760383386], [0.0070623843954935265, 0.008365562468471498, 0.008197410459054985, 0.010887842609719187, 0.008155372456700857, 0.009290398520262318, 0.01080376660501093, 0.011896754666218262, 0.01303178072977972, 0.0, 0.015049604842777871, 0.014881452833361359, 0.015469984866319153, 0.014334958802757694], [0.007819068437867832, 0.006852194383722886, 0.008281486463763242, 0.007566840423743064, 0.009542626534387085, 0.008659828484950395, 0.008701866487304524, 0.010719690600302674, 0.012863628720363209, 0.015049604842777871, 0.0, 0.016310744913401714, 0.0174878089793173, 0.01757188498402556], [0.0069783083907852695, 0.007987220447284345, 0.008323524466117371, 0.008617790482596267, 0.008491676475533883, 0.008701866487304524, 0.007608878426097192, 0.011098032621489827, 0.013956616781570539, 0.014881452833361359, 0.016310744913401714, 0.0, 0.017403732974609048, 0.01736169497225492], [0.007777030435513704, 0.007734992433159576, 0.007734992433159576, 0.008659828484950395, 0.009416512527324701, 0.008155372456700857, 0.008827980494366908, 0.012485286699176056, 0.011938792668572389, 0.015469984866319153, 0.0174878089793173, 0.017403732974609048, 0.0, 0.01757188498402556], [0.008281486463763242, 0.007692954430805448, 0.00765091642845132, 0.008155372456700857, 0.00945855052967883, 0.009374474524970573, 0.011098032621489827, 0.012106944677988903, 0.013578274760383386, 0.014334958802757694, 0.01757188498402556, 0.01736169497225492, 0.01757188498402556, 0.0]]}