{"counts": [[0.0, 0.014405963398802294, 0.013107751580886971, 0.012563340173374094, 0.011767661962393735, 0.011432639557770427, 0.010636961346790066, 0.00975752753465388, 0.008459315716738558, 0.008668704719628125, 0.007998659910381506, 0.007496126303446543, 0.008668704719628125, 0.008626826919050212], [0.014405963398802294, 0.0, 0.014070940994178986, 0.012437706771640354, 0.012814606976841576, 0.011265128355458771, 0.010176305540433016, 0.010385694543322584, 0.008333682315004816, 0.009213116127141003, 0.007161103898823234, 0.0076636375057581975, 0.008208048913271076, 0.007789270907491938], [0.013107751580886971, 0.014070940994178986, 0.0, 0.012186439968172872, 0.012898362577997403, 0.01101386155199129, 0.011265128355458771, 0.009254993927718917, 0.008668704719628125, 0.009171238326563089, 0.008794338121361866, 0.00711922609824532, 0.008752460320783952, 0.008668704719628125], [0.012563340173374094, 0.012437706771640354, 0.012186439968172872, 0.0, 0.013945307592445244, 0.01206080656643913, 0.01067883914736798, 0.011474517358348339, 0.010385694543322584, 0.008417437916160644, 0.009254993927718917, 0.009296871728296829, 0.009506260731186399, 0.009296871728296829], [0.011767661962393735, 0.012814606976841576, 0.012898362577997403, 0.013945307592445244, 0.0, 0.013107751580886971, 0.011516395158926253, 0.010846350349679635, 0.009841283135809707, 0.00883621592193978, 0.008752460320783952, 0.008417437916160644, 0.009506260731186399, 0.00883621592193978], [0.011432639557770427, 0.011265128355458771, 0.01101386155199129, 0.01206080656643913, 0.013107751580886971, 0.0, 0.011055739352569203, 0.010846350349679635, 0.010050672138699276, 0.009254993927718917, 0.00871058252020604, 0.010427572343900498, 0.009213116127141003, 0.009590016332342225], [0.010636961346790066, 0.010176305540433016, 0.011265128355458771, 0.01067883914736798, 0.011516395158926253, 0.011055739352569203, 0.0, 0.013065873780309057, 0.011181372754302943, 0.011097617153147117, 0.009925038736965534, 0.00988316093638762, 0.009673771933498053, 0.010260061141588844], [0.00975752753465388, 0.010385694543322584, 0.009254993927718917, 0.011474517358348339, 0.010846350349679635, 0.010846350349679635, 0.013065873780309057, 0.0, 0.013735918589555677, 0.011642028560659995, 0.010469450144478412, 0.011390761757192513, 0.010971983751413375, 0.011307006156036685], [0.008459315716738558, 0.008333682315004816, 0.008668704719628125, 0.010385694543322584, 0.009841283135809707, 0.010050672138699276, 0.011181372754302943, 0.013735918589555677, 0.0, 0.01390342979186733, 0.012898362577997403, 0.011893295364127476, 0.011223250554880857, 0.013987185393023158], [0.008668704719628125, 0.009213116127141003, 0.009171238326563089, 0.008417437916160644, 0.00883621592193978, 0.009254993927718917, 0.011097617153147117, 0.011642028560659995, 0.01390342979186733, 0.0, 0.014489718999958122, 0.0141128187947569, 0.01377779639013359, 0.014782863604003518], [0.007998659910381506, 0.007161103898823234, 0.008794338121361866, 0.009254993927718917, 0.008752460320783952, 0.00871058252020604, 0.009925038736965534, 0.010469450144478412, 0.012898362577997403, 0.014489718999958122, 0.0, 0.015704175216717617, 0.01641609782654215, 0.016583609028853804], [0.007496126303446543, 0.0076636375057581975, 0.00711922609824532, 0.009296871728296829, 0.008417437916160644, 0.010427572343900498, 0.00988316093638762, 0.011390761757192513, 0.011893295364127476, 0.0141128187947569, 0.015704175216717617, 0.0, 0.01754679844214582, 0.01641609782654215], [0.008668704719628125, 0.008208048913271076, 0.008752460320783952, 0.009506260731186399, 0.009506260731186399, 0.009213116127141003, 0.009673771933498053, 0.010971983751413375, 0.011223250554880857, 0.01377779639013359, 0.01641609782654215, 0.01754679844214582, 0.0, 0.017630554043301647], [0.008626826919050212, 0.007789270907491938, 0.008668704719628125, 0.009296871728296829, 0.00883621592193978, 0.009590016332342225, 0.010260061141588844, 0.011307006156036685, 0.013987185393023158, 0.014782863604003518, 0.016583609028853804, 0.01641609782654215, 0.017630554043301647, 0.0]], "sysname": ["SOURCE", "UFC", "IITB", "PKU", "RAC", "SJTU", "IPN", "AMU", "UMC", "POST", "NTHU", "CUUI", "NUCLEA", "CAMB"]}