{"sysname": ["SOURCE", "UFC", "IITB", "SJTU", "IPN", "RAC", "PKU", "AMU", "UMC", "NTHU", "POST", "CUUI", "NUCLEA", "CAMB"], "counts": [[0.0, 0.018538759038170507, 0.01736169497225492, 0.013368084748612745, 0.012317134689759543, 0.009290398520262318, 0.010971918614427442, 0.008912056499075165, 0.007861106440221961, 0.008365562468471498, 0.00676811837901463, 0.006894232386077013, 0.006053472338994451, 0.005338826298974273], [0.018538759038170507, 0.0, 0.01689927694635951, 0.011854716663864133, 0.011770640659155876, 0.010845804607365058, 0.009752816546157726, 0.008575752480242138, 0.009290398520262318, 0.007819068437867832, 0.007398688414326551, 0.00651589036488986, 0.006557928367243989, 0.007146460400201783], [0.01736169497225492, 0.01689927694635951, 0.0, 0.013199932739196233, 0.012653438708592568, 0.010677652597948546, 0.01034134857911552, 0.008954094501429291, 0.009122246510845805, 0.00718849840255591, 0.0070623843954935265, 0.006726080376660501, 0.006642004371952245, 0.006726080376660501], [0.013368084748612745, 0.011854716663864133, 0.013199932739196233, 0.0, 0.014334958802757694, 0.012863628720363209, 0.011392298637968723, 0.009963006557928367, 0.010089120564990752, 0.007777030435513704, 0.009290398520262318, 0.007146460400201783, 0.008407600470825626, 0.008071296451992602], [0.012317134689759543, 0.011770640659155876, 0.012653438708592568, 0.014334958802757694, 0.0, 0.01235917269211367, 0.011980830670926517, 0.009626702539095342, 0.009416512527324701, 0.009038170506137548, 0.00853371447788801, 0.01034134857911552, 0.009878930553220111, 0.008575752480242138], [0.009290398520262318, 0.010845804607365058, 0.010677652597948546, 0.012863628720363209, 0.01235917269211367, 0.0, 0.01256936270388431, 0.011434336640322852, 0.01013115856734488, 0.011560450647385236, 0.009963006557928367, 0.00992096855557424, 0.009794854548511854, 0.009374474524970573], [0.010971918614427442, 0.009752816546157726, 0.01034134857911552, 0.011392298637968723, 0.011980830670926517, 0.01256936270388431, 0.0, 0.012401210694467799, 0.011560450647385236, 0.010761728602656801, 0.009836892550865983, 0.010509500588532034, 0.00924836051790819, 0.01126618463090634], [0.008912056499075165, 0.008575752480242138, 0.008954094501429291, 0.009963006557928367, 0.009626702539095342, 0.011434336640322852, 0.012401210694467799, 0.0, 0.014419034807465949, 0.011854716663864133, 0.014124768790987053, 0.012863628720363209, 0.010005044560282495, 0.01214898268034303], [0.007861106440221961, 0.009290398520262318, 0.009122246510845805, 0.010089120564990752, 0.009416512527324701, 0.01013115856734488, 0.011560450647385236, 0.014419034807465949, 0.0, 0.012653438708592568, 0.012191020682697158, 0.011980830670926517, 0.013662350765091643, 0.013115856734487978], [0.008365562468471498, 0.007819068437867832, 0.00718849840255591, 0.007777030435513704, 0.009038170506137548, 0.011560450647385236, 0.010761728602656801, 0.011854716663864133, 0.012653438708592568, 0.0, 0.015091642845132, 0.015722212880443922, 0.013578274760383386, 0.015680174878089793], [0.00676811837901463, 0.007398688414326551, 0.0070623843954935265, 0.009290398520262318, 0.00853371447788801, 0.009963006557928367, 0.009836892550865983, 0.014124768790987053, 0.012191020682697158, 0.015091642845132, 0.0, 0.015217756852194383, 0.016058516899276946, 0.01622666890869346], [0.006894232386077013, 0.00651589036488986, 0.006726080376660501, 0.007146460400201783, 0.01034134857911552, 0.00992096855557424, 0.010509500588532034, 0.012863628720363209, 0.011980830670926517, 0.015722212880443922, 0.015217756852194383, 0.0, 0.0174878089793173, 0.016647048932234742], [0.006053472338994451, 0.006557928367243989, 0.006642004371952245, 0.008407600470825626, 0.009878930553220111, 0.009794854548511854, 0.00924836051790819, 0.010005044560282495, 0.013662350765091643, 0.013578274760383386, 0.016058516899276946, 0.0174878089793173, 0.0, 0.02408777534891542], [0.005338826298974273, 0.007146460400201783, 0.006726080376660501, 0.008071296451992602, 0.008575752480242138, 0.009374474524970573, 0.01126618463090634, 0.01214898268034303, 0.013115856734487978, 0.015680174878089793, 0.01622666890869346, 0.016647048932234742, 0.02408777534891542, 0.0]]}