{"sysname": ["SOURCE", "UFC", "IITB", "SJTU", "PKU", "RAC", "IPN", "AMU", "UMC", "POST", "NTHU", "CUUI", "NUCLEA", "CAMB"], "counts": [[0.0, 0.01721177603752251, 0.015662297416139705, 0.012312073369906612, 0.011139494953725031, 0.012270195569328698, 0.009841283135809707, 0.009799405335231794, 0.007873026508647766, 0.0077055153063361114, 0.007370492901712802, 0.00711922609824532, 0.007412370702290716, 0.007202981699401147], [0.01721177603752251, 0.0, 0.015452908413250137, 0.01172578416181582, 0.01206080656643913, 0.011977050965283304, 0.010930105950835461, 0.008166171112693162, 0.008919971523095607, 0.007998659910381506, 0.007328615101134889, 0.008124293312115248, 0.006365425687842875, 0.007328615101134889], [0.015662297416139705, 0.015452908413250137, 0.0, 0.01239582897106244, 0.012353951170484526, 0.011558272959504167, 0.011432639557770427, 0.010301938942166758, 0.008166171112693162, 0.0077055153063361114, 0.007077348297667406, 0.0077473931069140245, 0.007035470497089493, 0.006951714895933665], [0.012312073369906612, 0.01172578416181582, 0.01239582897106244, 0.0, 0.012940240378575317, 0.013861551991289418, 0.011851417563549562, 0.011181372754302943, 0.009925038736965534, 0.008166171112693162, 0.008543071317894384, 0.008166171112693162, 0.007496126303446543, 0.009254993927718917], [0.011139494953725031, 0.01206080656643913, 0.012353951170484526, 0.012940240378575317, 0.0, 0.013526529586666109, 0.01423845219649064, 0.010971983751413375, 0.010008794338121362, 0.009129360525985175, 0.009129360525985175, 0.009087482725407261, 0.008668704719628125, 0.008878093722517693], [0.012270195569328698, 0.011977050965283304, 0.011558272959504167, 0.013861551991289418, 0.013526529586666109, 0.0, 0.013233384982620713, 0.009966916537543448, 0.009966916537543448, 0.008584949118472298, 0.00942250513003057, 0.008794338121361866, 0.008584949118472298, 0.009799405335231794], [0.009841283135809707, 0.010930105950835461, 0.011432639557770427, 0.011851417563549562, 0.01423845219649064, 0.013233384982620713, 0.0, 0.01088822815025755, 0.010176305540433016, 0.009925038736965534, 0.009045604924829347, 0.009841283135809707, 0.01009254993927719, 0.009045604924829347], [0.009799405335231794, 0.008166171112693162, 0.010301938942166758, 0.011181372754302943, 0.010971983751413375, 0.009966916537543448, 0.01088822815025755, 0.0, 0.014154696595334812, 0.01206080656643913, 0.013023995979731145, 0.010971983751413375, 0.01088822815025755, 0.012353951170484526], [0.007873026508647766, 0.008919971523095607, 0.008166171112693162, 0.009925038736965534, 0.010008794338121362, 0.009966916537543448, 0.010176305540433016, 0.014154696595334812, 0.0, 0.012982118179153231, 0.013400896184932367, 0.012898362577997403, 0.013065873780309057, 0.013861551991289418], [0.0077055153063361114, 0.007998659910381506, 0.0077055153063361114, 0.008166171112693162, 0.009129360525985175, 0.008584949118472298, 0.009925038736965534, 0.01206080656643913, 0.012982118179153231, 0.0, 0.0168767536328992, 0.015159763809204741, 0.015494786213828049, 0.016248586624230496], [0.007370492901712802, 0.007328615101134889, 0.007077348297667406, 0.008543071317894384, 0.009129360525985175, 0.00942250513003057, 0.009045604924829347, 0.013023995979731145, 0.013400896184932367, 0.0168767536328992, 0.0, 0.015578541814983877, 0.016164831023074668, 0.014615352401691864], [0.00711922609824532, 0.008124293312115248, 0.0077473931069140245, 0.008166171112693162, 0.009087482725407261, 0.008794338121361866, 0.009841283135809707, 0.010971983751413375, 0.012898362577997403, 0.015159763809204741, 0.015578541814983877, 0.0, 0.017379287239834163, 0.01662548682943172], [0.007412370702290716, 0.006365425687842875, 0.007035470497089493, 0.007496126303446543, 0.008668704719628125, 0.008584949118472298, 0.01009254993927719, 0.01088822815025755, 0.013065873780309057, 0.015494786213828049, 0.016164831023074668, 0.017379287239834163, 0.0, 0.0217764563005151], [0.007202981699401147, 0.007328615101134889, 0.006951714895933665, 0.009254993927718917, 0.008878093722517693, 0.009799405335231794, 0.009045604924829347, 0.012353951170484526, 0.013861551991289418, 0.016248586624230496, 0.014615352401691864, 0.01662548682943172, 0.0217764563005151, 0.0]]}