{"counts": [[0.0, 0.016352782915755842, 0.016016478896922818, 0.012317134689759543, 0.011392298637968723, 0.011980830670926517, 0.01080376660501093, 0.009164284513199932, 0.008197410459054985, 0.0074407264166806795, 0.006936270388431142, 0.007692954430805448, 0.007272574407264167, 0.007819068437867832], [0.016352782915755842, 0.0, 0.01576425088279805, 0.01147637464267698, 0.013620312762737515, 0.011644526652093493, 0.01034134857911552, 0.00945855052967883, 0.00790314444257609, 0.007020346393139398, 0.006852194383722886, 0.007020346393139398, 0.00878594249201278, 0.007482764419034807], [0.016016478896922818, 0.01576425088279805, 0.0, 0.011560450647385236, 0.011392298637968723, 0.011098032621489827, 0.010173196569699007, 0.00966874054144947, 0.008701866487304524, 0.00878594249201278, 0.008197410459054985, 0.007692954430805448, 0.0070623843954935265, 0.007734992433159576], [0.012317134689759543, 0.01147637464267698, 0.011560450647385236, 0.0, 0.01328400874390449, 0.01307381873213385, 0.01261140070623844, 0.009542626534387085, 0.009500588532032958, 0.009080208508491677, 0.009374474524970573, 0.008659828484950395, 0.00878594249201278, 0.008155372456700857], [0.011392298637968723, 0.013620312762737515, 0.011392298637968723, 0.01328400874390449, 0.0, 0.014082730788632924, 0.014040692786278796, 0.011098032621489827, 0.010257272574407264, 0.009164284513199932, 0.007987220447284345, 0.007945182444930216, 0.00853371447788801, 0.00920632251555406], [0.011980830670926517, 0.011644526652093493, 0.011098032621489827, 0.01307381873213385, 0.014082730788632924, 0.0, 0.012401210694467799, 0.012527324701530184, 0.00945855052967883, 0.009416512527324701, 0.009290398520262318, 0.008323524466117371, 0.008575752480242138, 0.008365562468471498], [0.01080376660501093, 0.01034134857911552, 0.010173196569699007, 0.01261140070623844, 0.014040692786278796, 0.012401210694467799, 0.0, 0.01172860265680175, 0.010677652597948546, 0.010299310576761393, 0.010173196569699007, 0.00945855052967883, 0.008912056499075165, 0.009542626534387085], [0.009164284513199932, 0.00945855052967883, 0.00966874054144947, 0.009542626534387085, 0.011098032621489827, 0.012527324701530184, 0.01172860265680175, 0.0, 0.01307381873213385, 0.011518412645031109, 0.010929880612073315, 0.011392298637968723, 0.011812678661510005, 0.013157894736842105], [0.008197410459054985, 0.00790314444257609, 0.008701866487304524, 0.009500588532032958, 0.010257272574407264, 0.00945855052967883, 0.010677652597948546, 0.01307381873213385, 0.0, 0.015091642845132, 0.013115856734487978, 0.01261140070623844, 0.013157894736842105, 0.01349419875567513], [0.0074407264166806795, 0.007020346393139398, 0.00878594249201278, 0.009080208508491677, 0.009164284513199932, 0.009416512527324701, 0.010299310576761393, 0.011518412645031109, 0.015091642845132, 0.0, 0.01580628888515218, 0.014208844795695308, 0.01576425088279805, 0.01416680679334118], [0.006936270388431142, 0.006852194383722886, 0.008197410459054985, 0.009374474524970573, 0.007987220447284345, 0.009290398520262318, 0.010173196569699007, 0.010929880612073315, 0.013115856734487978, 0.01580628888515218, 0.0, 0.016100554901631075, 0.01530183285690264, 0.017277618967546662], [0.007692954430805448, 0.007020346393139398, 0.007692954430805448, 0.008659828484950395, 0.007945182444930216, 0.008323524466117371, 0.00945855052967883, 0.011392298637968723, 0.01261140070623844, 0.014208844795695308, 0.016100554901631075, 0.0, 0.018076341012275097, 0.018538759038170507], [0.007272574407264167, 0.00878594249201278, 0.0070623843954935265, 0.00878594249201278, 0.00853371447788801, 0.008575752480242138, 0.008912056499075165, 0.011812678661510005, 0.013157894736842105, 0.01576425088279805, 0.01530183285690264, 0.018076341012275097, 0.0, 0.019043215066420045], [0.007819068437867832, 0.007482764419034807, 0.007734992433159576, 0.008155372456700857, 0.00920632251555406, 0.008365562468471498, 0.009542626534387085, 0.013157894736842105, 0.01349419875567513, 0.01416680679334118, 0.017277618967546662, 0.018538759038170507, 0.019043215066420045, 0.0]], "sysname": ["SOURCE", "UFC", "IITB", "SJTU", "PKU", "RAC", "IPN", "AMU", "UMC", "POST", "NTHU", "CUUI", "NUCLEA", "CAMB"]}