{"sysname": ["IITB", "SJTU", "PKU", "RAC", "IPN", "JMGR", "AMU", "src", "UFC", "UMC", "NTHU", "CUUI", "NUCLEA", "POST", "CAMB"], "counts": [[0.0, 0.018502943650126155, 0.011192340040111276, 0.010092514718250631, 0.009122080610726531, 0.009639645468072718, 0.007957559681697613, 0.009574949860904444, 0.009445558646567898, 0.008410428931875526, 0.007698777253024519, 0.00731060361001488, 0.00731060361001488, 0.007957559681697613, 0.007698777253024519], [0.018502943650126155, 0.0, 0.012680339004981563, 0.009186776217894805, 0.011192340040111276, 0.009639645468072718, 0.008669211360548618, 0.009316167432231352, 0.009057385003558259, 0.0075046904315197, 0.008022255288865887, 0.007569386038687973, 0.008086950896034159, 0.0075046904315197, 0.0073752992171831535], [0.011192340040111276, 0.012680339004981563, 0.0, 0.011968687326130555, 0.008992689396389985, 0.00970434107524099, 0.008863298182053439, 0.008669211360548618, 0.009510254253736172, 0.009251471825063078, 0.007698777253024519, 0.008086950896034159, 0.007957559681697613, 0.008345733324707252, 0.008022255288865887], [0.010092514718250631, 0.009186776217894805, 0.011968687326130555, 0.0, 0.00970434107524099, 0.010092514718250631, 0.010545383968428544, 0.007439994824351427, 0.009380863039399626, 0.0075046904315197, 0.009510254253736172, 0.009122080610726531, 0.009574949860904444, 0.007634081645856246, 0.009122080610726531], [0.009122080610726531, 0.011192340040111276, 0.008992689396389985, 0.00970434107524099, 0.0, 0.009186776217894805, 0.01106294882577473, 0.008086950896034159, 0.008022255288865887, 0.009963123503914085, 0.008863298182053439, 0.009186776217894805, 0.00828103771753898, 0.008669211360548618, 0.009251471825063078], [0.009639645468072718, 0.009639645468072718, 0.00970434107524099, 0.010092514718250631, 0.009186776217894805, 0.0, 0.009769036682409265, 0.008927993789221713, 0.008539820146212072, 0.009510254253736172, 0.010351297146923724, 0.008927993789221713, 0.008733906967716892, 0.008669211360548618, 0.00989842789674581], [0.007957559681697613, 0.008669211360548618, 0.008863298182053439, 0.010545383968428544, 0.01106294882577473, 0.009769036682409265, 0.0, 0.010804166397101637, 0.009122080610726531, 0.009057385003558259, 0.009574949860904444, 0.008798602574885165, 0.010351297146923724, 0.008086950896034159, 0.00970434107524099], [0.009574949860904444, 0.009316167432231352, 0.008669211360548618, 0.007439994824351427, 0.008086950896034159, 0.008927993789221713, 0.010804166397101637, 0.0, 0.010092514718250631, 0.008863298182053439, 0.008410428931875526, 0.008992689396389985, 0.008410428931875526, 0.008669211360548618, 0.01048068836126027], [0.009445558646567898, 0.009057385003558259, 0.009510254253736172, 0.009380863039399626, 0.008022255288865887, 0.008539820146212072, 0.009122080610726531, 0.010092514718250631, 0.0, 0.008410428931875526, 0.008992689396389985, 0.008992689396389985, 0.009186776217894805, 0.009445558646567898, 0.008927993789221713], [0.008410428931875526, 0.0075046904315197, 0.009251471825063078, 0.0075046904315197, 0.009963123503914085, 0.009510254253736172, 0.009057385003558259, 0.008863298182053439, 0.008410428931875526, 0.0, 0.01145112246878437, 0.01028660153975545, 0.011645209290289189, 0.011774600504625737, 0.011127644432943003], [0.007698777253024519, 0.008022255288865887, 0.007698777253024519, 0.009510254253736172, 0.008863298182053439, 0.010351297146923724, 0.009574949860904444, 0.008410428931875526, 0.008992689396389985, 0.01145112246878437, 0.0, 0.011192340040111276, 0.01125703564727955, 0.01106294882577473, 0.010804166397101637], [0.00731060361001488, 0.007569386038687973, 0.008086950896034159, 0.009122080610726531, 0.009186776217894805, 0.008927993789221713, 0.008798602574885165, 0.008992689396389985, 0.008992689396389985, 0.01028660153975545, 0.011192340040111276, 0.0, 0.01203338293329883, 0.013521381898169114, 0.012292165361971922], [0.00731060361001488, 0.008086950896034159, 0.007957559681697613, 0.009574949860904444, 0.00828103771753898, 0.008733906967716892, 0.010351297146923724, 0.008410428931875526, 0.009186776217894805, 0.011645209290289189, 0.01125703564727955, 0.01203338293329883, 0.0, 0.012356860969140196, 0.013844859934010481], [0.007957559681697613, 0.0075046904315197, 0.008345733324707252, 0.007634081645856246, 0.008669211360548618, 0.008669211360548618, 0.008086950896034159, 0.008669211360548618, 0.009445558646567898, 0.011774600504625737, 0.01106294882577473, 0.013521381898169114, 0.012356860969140196, 0.0, 0.01365077311250566], [0.007698777253024519, 0.0073752992171831535, 0.008022255288865887, 0.009122080610726531, 0.009251471825063078, 0.00989842789674581, 0.00970434107524099, 0.01048068836126027, 0.008927993789221713, 0.011127644432943003, 0.010804166397101637, 0.012292165361971922, 0.013844859934010481, 0.01365077311250566, 0.0]]}