{"counts": [[0.0, 0.019001177064065917, 0.018706911047587017, 0.011896754666218262, 0.010719690600302674, 0.010761728602656801, 0.010845804607365058, 0.009374474524970573, 0.007945182444930216, 0.006894232386077013, 0.006473852362535732, 0.006684042374306373, 0.007104422397847654, 0.005969396334286194], [0.019001177064065917, 0.0, 0.01799226500756684, 0.013241970741550362, 0.01235917269211367, 0.010257272574407264, 0.009542626534387085, 0.007314612409618295, 0.008323524466117371, 0.006726080376660501, 0.006936270388431142, 0.007230536404910039, 0.007146460400201783, 0.006431814360181604], [0.018706911047587017, 0.01799226500756684, 0.0, 0.012401210694467799, 0.012317134689759543, 0.010257272574407264, 0.010047082562636624, 0.008029258449638473, 0.00853371447788801, 0.00790314444257609, 0.006347738355473348, 0.007566840423743064, 0.006852194383722886, 0.006473852362535732], [0.011896754666218262, 0.013241970741550362, 0.012401210694467799, 0.0, 0.013662350765091643, 0.012443248696821927, 0.013115856734487978, 0.00945855052967883, 0.008281486463763242, 0.008407600470825626, 0.009080208508491677, 0.00790314444257609, 0.008575752480242138, 0.008870018496721036], [0.010719690600302674, 0.01235917269211367, 0.012317134689759543, 0.013662350765091643, 0.0, 0.014587186816882461, 0.012737514713300825, 0.010719690600302674, 0.010005044560282495, 0.00945855052967883, 0.008954094501429291, 0.008617790482596267, 0.008491676475533883, 0.008239448461409114], [0.010761728602656801, 0.010257272574407264, 0.010257272574407264, 0.012443248696821927, 0.014587186816882461, 0.0, 0.012695476710946696, 0.01214898268034303, 0.011812678661510005, 0.010257272574407264, 0.009963006557928367, 0.009080208508491677, 0.008954094501429291, 0.008449638473179755], [0.010845804607365058, 0.009542626534387085, 0.010047082562636624, 0.013115856734487978, 0.012737514713300825, 0.012695476710946696, 0.0, 0.012695476710946696, 0.011854716663864133, 0.011055994619135699, 0.009963006557928367, 0.009584664536741214, 0.009500588532032958, 0.009416512527324701], [0.009374474524970573, 0.007314612409618295, 0.008029258449638473, 0.00945855052967883, 0.010719690600302674, 0.01214898268034303, 0.012695476710946696, 0.0, 0.014461072809820077, 0.012106944677988903, 0.012905666722717337, 0.012022868673280646, 0.011434336640322852, 0.012191020682697158], [0.007945182444930216, 0.008323524466117371, 0.00853371447788801, 0.008281486463763242, 0.010005044560282495, 0.011812678661510005, 0.011854716663864133, 0.014461072809820077, 0.0, 0.013157894736842105, 0.012401210694467799, 0.01353623675802926, 0.012106944677988903, 0.01307381873213385], [0.006894232386077013, 0.006726080376660501, 0.00790314444257609, 0.008407600470825626, 0.00945855052967883, 0.010257272574407264, 0.011055994619135699, 0.012106944677988903, 0.013157894736842105, 0.0, 0.01622666890869346, 0.0164368589204641, 0.013199932739196233, 0.015175718849840255], [0.006473852362535732, 0.006936270388431142, 0.006347738355473348, 0.009080208508491677, 0.008954094501429291, 0.009963006557928367, 0.009963006557928367, 0.012905666722717337, 0.012401210694467799, 0.01622666890869346, 0.0, 0.015133680847486128, 0.016605010929880613, 0.01685723894400538], [0.006684042374306373, 0.007230536404910039, 0.007566840423743064, 0.00790314444257609, 0.008617790482596267, 0.009080208508491677, 0.009584664536741214, 0.012022868673280646, 0.01353623675802926, 0.0164368589204641, 0.015133680847486128, 0.0, 0.016310744913401714, 0.017908189002858583], [0.007104422397847654, 0.007146460400201783, 0.006852194383722886, 0.008575752480242138, 0.008491676475533883, 0.008954094501429291, 0.009500588532032958, 0.011434336640322852, 0.012106944677988903, 0.013199932739196233, 0.016605010929880613, 0.016310744913401714, 0.0, 0.025096687405414493], [0.005969396334286194, 0.006431814360181604, 0.006473852362535732, 0.008870018496721036, 0.008239448461409114, 0.008449638473179755, 0.009416512527324701, 0.012191020682697158, 0.01307381873213385, 0.015175718849840255, 0.01685723894400538, 0.017908189002858583, 0.025096687405414493, 0.0]], "sysname": ["SOURCE", "UFC", "IITB", "SJTU", "IPN", "RAC", "PKU", "AMU", "UMC", "NTHU", "POST", "CUUI", "NUCLEA", "CAMB"]}