{"counts": [[0.0, 0.021608332794203274, 0.009769036682409265, 0.010998253218606457, 0.007634081645856246, 0.009833732289577537, 0.009122080610726531, 0.008733906967716892, 0.00828103771753898, 0.007957559681697613, 0.008022255288865887, 0.007439994824351427, 0.007051821181341787, 0.008022255288865887, 0.006987125574173514], [0.021608332794203274, 0.0, 0.011515818075952642, 0.009380863039399626, 0.009769036682409265, 0.008410428931875526, 0.009380863039399626, 0.0084751245390438, 0.008410428931875526, 0.0073752992171831535, 0.00711651678851006, 0.008410428931875526, 0.008086950896034159, 0.00828103771753898, 0.00711651678851006], [0.009769036682409265, 0.011515818075952642, 0.0, 0.010933557611438183, 0.011386426861616096, 0.009769036682409265, 0.009251471825063078, 0.008022255288865887, 0.008539820146212072, 0.009057385003558259, 0.008992689396389985, 0.007439994824351427, 0.009510254253736172, 0.008086950896034159, 0.008992689396389985], [0.010998253218606457, 0.009380863039399626, 0.010933557611438183, 0.0, 0.009186776217894805, 0.010545383968428544, 0.009574949860904444, 0.010610079575596816, 0.008086950896034159, 0.008927993789221713, 0.009186776217894805, 0.008733906967716892, 0.008151646503202433, 0.008733906967716892, 0.007698777253024519], [0.007634081645856246, 0.009769036682409265, 0.011386426861616096, 0.009186776217894805, 0.0, 0.010739470789933363, 0.010415992754091998, 0.008216342110370705, 0.008216342110370705, 0.009057385003558259, 0.008798602574885165, 0.008863298182053439, 0.008604515753380346, 0.00828103771753898, 0.010351297146923724], [0.009833732289577537, 0.008410428931875526, 0.009769036682409265, 0.010545383968428544, 0.010739470789933363, 0.0, 0.01086886200426991, 0.009574949860904444, 0.009316167432231352, 0.008604515753380346, 0.009380863039399626, 0.008992689396389985, 0.009510254253736172, 0.008345733324707252, 0.008927993789221713], [0.009122080610726531, 0.009380863039399626, 0.009251471825063078, 0.009574949860904444, 0.010415992754091998, 0.01086886200426991, 0.0, 0.00970434107524099, 0.009510254253736172, 0.01028660153975545, 0.008669211360548618, 0.008539820146212072, 0.009963123503914085, 0.007957559681697613, 0.008992689396389985], [0.008733906967716892, 0.0084751245390438, 0.008022255288865887, 0.010610079575596816, 0.008216342110370705, 0.009574949860904444, 0.00970434107524099, 0.0, 0.010739470789933363, 0.009057385003558259, 0.008798602574885165, 0.008992689396389985, 0.009639645468072718, 0.007439994824351427, 0.008669211360548618], [0.00828103771753898, 0.008410428931875526, 0.008539820146212072, 0.008086950896034159, 0.008216342110370705, 0.009316167432231352, 0.009510254253736172, 0.010739470789933363, 0.0, 0.010351297146923724, 0.01028660153975545, 0.007957559681697613, 0.00989842789674581, 0.008927993789221713, 0.008539820146212072], [0.007957559681697613, 0.0073752992171831535, 0.009057385003558259, 0.008927993789221713, 0.009057385003558259, 0.008604515753380346, 0.01028660153975545, 0.009057385003558259, 0.010351297146923724, 0.0, 0.011645209290289189, 0.009963123503914085, 0.00989842789674581, 0.01145112246878437, 0.011321731254447824], [0.008022255288865887, 0.00711651678851006, 0.008992689396389985, 0.009186776217894805, 0.008798602574885165, 0.009380863039399626, 0.008669211360548618, 0.008798602574885165, 0.01028660153975545, 0.011645209290289189, 0.0, 0.012421556576308468, 0.010351297146923724, 0.010027819111082357, 0.011127644432943003], [0.007439994824351427, 0.008410428931875526, 0.007439994824351427, 0.008733906967716892, 0.008863298182053439, 0.008992689396389985, 0.008539820146212072, 0.008992689396389985, 0.007957559681697613, 0.009963123503914085, 0.012421556576308468, 0.0, 0.011709904897457463, 0.013715468719673935, 0.012939121433654655], [0.007051821181341787, 0.008086950896034159, 0.009510254253736172, 0.008151646503202433, 0.008604515753380346, 0.009510254253736172, 0.009963123503914085, 0.009639645468072718, 0.00989842789674581, 0.00989842789674581, 0.010351297146923724, 0.011709904897457463, 0.0, 0.013068512647991202, 0.0140389467555153], [0.008022255288865887, 0.00828103771753898, 0.008086950896034159, 0.008733906967716892, 0.00828103771753898, 0.008345733324707252, 0.007957559681697613, 0.007439994824351427, 0.008927993789221713, 0.01145112246878437, 0.010027819111082357, 0.013715468719673935, 0.013068512647991202, 0.0, 0.015721032541890407], [0.006987125574173514, 0.00711651678851006, 0.008992689396389985, 0.007698777253024519, 0.010351297146923724, 0.008927993789221713, 0.008992689396389985, 0.008669211360548618, 0.008539820146212072, 0.011321731254447824, 0.011127644432943003, 0.012939121433654655, 0.0140389467555153, 0.015721032541890407, 0.0]], "sysname": ["IITB", "SJTU", "PKU", "RAC", "IPN", "AMU", "JMGR", "src", "UFC", "UMC", "NTHU", "CUUI", "NUCLEA", "POST", "CAMB"]}