{"sysname": ["SOURCE", "UFC", "IITB", "SJTU", "IPN", "RAC", "PKU", "UMC", "AMU", "NTHU", "POST", "CUUI", "NUCLEA", "CAMB"], "counts": [[0.0, 0.019138154864106537, 0.019138154864106537, 0.013861551991289418, 0.011307006156036685, 0.009966916537543448, 0.009925038736965534, 0.008166171112693162, 0.007831148708069852, 0.006449181288998702, 0.006867959294777838, 0.006114158884375393, 0.006784203693622011, 0.006784203693622011], [0.019138154864106537, 0.0, 0.01838435445370409, 0.012982118179153231, 0.012312073369906612, 0.011307006156036685, 0.010050672138699276, 0.0075798819046023706, 0.008668704719628125, 0.007621759705180284, 0.0066585702918882704, 0.006784203693622011, 0.005988525482641652, 0.0057372586791741694], [0.019138154864106537, 0.01838435445370409, 0.0, 0.011977050965283304, 0.011307006156036685, 0.01172578416181582, 0.01067883914736798, 0.008794338121361866, 0.008417437916160644, 0.008082415511537334, 0.006072281083797479, 0.0067004480924661835, 0.006114158884375393, 0.00586289208090791], [0.013861551991289418, 0.012982118179153231, 0.011977050965283304, 0.0, 0.01423845219649064, 0.012940240378575317, 0.011893295364127476, 0.009254993927718917, 0.010134427739855102, 0.008208048913271076, 0.008333682315004816, 0.007998659910381506, 0.008082415511537334, 0.007956782109803592], [0.011307006156036685, 0.012312073369906612, 0.011307006156036685, 0.01423845219649064, 0.0, 0.013652162988399849, 0.012102684367017044, 0.010971983751413375, 0.009548138531764313, 0.00975752753465388, 0.009171238326563089, 0.008961849323673521, 0.008208048913271076, 0.009045604924829347], [0.009966916537543448, 0.011307006156036685, 0.01172578416181582, 0.012940240378575317, 0.013652162988399849, 0.0, 0.012437706771640354, 0.010762594748523808, 0.011390761757192513, 0.009171238326563089, 0.009631894132920139, 0.009715649734075966, 0.009087482725407261, 0.008543071317894384], [0.009925038736965534, 0.010050672138699276, 0.01067883914736798, 0.011893295364127476, 0.012102684367017044, 0.012437706771640354, 0.0, 0.012102684367017044, 0.013317140583776541, 0.010469450144478412, 0.010971983751413375, 0.009380627329452657, 0.008919971523095607, 0.011181372754302943], [0.008166171112693162, 0.0075798819046023706, 0.008794338121361866, 0.009254993927718917, 0.010971983751413375, 0.010762594748523808, 0.012102684367017044, 0.0, 0.014950374806315172, 0.013107751580886971, 0.013023995979731145, 0.012144562167594958, 0.012102684367017044, 0.012688973575107836], [0.007831148708069852, 0.008668704719628125, 0.008417437916160644, 0.010134427739855102, 0.009548138531764313, 0.011390761757192513, 0.013317140583776541, 0.014950374806315172, 0.0, 0.012018928765861216, 0.01285648477741949, 0.012772729176263663, 0.01193517316470539, 0.01101386155199129], [0.006449181288998702, 0.007621759705180284, 0.008082415511537334, 0.008208048913271076, 0.00975752753465388, 0.009171238326563089, 0.010469450144478412, 0.013107751580886971, 0.012018928765861216, 0.0, 0.016039197621340928, 0.015871686419029273, 0.01423845219649064, 0.015997319820763013], [0.006867959294777838, 0.0066585702918882704, 0.006072281083797479, 0.008333682315004816, 0.009171238326563089, 0.009631894132920139, 0.010971983751413375, 0.013023995979731145, 0.01285648477741949, 0.016039197621340928, 0.0, 0.01620670882365258, 0.0159554420201851, 0.01608107542191884], [0.006114158884375393, 0.006784203693622011, 0.0067004480924661835, 0.007998659910381506, 0.008961849323673521, 0.009715649734075966, 0.009380627329452657, 0.012144562167594958, 0.012772729176263663, 0.015871686419029273, 0.01620670882365258, 0.0, 0.01746304284098999, 0.01767243184387956], [0.006784203693622011, 0.005988525482641652, 0.006114158884375393, 0.008082415511537334, 0.008208048913271076, 0.009087482725407261, 0.008919971523095607, 0.012102684367017044, 0.01193517316470539, 0.01423845219649064, 0.0159554420201851, 0.01746304284098999, 0.0, 0.02617362536119603], [0.006784203693622011, 0.0057372586791741694, 0.00586289208090791, 0.007956782109803592, 0.009045604924829347, 0.008543071317894384, 0.011181372754302943, 0.012688973575107836, 0.01101386155199129, 0.015997319820763013, 0.01608107542191884, 0.01767243184387956, 0.02617362536119603, 0.0]]}