{"counts": [[0.0, 0.02012033382933299, 0.010998253218606457, 0.009833732289577537, 0.01067477518276509, 0.00672834314550042, 0.009445558646567898, 0.009574949860904444, 0.010157210325418903, 0.008539820146212072, 0.007698777253024519, 0.007439994824351427, 0.0069224299670052405, 0.007698777253024519, 0.006275473895322507], [0.02012033382933299, 0.0, 0.010092514718250631, 0.009769036682409265, 0.010739470789933363, 0.009380863039399626, 0.009510254253736172, 0.009445558646567898, 0.008733906967716892, 0.007698777253024519, 0.00731060361001488, 0.009510254253736172, 0.00672834314550042, 0.006987125574173514, 0.007181212395678333], [0.010998253218606457, 0.010092514718250631, 0.0, 0.01086886200426991, 0.009963123503914085, 0.008216342110370705, 0.009380863039399626, 0.009316167432231352, 0.009574949860904444, 0.009639645468072718, 0.008151646503202433, 0.008604515753380346, 0.008927993789221713, 0.00711651678851006, 0.00989842789674581], [0.009833732289577537, 0.009769036682409265, 0.01086886200426991, 0.0, 0.011515818075952642, 0.009574949860904444, 0.009574949860904444, 0.010027819111082357, 0.008216342110370705, 0.0084751245390438, 0.008022255288865887, 0.009122080610726531, 0.008022255288865887, 0.008022255288865887, 0.008992689396389985], [0.01067477518276509, 0.010739470789933363, 0.009963123503914085, 0.011515818075952642, 0.0, 0.008669211360548618, 0.007763472860192793, 0.008927993789221713, 0.009251471825063078, 0.008216342110370705, 0.010351297146923724, 0.007569386038687973, 0.008669211360548618, 0.008798602574885165, 0.009574949860904444], [0.00672834314550042, 0.009380863039399626, 0.008216342110370705, 0.009574949860904444, 0.008669211360548618, 0.0, 0.010415992754091998, 0.009639645468072718, 0.010804166397101637, 0.009122080610726531, 0.009639645468072718, 0.010221905932587178, 0.008086950896034159, 0.008410428931875526, 0.008539820146212072], [0.009445558646567898, 0.009510254253736172, 0.009380863039399626, 0.009574949860904444, 0.007763472860192793, 0.010415992754091998, 0.0, 0.010027819111082357, 0.009574949860904444, 0.008604515753380346, 0.009510254253736172, 0.008216342110370705, 0.008927993789221713, 0.007828168467361066, 0.008216342110370705], [0.009574949860904444, 0.009445558646567898, 0.009316167432231352, 0.010027819111082357, 0.008927993789221713, 0.009639645468072718, 0.010027819111082357, 0.0, 0.010221905932587178, 0.009057385003558259, 0.008733906967716892, 0.009122080610726531, 0.008733906967716892, 0.009833732289577537, 0.009574949860904444], [0.010157210325418903, 0.008733906967716892, 0.009574949860904444, 0.008216342110370705, 0.009251471825063078, 0.010804166397101637, 0.009574949860904444, 0.010221905932587178, 0.0, 0.00989842789674581, 0.010739470789933363, 0.008669211360548618, 0.009769036682409265, 0.00828103771753898, 0.008992689396389985], [0.008539820146212072, 0.007698777253024519, 0.009639645468072718, 0.0084751245390438, 0.008216342110370705, 0.009122080610726531, 0.008604515753380346, 0.009057385003558259, 0.00989842789674581, 0.0, 0.013586077505337387, 0.010027819111082357, 0.010933557611438183, 0.010415992754091998, 0.010610079575596816], [0.007698777253024519, 0.00731060361001488, 0.008151646503202433, 0.008022255288865887, 0.010351297146923724, 0.009639645468072718, 0.009510254253736172, 0.008733906967716892, 0.010739470789933363, 0.013586077505337387, 0.0, 0.00989842789674581, 0.009445558646567898, 0.010415992754091998, 0.010739470789933363], [0.007439994824351427, 0.009510254253736172, 0.008604515753380346, 0.009122080610726531, 0.007569386038687973, 0.010221905932587178, 0.008216342110370705, 0.009122080610726531, 0.008669211360548618, 0.010027819111082357, 0.00989842789674581, 0.0, 0.01481529404153458, 0.011709904897457463, 0.011192340040111276], [0.0069224299670052405, 0.00672834314550042, 0.008927993789221713, 0.008022255288865887, 0.008669211360548618, 0.008086950896034159, 0.008927993789221713, 0.008733906967716892, 0.009769036682409265, 0.010933557611438183, 0.009445558646567898, 0.01481529404153458, 0.0, 0.015332858898880766, 0.014168337969851848], [0.007698777253024519, 0.006987125574173514, 0.00711651678851006, 0.008022255288865887, 0.008798602574885165, 0.008410428931875526, 0.007828168467361066, 0.009833732289577537, 0.00828103771753898, 0.010415992754091998, 0.010415992754091998, 0.011709904897457463, 0.015332858898880766, 0.0, 0.017079640292424144], [0.006275473895322507, 0.007181212395678333, 0.00989842789674581, 0.008992689396389985, 0.009574949860904444, 0.008539820146212072, 0.008216342110370705, 0.009574949860904444, 0.008992689396389985, 0.010610079575596816, 0.010739470789933363, 0.011192340040111276, 0.014168337969851848, 0.017079640292424144, 0.0]], "sysname": ["IITB", "SJTU", "PKU", "IPN", "RAC", "UFC", "src", "JMGR", "AMU", "UMC", "NTHU", "CUUI", "NUCLEA", "POST", "CAMB"]}