{"counts": [[0.0, 0.018509987855437834, 0.01700238703463294, 0.013023995979731145, 0.012102684367017044, 0.009631894132920139, 0.009548138531764313, 0.008752460320783952, 0.007831148708069852, 0.007286737300556975, 0.008291804514426902, 0.0075798819046023706, 0.006491059089576616, 0.006281670086687047], [0.018509987855437834, 0.0, 0.01767243184387956, 0.012228317768750786, 0.011474517358348339, 0.009506260731186399, 0.010762594748523808, 0.007998659910381506, 0.008668704719628125, 0.00804053771095942, 0.007370492901712802, 0.007496126303446543, 0.006574814690732443, 0.006784203693622011], [0.01700238703463294, 0.01767243184387956, 0.0, 0.013735918589555677, 0.01239582897106244, 0.009966916537543448, 0.009925038736965534, 0.009087482725407261, 0.008459315716738558, 0.007328615101134889, 0.007035470497089493, 0.007538004104024457, 0.007286737300556975, 0.006156036684953306], [0.013023995979731145, 0.012228317768750786, 0.013735918589555677, 0.0, 0.013610285187821935, 0.012982118179153231, 0.011809539762971649, 0.009003727124251435, 0.010427572343900498, 0.008878093722517693, 0.008333682315004816, 0.007412370702290716, 0.0077055153063361114, 0.008626826919050212], [0.012102684367017044, 0.011474517358348339, 0.01239582897106244, 0.013610285187821935, 0.0, 0.013819674190711504, 0.011516395158926253, 0.01088822815025755, 0.01021818334101093, 0.00942250513003057, 0.009673771933498053, 0.008124293312115248, 0.007998659910381506, 0.00942250513003057], [0.009631894132920139, 0.009506260731186399, 0.009966916537543448, 0.012982118179153231, 0.013819674190711504, 0.0, 0.014029063193601072, 0.01172578416181582, 0.010469450144478412, 0.010636961346790066, 0.009631894132920139, 0.010050672138699276, 0.009380627329452657, 0.009715649734075966], [0.009548138531764313, 0.010762594748523808, 0.009925038736965534, 0.011809539762971649, 0.011516395158926253, 0.014029063193601072, 0.0, 0.012688973575107836, 0.011307006156036685, 0.010343816742744672, 0.01067883914736798, 0.009715649734075966, 0.00975752753465388, 0.010260061141588844], [0.008752460320783952, 0.007998659910381506, 0.009087482725407261, 0.009003727124251435, 0.01088822815025755, 0.01172578416181582, 0.012688973575107836, 0.0, 0.01390342979186733, 0.012772729176263663, 0.012353951170484526, 0.012144562167594958, 0.011642028560659995, 0.011767661962393735], [0.007831148708069852, 0.008668704719628125, 0.008459315716738558, 0.010427572343900498, 0.01021818334101093, 0.010469450144478412, 0.011307006156036685, 0.01390342979186733, 0.0, 0.015076008208048913, 0.01172578416181582, 0.012437706771640354, 0.012144562167594958, 0.013149629381464885], [0.007286737300556975, 0.00804053771095942, 0.007328615101134889, 0.008878093722517693, 0.00942250513003057, 0.010636961346790066, 0.010343816742744672, 0.012772729176263663, 0.015076008208048913, 0.0, 0.013652162988399849, 0.014740985803425604, 0.014405963398802294, 0.014154696595334812], [0.008291804514426902, 0.007370492901712802, 0.007035470497089493, 0.008333682315004816, 0.009673771933498053, 0.009631894132920139, 0.01067883914736798, 0.012353951170484526, 0.01172578416181582, 0.013652162988399849, 0.0, 0.01641609782654215, 0.017295531638678335, 0.015787930817873445], [0.0075798819046023706, 0.007496126303446543, 0.007538004104024457, 0.007412370702290716, 0.008124293312115248, 0.010050672138699276, 0.009715649734075966, 0.012144562167594958, 0.012437706771640354, 0.014740985803425604, 0.01641609782654215, 0.0, 0.016332342225386324, 0.0177980652456133], [0.006491059089576616, 0.006574814690732443, 0.007286737300556975, 0.0077055153063361114, 0.007998659910381506, 0.009380627329452657, 0.00975752753465388, 0.011642028560659995, 0.012144562167594958, 0.014405963398802294, 0.017295531638678335, 0.016332342225386324, 0.0, 0.02420536873403409], [0.006281670086687047, 0.006784203693622011, 0.006156036684953306, 0.008626826919050212, 0.00942250513003057, 0.009715649734075966, 0.010260061141588844, 0.011767661962393735, 0.013149629381464885, 0.014154696595334812, 0.015787930817873445, 0.0177980652456133, 0.02420536873403409, 0.0]], "sysname": ["SOURCE", "UFC", "IITB", "SJTU", "IPN", "RAC", "PKU", "AMU", "UMC", "NTHU", "POST", "CUUI", "NUCLEA", "CAMB"]}