{"sysname": ["SOURCE", "UFC", "IITB", "SJTU", "IPN", "RAC", "PKU", "AMU", "UMC", "NTHU", "POST", "CUUI", "NUCLEA", "CAMB"], "counts": [[0.0, 0.017403732974609048, 0.01782411299815033, 0.01303178072977972, 0.01235917269211367, 0.011055994619135699, 0.010509500588532034, 0.008870018496721036, 0.007945182444930216, 0.006936270388431142, 0.006642004371952245, 0.00718849840255591, 0.0065999663695981165, 0.006137548343702707], [0.017403732974609048, 0.0, 0.017655960988733815, 0.01214898268034303, 0.012653438708592568, 0.010467462586177905, 0.009963006557928367, 0.008701866487304524, 0.00811333445434673, 0.007734992433159576, 0.00790314444257609, 0.006347738355473348, 0.007272574407264167, 0.006684042374306373], [0.01782411299815033, 0.017655960988733815, 0.0, 0.01437699680511182, 0.011686564654447621, 0.009500588532032958, 0.009122246510845805, 0.00899613250378342, 0.00853371447788801, 0.007230536404910039, 0.005927358331932067, 0.007314612409618295, 0.007020346393139398, 0.007230536404910039], [0.01303178072977972, 0.01214898268034303, 0.01437699680511182, 0.0, 0.014208844795695308, 0.01307381873213385, 0.010929880612073315, 0.009122246510845805, 0.010215234572053136, 0.008870018496721036, 0.008407600470825626, 0.00790314444257609, 0.007230536404910039, 0.00811333445434673], [0.01235917269211367, 0.012653438708592568, 0.011686564654447621, 0.014208844795695308, 0.0, 0.01328400874390449, 0.011980830670926517, 0.01055153859088616, 0.010173196569699007, 0.008617790482596267, 0.009500588532032958, 0.008491676475533883, 0.008659828484950395, 0.008701866487304524], [0.011055994619135699, 0.010467462586177905, 0.009500588532032958, 0.01307381873213385, 0.01328400874390449, 0.0, 0.012443248696821927, 0.011560450647385236, 0.01126618463090634, 0.010677652597948546, 0.009290398520262318, 0.010383386581469648, 0.009332436522616444, 0.00878594249201278], [0.010509500588532034, 0.009963006557928367, 0.009122246510845805, 0.010929880612073315, 0.011980830670926517, 0.012443248696821927, 0.0, 0.012401210694467799, 0.011770640659155876, 0.01147637464267698, 0.00992096855557424, 0.010971918614427442, 0.011392298637968723, 0.009794854548511854], [0.008870018496721036, 0.008701866487304524, 0.00899613250378342, 0.009122246510845805, 0.01055153859088616, 0.011560450647385236, 0.012401210694467799, 0.0, 0.013914578779216412, 0.012443248696821927, 0.013157894736842105, 0.012443248696821927, 0.011308222633260468, 0.012022868673280646], [0.007945182444930216, 0.00811333445434673, 0.00853371447788801, 0.010215234572053136, 0.010173196569699007, 0.01126618463090634, 0.011770640659155876, 0.013914578779216412, 0.0, 0.013620312762737515, 0.012947704725071464, 0.012443248696821927, 0.011182108626198083, 0.01307381873213385], [0.006936270388431142, 0.007734992433159576, 0.007230536404910039, 0.008870018496721036, 0.008617790482596267, 0.010677652597948546, 0.01147637464267698, 0.012443248696821927, 0.013620312762737515, 0.0, 0.015512022868673281, 0.014881452833361359, 0.014755338826298973, 0.015133680847486128], [0.006642004371952245, 0.00790314444257609, 0.005927358331932067, 0.008407600470825626, 0.009500588532032958, 0.009290398520262318, 0.00992096855557424, 0.013157894736842105, 0.012947704725071464, 0.015512022868673281, 0.0, 0.015638136875735665, 0.01580628888515218, 0.017740036993442072], [0.00718849840255591, 0.006347738355473348, 0.007314612409618295, 0.00790314444257609, 0.008491676475533883, 0.010383386581469648, 0.010971918614427442, 0.012443248696821927, 0.012443248696821927, 0.014881452833361359, 0.015638136875735665, 0.0, 0.016815200941651252, 0.016815200941651252], [0.0065999663695981165, 0.007272574407264167, 0.007020346393139398, 0.007230536404910039, 0.008659828484950395, 0.009332436522616444, 0.011392298637968723, 0.011308222633260468, 0.011182108626198083, 0.014755338826298973, 0.01580628888515218, 0.016815200941651252, 0.0, 0.023751471330082395], [0.006137548343702707, 0.006684042374306373, 0.007230536404910039, 0.00811333445434673, 0.008701866487304524, 0.00878594249201278, 0.009794854548511854, 0.012022868673280646, 0.01307381873213385, 0.015133680847486128, 0.017740036993442072, 0.016815200941651252, 0.023751471330082395, 0.0]]}