{"sysname": ["NUCLEA", "CAMB", "CUUI", "AMU", "POST", "NTHU", "PKU", "UMC", "RAC", "IPN", "SJTU", "UFC", "IITB", "SOURCE"], "counts": [[0.0, 0.024033777200389735, 0.015156436072317852, 0.013694922593915774, 0.013207751434448413, 0.012071018729024574, 0.012395799502002815, 0.012558189888491935, 0.010663635379452203, 0.009310382158709538, 0.007524087907329219, 0.006333225073075674, 0.007253437263180686, 0.00703691674786186], [0.024033777200389735, 0.0, 0.01596838800476345, 0.01326188156327812, 0.012882970661470174, 0.01342427194976724, 0.01277471040381076, 0.010826025765941324, 0.012341669373173108, 0.007469957778499512, 0.008660820612753058, 0.008065389195626285, 0.007578218036158926, 0.007199307134350979], [0.015156436072317852, 0.01596838800476345, 0.0, 0.014561004655191079, 0.015589477102955504, 0.013207751434448413, 0.012125148857854281, 0.009851683447006604, 0.008985601385731299, 0.008498430226263938, 0.009689293060517483, 0.006820396232543034, 0.008011259066796578, 0.00784886868030746], [0.013694922593915774, 0.01326188156327812, 0.014561004655191079, 0.0, 0.014019703366894013, 0.013803182851575186, 0.012016888600194868, 0.01136732705423839, 0.012720580274981054, 0.009526902674028365, 0.008714950741582765, 0.007091046876691567, 0.007469957778499512, 0.007902998809137167], [0.013207751434448413, 0.012882970661470174, 0.015589477102955504, 0.014019703366894013, 0.0, 0.013045361047959295, 0.012666450146151347, 0.012449929630832522, 0.010501244992963083, 0.010284724477644256, 0.008931471256901592, 0.00784886868030746, 0.008606690483923351, 0.008065389195626285], [0.012071018729024574, 0.01342427194976724, 0.013207751434448413, 0.013803182851575186, 0.013045361047959295, 0.0, 0.012558189888491935, 0.012233409115513695, 0.012016888600194868, 0.00974342318934719, 0.009851683447006604, 0.0074158276496698065, 0.008660820612753058, 0.008498430226263938], [0.012395799502002815, 0.01277471040381076, 0.012125148857854281, 0.012016888600194868, 0.012666450146151347, 0.012558189888491935, 0.0, 0.014182093753383133, 0.012395799502002815, 0.011475587311897802, 0.008552560355093644, 0.007632348164988633, 0.008011259066796578, 0.007740608422648046], [0.012558189888491935, 0.010826025765941324, 0.009851683447006604, 0.01136732705423839, 0.012449929630832522, 0.012233409115513695, 0.014182093753383133, 0.0, 0.014019703366894013, 0.011313196925408683, 0.009526902674028365, 0.008498430226263938, 0.009202121901050124, 0.009526902674028365], [0.010663635379452203, 0.012341669373173108, 0.008985601385731299, 0.012720580274981054, 0.010501244992963083, 0.012016888600194868, 0.012395799502002815, 0.014019703366894013, 0.0, 0.011259066796578976, 0.010934286023600736, 0.008985601385731299, 0.009418642416368951, 0.008660820612753058], [0.009310382158709538, 0.007469957778499512, 0.008498430226263938, 0.009526902674028365, 0.010284724477644256, 0.00974342318934719, 0.011475587311897802, 0.011313196925408683, 0.011259066796578976, 0.0, 0.015048175814658438, 0.012504059759662229, 0.011908628342535456, 0.012125148857854281], [0.007524087907329219, 0.008660820612753058, 0.009689293060517483, 0.008714950741582765, 0.008931471256901592, 0.009851683447006604, 0.008552560355093644, 0.009526902674028365, 0.010934286023600736, 0.015048175814658438, 0.0, 0.014452744397531666, 0.01358666233625636, 0.011962758471365163], [0.006333225073075674, 0.008065389195626285, 0.006820396232543034, 0.007091046876691567, 0.00784886868030746, 0.0074158276496698065, 0.007632348164988633, 0.008498430226263938, 0.008985601385731299, 0.012504059759662229, 0.014452744397531666, 0.0, 0.016996860452527875, 0.018783154703908195], [0.007253437263180686, 0.007578218036158926, 0.008011259066796578, 0.007469957778499512, 0.008606690483923351, 0.008660820612753058, 0.008011259066796578, 0.009202121901050124, 0.009418642416368951, 0.011908628342535456, 0.01358666233625636, 0.016996860452527875, 0.0, 0.016401429035401104], [0.00703691674786186, 0.007199307134350979, 0.00784886868030746, 0.007902998809137167, 0.008065389195626285, 0.008498430226263938, 0.007740608422648046, 0.009526902674028365, 0.008660820612753058, 0.012125148857854281, 0.011962758471365163, 0.018783154703908195, 0.016401429035401104, 0.0]]}