{"sysname": ["NUCLEA", "CAMB", "CUUI", "AMU", "POST", "NTHU", "PKU", "UMC", "RAC", "IPN", "SJTU", "IITB", "UFC", "SOURCE"], "counts": [[0.0, 0.023546606040922378, 0.015481216845296093, 0.01358666233625636, 0.013045361047959295, 0.012341669373173108, 0.011854498213705749, 0.011259066796578976, 0.010826025765941324, 0.009039731514561005, 0.008336039839774819, 0.007902998809137167, 0.0073616975208401, 0.006441485330735087], [0.023546606040922378, 0.0, 0.015751867489444626, 0.0139114431092346, 0.01342427194976724, 0.013099491176789001, 0.011150806538919563, 0.012828840532640468, 0.011313196925408683, 0.008119519324455992, 0.009202121901050124, 0.008281909710945112, 0.005737793655948901, 0.007091046876691567], [0.015481216845296093, 0.015751867489444626, 0.0, 0.013370141820937534, 0.013857312980404893, 0.013532532207426654, 0.012233409115513695, 0.012233409115513695, 0.012287539244343402, 0.008065389195626285, 0.009472772545198658, 0.006116704557756847, 0.007307567392010393, 0.007632348164988633], [0.01358666233625636, 0.0139114431092346, 0.013370141820937534, 0.0, 0.0139114431092346, 0.01407383349572372, 0.012395799502002815, 0.011475587311897802, 0.012071018729024574, 0.009526902674028365, 0.008336039839774819, 0.007794738551477752, 0.0076864782938183395, 0.008227779582115406], [0.013045361047959295, 0.01342427194976724, 0.013857312980404893, 0.0139114431092346, 0.0, 0.013532532207426654, 0.01277471040381076, 0.01104254628126015, 0.012395799502002815, 0.010284724477644256, 0.008444300097434233, 0.008823210999242178, 0.008336039839774819, 0.0076864782938183395], [0.012341669373173108, 0.013099491176789001, 0.013532532207426654, 0.01407383349572372, 0.013532532207426654, 0.0, 0.013803182851575186, 0.012016888600194868, 0.010934286023600736, 0.010771895637111617, 0.009689293060517483, 0.008606690483923351, 0.007578218036158926, 0.006982786619032153], [0.011854498213705749, 0.011150806538919563, 0.012233409115513695, 0.012395799502002815, 0.01277471040381076, 0.013803182851575186, 0.0, 0.011908628342535456, 0.012179278986683988, 0.009581032802858071, 0.009959943704666017, 0.008823210999242178, 0.008065389195626285, 0.009364512287539244], [0.011259066796578976, 0.012828840532640468, 0.012233409115513695, 0.011475587311897802, 0.01104254628126015, 0.012016888600194868, 0.011908628342535456, 0.0, 0.012828840532640468, 0.011854498213705749, 0.009851683447006604, 0.008769080870412472, 0.009797553318176897, 0.008823210999242178], [0.010826025765941324, 0.011313196925408683, 0.012287539244343402, 0.012071018729024574, 0.012395799502002815, 0.010934286023600736, 0.012179278986683988, 0.012828840532640468, 0.0, 0.010826025765941324, 0.010609505250622497, 0.008985601385731299, 0.00909386164339071, 0.00925625202987983], [0.009039731514561005, 0.008119519324455992, 0.008065389195626285, 0.009526902674028365, 0.010284724477644256, 0.010771895637111617, 0.009581032802858071, 0.011854498213705749, 0.010826025765941324, 0.0, 0.014506874526361372, 0.01342427194976724, 0.011962758471365163, 0.013532532207426654], [0.008336039839774819, 0.009202121901050124, 0.009472772545198658, 0.008336039839774819, 0.008444300097434233, 0.009689293060517483, 0.009959943704666017, 0.009851683447006604, 0.010609505250622497, 0.014506874526361372, 0.0, 0.012991230919129588, 0.012558189888491935, 0.013045361047959295], [0.007902998809137167, 0.008281909710945112, 0.006116704557756847, 0.007794738551477752, 0.008823210999242178, 0.008606690483923351, 0.008823210999242178, 0.008769080870412472, 0.008985601385731299, 0.01342427194976724, 0.012991230919129588, 0.0, 0.017538161740824943, 0.015156436072317852], [0.0073616975208401, 0.005737793655948901, 0.007307567392010393, 0.0076864782938183395, 0.008336039839774819, 0.007578218036158926, 0.008065389195626285, 0.009797553318176897, 0.00909386164339071, 0.011962758471365163, 0.012558189888491935, 0.017538161740824943, 0.0, 0.018458373930929955], [0.006441485330735087, 0.007091046876691567, 0.007632348164988633, 0.008227779582115406, 0.0076864782938183395, 0.006982786619032153, 0.009364512287539244, 0.008823210999242178, 0.00925625202987983, 0.013532532207426654, 0.013045361047959295, 0.015156436072317852, 0.018458373930929955, 0.0]]}