{"sysname": ["CAMB", "NUCLEA", "POST", "CUUI", "NTHU", "AMU", "UMC", "PKU", "RAC", "IPN", "SJTU", "IITB", "UFC", "SOURCE"], "counts": [[0.0, 0.023708996427411498, 0.018945545090397316, 0.01661794955071993, 0.015210566201147559, 0.01326188156327812, 0.012287539244343402, 0.010934286023600736, 0.009039731514561005, 0.0073616975208401, 0.00784886868030746, 0.006603875717224207, 0.005250622496481542, 0.006008444300097434], [0.023708996427411498, 0.0, 0.01851250405975966, 0.014290354011042547, 0.013316011692107827, 0.012666450146151347, 0.012666450146151347, 0.00974342318934719, 0.01104254628126015, 0.008336039839774819, 0.007632348164988633, 0.006062574428927141, 0.006820396232543034, 0.006820396232543034], [0.018945545090397316, 0.01851250405975966, 0.0, 0.014777525170509906, 0.012720580274981054, 0.013045361047959295, 0.011962758471365163, 0.00974342318934719, 0.011259066796578976, 0.008606690483923351, 0.008227779582115406, 0.007524087907329219, 0.00703691674786186, 0.006820396232543034], [0.01661794955071993, 0.014290354011042547, 0.014777525170509906, 0.0, 0.014290354011042547, 0.011692107827216629, 0.013207751434448413, 0.011583847569557215, 0.011421457183068095, 0.009635162931687778, 0.009364512287539244, 0.007091046876691567, 0.00703691674786186, 0.006441485330735087], [0.015210566201147559, 0.013316011692107827, 0.012720580274981054, 0.014290354011042547, 0.0, 0.015535346974125798, 0.013207751434448413, 0.011800368084876042, 0.010880155894771029, 0.009689293060517483, 0.009418642416368951, 0.006820396232543034, 0.0076864782938183395, 0.007091046876691567], [0.01326188156327812, 0.012666450146151347, 0.013045361047959295, 0.011692107827216629, 0.015535346974125798, 0.0, 0.012882970661470174, 0.012233409115513695, 0.01055537512179279, 0.01071776550828191, 0.010122334091155137, 0.007632348164988633, 0.007578218036158926, 0.007253437263180686], [0.012287539244343402, 0.012666450146151347, 0.011962758471365163, 0.013207751434448413, 0.013207751434448413, 0.012882970661470174, 0.0, 0.012666450146151347, 0.01136732705423839, 0.010176464219984844, 0.01006820396232543, 0.008336039839774819, 0.008769080870412472, 0.007632348164988633], [0.010934286023600736, 0.00974342318934719, 0.00974342318934719, 0.011583847569557215, 0.011800368084876042, 0.012233409115513695, 0.012666450146151347, 0.0, 0.014669264912850493, 0.010880155894771029, 0.010447114864133376, 0.010284724477644256, 0.010014073833495724, 0.008173649453285699], [0.009039731514561005, 0.01104254628126015, 0.011259066796578976, 0.011421457183068095, 0.010880155894771029, 0.01055537512179279, 0.01136732705423839, 0.014669264912850493, 0.0, 0.011962758471365163, 0.011421457183068095, 0.009472772545198658, 0.009039731514561005, 0.010501244992963083], [0.0073616975208401, 0.008336039839774819, 0.008606690483923351, 0.009635162931687778, 0.009689293060517483, 0.01071776550828191, 0.010176464219984844, 0.010880155894771029, 0.011962758471365163, 0.0, 0.015264696329977265, 0.013803182851575186, 0.011529717440727508, 0.012882970661470174], [0.00784886868030746, 0.007632348164988633, 0.008227779582115406, 0.009364512287539244, 0.009418642416368951, 0.010122334091155137, 0.01006820396232543, 0.010447114864133376, 0.011421457183068095, 0.015264696329977265, 0.0, 0.013153621305618708, 0.012937100790299881, 0.01277471040381076], [0.006603875717224207, 0.006062574428927141, 0.007524087907329219, 0.007091046876691567, 0.006820396232543034, 0.007632348164988633, 0.008336039839774819, 0.010284724477644256, 0.009472772545198658, 0.013803182851575186, 0.013153621305618708, 0.0, 0.017646421998484357, 0.018295983544440834], [0.005250622496481542, 0.006820396232543034, 0.00703691674786186, 0.00703691674786186, 0.0076864782938183395, 0.007578218036158926, 0.008769080870412472, 0.010014073833495724, 0.009039731514561005, 0.011529717440727508, 0.012937100790299881, 0.017646421998484357, 0.0, 0.020244668182310275], [0.006008444300097434, 0.006820396232543034, 0.006820396232543034, 0.006441485330735087, 0.007091046876691567, 0.007253437263180686, 0.007632348164988633, 0.008173649453285699, 0.010501244992963083, 0.012882970661470174, 0.01277471040381076, 0.018295983544440834, 0.020244668182310275, 0.0]]}