{"counts": [[0.0, 0.025001046945014448, 0.018761254658905314, 0.015159763809204741, 0.01620670882365258, 0.011097617153147117, 0.01206080656643913, 0.010385694543322584, 0.009003727124251435, 0.008166171112693162, 0.007873026508647766, 0.006281670086687047, 0.007202981699401147, 0.006365425687842875], [0.025001046945014448, 0.0, 0.01490849700573726, 0.016164831023074668, 0.01377779639013359, 0.012018928765861216, 0.012479584572218268, 0.010385694543322584, 0.01088822815025755, 0.008208048913271076, 0.0077473931069140245, 0.007035470497089493, 0.0067004480924661835, 0.006239792286109134], [0.018761254658905314, 0.01490849700573726, 0.0, 0.01721177603752251, 0.014489718999958122, 0.013023995979731145, 0.011223250554880857, 0.011516395158926253, 0.009548138531764313, 0.008794338121361866, 0.008919971523095607, 0.006449181288998702, 0.007161103898823234, 0.006407303488420788], [0.015159763809204741, 0.016164831023074668, 0.01721177603752251, 0.0, 0.015494786213828049, 0.012898362577997403, 0.012018928765861216, 0.011097617153147117, 0.007956782109803592, 0.009631894132920139, 0.008543071317894384, 0.007412370702290716, 0.006784203693622011, 0.007621759705180284], [0.01620670882365258, 0.01377779639013359, 0.014489718999958122, 0.015494786213828049, 0.0, 0.01252146237279618, 0.012814606976841576, 0.011055739352569203, 0.010511327945056326, 0.009254993927718917, 0.00871058252020604, 0.006951714895933665, 0.007538004104024457, 0.007496126303446543], [0.011097617153147117, 0.012018928765861216, 0.013023995979731145, 0.012898362577997403, 0.01252146237279618, 0.0, 0.015076008208048913, 0.01193517316470539, 0.012228317768750786, 0.00988316093638762, 0.010008794338121362, 0.007831148708069852, 0.007998659910381506, 0.00837556011558273], [0.01206080656643913, 0.012479584572218268, 0.011223250554880857, 0.012018928765861216, 0.012814606976841576, 0.015076008208048913, 0.0, 0.01285648477741949, 0.012186439968172872, 0.011097617153147117, 0.009213116127141003, 0.007956782109803592, 0.00883621592193978, 0.007789270907491938], [0.010385694543322584, 0.010385694543322584, 0.011516395158926253, 0.011097617153147117, 0.011055739352569203, 0.01193517316470539, 0.01285648477741949, 0.0, 0.01390342979186733, 0.01160015076008208, 0.01160015076008208, 0.009966916537543448, 0.008919971523095607, 0.008459315716738558], [0.009003727124251435, 0.01088822815025755, 0.009548138531764313, 0.007956782109803592, 0.010511327945056326, 0.012228317768750786, 0.012186439968172872, 0.01390342979186733, 0.0, 0.01172578416181582, 0.012688973575107836, 0.009631894132920139, 0.010595083546212154, 0.010804472549101721], [0.008166171112693162, 0.008208048913271076, 0.008794338121361866, 0.009631894132920139, 0.009254993927718917, 0.00988316093638762, 0.011097617153147117, 0.01160015076008208, 0.01172578416181582, 0.0, 0.013065873780309057, 0.012312073369906612, 0.012898362577997403, 0.013400896184932367], [0.007873026508647766, 0.0077473931069140245, 0.008919971523095607, 0.008543071317894384, 0.00871058252020604, 0.010008794338121362, 0.009213116127141003, 0.01160015076008208, 0.012688973575107836, 0.013065873780309057, 0.0, 0.01377779639013359, 0.013107751580886971, 0.011893295364127476], [0.006281670086687047, 0.007035470497089493, 0.006449181288998702, 0.007412370702290716, 0.006951714895933665, 0.007831148708069852, 0.007956782109803592, 0.009966916537543448, 0.009631894132920139, 0.012312073369906612, 0.01377779639013359, 0.0, 0.01742116504041208, 0.020143222077976464], [0.007202981699401147, 0.0067004480924661835, 0.007161103898823234, 0.006784203693622011, 0.007538004104024457, 0.007998659910381506, 0.00883621592193978, 0.008919971523095607, 0.010595083546212154, 0.012898362577997403, 0.013107751580886971, 0.01742116504041208, 0.0, 0.017630554043301647], [0.006365425687842875, 0.006239792286109134, 0.006407303488420788, 0.007621759705180284, 0.007496126303446543, 0.00837556011558273, 0.007789270907491938, 0.008459315716738558, 0.010804472549101721, 0.013400896184932367, 0.011893295364127476, 0.020143222077976464, 0.017630554043301647, 0.0]], "sysname": ["CAMB", "NUCLEA", "POST", "CUUI", "NTHU", "AMU", "UMC", "PKU", "RAC", "IPN", "SJTU", "IITB", "UFC", "SOURCE"]}