{"counts": [[0.0, 0.01791707264263289, 0.016672079679549638, 0.011908628342535456, 0.01104254628126015, 0.010447114864133376, 0.011746237956046335, 0.008985601385731299, 0.008877341128071885, 0.007957128937966872, 0.006333225073075674, 0.006549745588394501, 0.00703691674786186, 0.007091046876691567], [0.01791707264263289, 0.0, 0.016347298906571398, 0.013153621305618708, 0.010176464219984844, 0.010176464219984844, 0.011313196925408683, 0.008444300097434233, 0.00909386164339071, 0.007902998809137167, 0.007578218036158926, 0.00703691674786186, 0.006766266103713327, 0.006441485330735087], [0.016672079679549638, 0.016347298906571398, 0.0, 0.013857312980404893, 0.013316011692107827, 0.011583847569557215, 0.009959943704666017, 0.008931471256901592, 0.007632348164988633, 0.007902998809137167, 0.006549745588394501, 0.006603875717224207, 0.007469957778499512, 0.006820396232543034], [0.011908628342535456, 0.013153621305618708, 0.013857312980404893, 0.0, 0.013370141820937534, 0.012287539244343402, 0.014019703366894013, 0.01120493666774927, 0.008714950741582765, 0.007253437263180686, 0.008011259066796578, 0.008227779582115406, 0.007578218036158926, 0.008227779582115406], [0.01104254628126015, 0.010176464219984844, 0.013316011692107827, 0.013370141820937534, 0.0, 0.015048175814658438, 0.012828840532640468, 0.010501244992963083, 0.00990581357583631, 0.00990581357583631, 0.008281909710945112, 0.008390169968604526, 0.009147991772220417, 0.008931471256901592], [0.010447114864133376, 0.010176464219984844, 0.011583847569557215, 0.012287539244343402, 0.015048175814658438, 0.0, 0.013749052722745481, 0.011746237956046335, 0.010122334091155137, 0.01071776550828191, 0.01006820396232543, 0.009039731514561005, 0.008823210999242178, 0.007740608422648046], [0.011746237956046335, 0.011313196925408683, 0.009959943704666017, 0.014019703366894013, 0.012828840532640468, 0.013749052722745481, 0.0, 0.011475587311897802, 0.011637977698386922, 0.008390169968604526, 0.008498430226263938, 0.009689293060517483, 0.01006820396232543, 0.009039731514561005], [0.008985601385731299, 0.008444300097434233, 0.008931471256901592, 0.01120493666774927, 0.010501244992963083, 0.011746237956046335, 0.011475587311897802, 0.0, 0.014615134784020786, 0.010609505250622497, 0.013099491176789001, 0.011746237956046335, 0.010176464219984844, 0.01326188156327812], [0.008877341128071885, 0.00909386164339071, 0.007632348164988633, 0.008714950741582765, 0.00990581357583631, 0.010122334091155137, 0.011637977698386922, 0.014615134784020786, 0.0, 0.012666450146151347, 0.013803182851575186, 0.012016888600194868, 0.013207751434448413, 0.013207751434448413], [0.007957128937966872, 0.007902998809137167, 0.007902998809137167, 0.007253437263180686, 0.00990581357583631, 0.01071776550828191, 0.008390169968604526, 0.010609505250622497, 0.012666450146151347, 0.0, 0.016672079679549638, 0.014831655299339613, 0.015860127747104037, 0.016942730323698172], [0.006333225073075674, 0.007578218036158926, 0.006549745588394501, 0.008011259066796578, 0.008281909710945112, 0.01006820396232543, 0.008498430226263938, 0.013099491176789001, 0.013803182851575186, 0.016672079679549638, 0.0, 0.016239038648911984, 0.016726209808379345, 0.01645555916423081], [0.006549745588394501, 0.00703691674786186, 0.006603875717224207, 0.008227779582115406, 0.008390169968604526, 0.009039731514561005, 0.009689293060517483, 0.011746237956046335, 0.012016888600194868, 0.014831655299339613, 0.016239038648911984, 0.0, 0.017646421998484357, 0.019540976507524087], [0.00703691674786186, 0.006766266103713327, 0.007469957778499512, 0.007578218036158926, 0.009147991772220417, 0.008823210999242178, 0.01006820396232543, 0.010176464219984844, 0.013207751434448413, 0.015860127747104037, 0.016726209808379345, 0.017646421998484357, 0.0, 0.020407058568799395], [0.007091046876691567, 0.006441485330735087, 0.006820396232543034, 0.008227779582115406, 0.008931471256901592, 0.007740608422648046, 0.009039731514561005, 0.01326188156327812, 0.013207751434448413, 0.016942730323698172, 0.01645555916423081, 0.019540976507524087, 0.020407058568799395, 0.0]], "sysname": ["SOURCE", "UFC", "IITB", "SJTU", "IPN", "RAC", "PKU", "AMU", "UMC", "NTHU", "POST", "CUUI", "NUCLEA", "CAMB"]}