{"counts": [[0.0, 0.028039406733788026, 0.016509689293060518, 0.014506874526361372, 0.011475587311897802, 0.01326188156327812, 0.012125148857854281, 0.010338854606473963, 0.010826025765941324, 0.008823210999242178, 0.00784886868030746, 0.00703691674786186, 0.006062574428927141, 0.006279094944245968], [0.028039406733788026, 0.0, 0.016184908520082277, 0.014939915556999025, 0.013857312980404893, 0.01261232001732164, 0.01071776550828191, 0.01071776550828191, 0.010284724477644256, 0.007957128937966872, 0.007091046876691567, 0.00671213597488362, 0.005683663527119195, 0.006116704557756847], [0.016509689293060518, 0.016184908520082277, 0.0, 0.015372956587636679, 0.01358666233625636, 0.0139114431092346, 0.013316011692107827, 0.012341669373173108, 0.010230594348814551, 0.009310382158709538, 0.007469957778499512, 0.006603875717224207, 0.006224964815416261, 0.00703691674786186], [0.014506874526361372, 0.014939915556999025, 0.015372956587636679, 0.0, 0.012828840532640468, 0.014127963624553427, 0.013803182851575186, 0.011313196925408683, 0.011475587311897802, 0.008281909710945112, 0.008931471256901592, 0.008606690483923351, 0.005900184042438021, 0.00703691674786186], [0.011475587311897802, 0.013857312980404893, 0.01358666233625636, 0.012828840532640468, 0.0, 0.014615134784020786, 0.015372956587636679, 0.012233409115513695, 0.011800368084876042, 0.008444300097434233, 0.008877341128071885, 0.007740608422648046, 0.008606690483923351, 0.008011259066796578], [0.01326188156327812, 0.01261232001732164, 0.0139114431092346, 0.014127963624553427, 0.014615134784020786, 0.0, 0.0139114431092346, 0.012828840532640468, 0.011313196925408683, 0.009147991772220417, 0.008660820612753058, 0.008119519324455992, 0.006062574428927141, 0.007578218036158926], [0.012125148857854281, 0.01071776550828191, 0.013316011692107827, 0.013803182851575186, 0.015372956587636679, 0.0139114431092346, 0.0, 0.01261232001732164, 0.011637977698386922, 0.010284724477644256, 0.008823210999242178, 0.007253437263180686, 0.007524087907329219, 0.008606690483923351], [0.010338854606473963, 0.01071776550828191, 0.012341669373173108, 0.011313196925408683, 0.012233409115513695, 0.012828840532640468, 0.01261232001732164, 0.0, 0.013316011692107827, 0.010771895637111617, 0.009959943704666017, 0.009526902674028365, 0.008390169968604526, 0.009147991772220417], [0.010826025765941324, 0.010284724477644256, 0.010230594348814551, 0.011475587311897802, 0.011800368084876042, 0.011313196925408683, 0.011637977698386922, 0.013316011692107827, 0.0, 0.012287539244343402, 0.011529717440727508, 0.009039731514561005, 0.009689293060517483, 0.008823210999242178], [0.008823210999242178, 0.007957128937966872, 0.009310382158709538, 0.008281909710945112, 0.008444300097434233, 0.009147991772220417, 0.010284724477644256, 0.010771895637111617, 0.012287539244343402, 0.0, 0.01569773736061492, 0.012937100790299881, 0.014127963624553427, 0.012720580274981054], [0.00784886868030746, 0.007091046876691567, 0.007469957778499512, 0.008931471256901592, 0.008877341128071885, 0.008660820612753058, 0.008823210999242178, 0.009959943704666017, 0.011529717440727508, 0.01569773736061492, 0.0, 0.013965573238064306, 0.01423622388221284, 0.014344484139872252], [0.00703691674786186, 0.00671213597488362, 0.006603875717224207, 0.008606690483923351, 0.007740608422648046, 0.008119519324455992, 0.007253437263180686, 0.009526902674028365, 0.009039731514561005, 0.012937100790299881, 0.013965573238064306, 0.0, 0.018674894446248782, 0.01661794955071993], [0.006062574428927141, 0.005683663527119195, 0.006224964815416261, 0.005900184042438021, 0.008606690483923351, 0.006062574428927141, 0.007524087907329219, 0.008390169968604526, 0.009689293060517483, 0.014127963624553427, 0.01423622388221284, 0.018674894446248782, 0.0, 0.020407058568799395], [0.006279094944245968, 0.006116704557756847, 0.00703691674786186, 0.00703691674786186, 0.008011259066796578, 0.007578218036158926, 0.008606690483923351, 0.009147991772220417, 0.008823210999242178, 0.012720580274981054, 0.014344484139872252, 0.01661794955071993, 0.020407058568799395, 0.0]], "sysname": ["CAMB", "NUCLEA", "POST", "CUUI", "NTHU", "AMU", "UMC", "PKU", "RAC", "IPN", "SJTU", "IITB", "UFC", "SOURCE"]}