{"counts": [[0.0, 0.0177980652456133, 0.017086142635788767, 0.013233384982620713, 0.01239582897106244, 0.010469450144478412, 0.00975752753465388, 0.009045604924829347, 0.007873026508647766, 0.007370492901712802, 0.007035470497089493, 0.007789270907491938, 0.0066166924913103565, 0.006407303488420788], [0.0177980652456133, 0.0, 0.018509987855437834, 0.01390342979186733, 0.011097617153147117, 0.010636961346790066, 0.009715649734075966, 0.007956782109803592, 0.007538004104024457, 0.007202981699401147, 0.0077473931069140245, 0.006742325893044097, 0.007789270907491938, 0.006574814690732443], [0.017086142635788767, 0.018509987855437834, 0.0, 0.012898362577997403, 0.011307006156036685, 0.010930105950835461, 0.010511327945056326, 0.009213116127141003, 0.008878093722517693, 0.007538004104024457, 0.00745424850286863, 0.005779136479752083, 0.007286737300556975, 0.005821014280329997], [0.013233384982620713, 0.01390342979186733, 0.012898362577997403, 0.0, 0.014782863604003518, 0.012982118179153231, 0.010260061141588844, 0.009254993927718917, 0.009129360525985175, 0.009338749528874743, 0.007538004104024457, 0.007789270907491938, 0.0077055153063361114, 0.008208048913271076], [0.01239582897106244, 0.011097617153147117, 0.011307006156036685, 0.014782863604003518, 0.0, 0.014029063193601072, 0.013652162988399849, 0.010511327945056326, 0.009590016332342225, 0.009213116127141003, 0.00942250513003057, 0.00942250513003057, 0.007370492901712802, 0.008124293312115248], [0.010469450144478412, 0.010636961346790066, 0.010930105950835461, 0.012982118179153231, 0.014029063193601072, 0.0, 0.012353951170484526, 0.011348883956614599, 0.01067883914736798, 0.00871058252020604, 0.010260061141588844, 0.01055320574563424, 0.009087482725407261, 0.009506260731186399], [0.00975752753465388, 0.009715649734075966, 0.010511327945056326, 0.010260061141588844, 0.013652162988399849, 0.012353951170484526, 0.0, 0.01206080656643913, 0.012772729176263663, 0.010762594748523808, 0.01009254993927719, 0.010804472549101721, 0.009213116127141003, 0.010595083546212154], [0.009045604924829347, 0.007956782109803592, 0.009213116127141003, 0.009254993927718917, 0.010511327945056326, 0.011348883956614599, 0.01206080656643913, 0.0, 0.013735918589555677, 0.013107751580886971, 0.012312073369906612, 0.012688973575107836, 0.01172578416181582, 0.012270195569328698], [0.007873026508647766, 0.007538004104024457, 0.008878093722517693, 0.009129360525985175, 0.009590016332342225, 0.01067883914736798, 0.012772729176263663, 0.013735918589555677, 0.0, 0.014447841199380208, 0.012940240378575317, 0.012144562167594958, 0.012228317768750786, 0.012982118179153231], [0.007370492901712802, 0.007202981699401147, 0.007538004104024457, 0.009338749528874743, 0.009213116127141003, 0.00871058252020604, 0.010762594748523808, 0.013107751580886971, 0.014447841199380208, 0.0, 0.014154696595334812, 0.01377779639013359, 0.016248586624230496, 0.015117886008626827], [0.007035470497089493, 0.0077473931069140245, 0.00745424850286863, 0.007538004104024457, 0.00942250513003057, 0.010260061141588844, 0.01009254993927719, 0.012312073369906612, 0.012940240378575317, 0.014154696595334812, 0.0, 0.017128020436366683, 0.014824741404581432, 0.01742116504041208], [0.007789270907491938, 0.006742325893044097, 0.005779136479752083, 0.007789270907491938, 0.00942250513003057, 0.01055320574563424, 0.010804472549101721, 0.012688973575107836, 0.012144562167594958, 0.01377779639013359, 0.017128020436366683, 0.0, 0.016541731228275892, 0.01641609782654215], [0.0066166924913103565, 0.007789270907491938, 0.007286737300556975, 0.0077055153063361114, 0.007370492901712802, 0.009087482725407261, 0.009213116127141003, 0.01172578416181582, 0.012228317768750786, 0.016248586624230496, 0.014824741404581432, 0.016541731228275892, 0.0, 0.024749780141546968], [0.006407303488420788, 0.006574814690732443, 0.005821014280329997, 0.008208048913271076, 0.008124293312115248, 0.009506260731186399, 0.010595083546212154, 0.012270195569328698, 0.012982118179153231, 0.015117886008626827, 0.01742116504041208, 0.01641609782654215, 0.024749780141546968, 0.0]], "sysname": ["SOURCE", "UFC", "IITB", "SJTU", "IPN", "RAC", "PKU", "AMU", "UMC", "NTHU", "POST", "CUUI", "NUCLEA", "CAMB"]}