{"sysname": ["IITB", "SJTU", "PKU", "RAC", "IPN", "UFC", "AMU", "src", "JMGR", "UMC", "NTHU", "CUUI", "NUCLEA", "POST", "CAMB"], "counts": [[0.0, 0.021155463544025362, 0.01125703564727955, 0.011127644432943003, 0.008863298182053439, 0.008086950896034159, 0.008992689396389985, 0.008604515753380346, 0.008151646503202433, 0.008022255288865887, 0.00711651678851006, 0.0073752992171831535, 0.007892864074529339, 0.008151646503202433, 0.006987125574173514], [0.021155463544025362, 0.0, 0.010092514718250631, 0.011127644432943003, 0.009380863039399626, 0.008669211360548618, 0.010027819111082357, 0.008992689396389985, 0.009316167432231352, 0.007763472860192793, 0.0069224299670052405, 0.0069224299670052405, 0.007763472860192793, 0.00711651678851006, 0.008216342110370705], [0.01125703564727955, 0.010092514718250631, 0.0, 0.011386426861616096, 0.010351297146923724, 0.009510254253736172, 0.008927993789221713, 0.008927993789221713, 0.009510254253736172, 0.008604515753380346, 0.008410428931875526, 0.010157210325418903, 0.007439994824351427, 0.008345733324707252, 0.008539820146212072], [0.011127644432943003, 0.011127644432943003, 0.011386426861616096, 0.0, 0.010092514718250631, 0.009251471825063078, 0.00989842789674581, 0.008410428931875526, 0.009769036682409265, 0.009445558646567898, 0.008410428931875526, 0.008022255288865887, 0.007892864074529339, 0.008086950896034159, 0.007957559681697613], [0.008863298182053439, 0.009380863039399626, 0.010351297146923724, 0.010092514718250631, 0.0, 0.009445558646567898, 0.009251471825063078, 0.008863298182053439, 0.009316167432231352, 0.010027819111082357, 0.008539820146212072, 0.010092514718250631, 0.008733906967716892, 0.008151646503202433, 0.009510254253736172], [0.008086950896034159, 0.008669211360548618, 0.009510254253736172, 0.009251471825063078, 0.009445558646567898, 0.0, 0.010998253218606457, 0.010092514718250631, 0.00828103771753898, 0.009380863039399626, 0.008863298182053439, 0.009445558646567898, 0.00828103771753898, 0.008216342110370705, 0.008151646503202433], [0.008992689396389985, 0.010027819111082357, 0.008927993789221713, 0.00989842789674581, 0.009251471825063078, 0.010998253218606457, 0.0, 0.009186776217894805, 0.009574949860904444, 0.008863298182053439, 0.010157210325418903, 0.0084751245390438, 0.009251471825063078, 0.008539820146212072, 0.009833732289577537], [0.008604515753380346, 0.008992689396389985, 0.008927993789221713, 0.008410428931875526, 0.008863298182053439, 0.010092514718250631, 0.009186776217894805, 0.0, 0.011774600504625737, 0.007892864074529339, 0.008927993789221713, 0.007051821181341787, 0.009122080610726531, 0.008539820146212072, 0.010157210325418903], [0.008151646503202433, 0.009316167432231352, 0.009510254253736172, 0.009769036682409265, 0.009316167432231352, 0.00828103771753898, 0.009574949860904444, 0.011774600504625737, 0.0, 0.009963123503914085, 0.01067477518276509, 0.007957559681697613, 0.009251471825063078, 0.009057385003558259, 0.009639645468072718], [0.008022255288865887, 0.007763472860192793, 0.008604515753380346, 0.009445558646567898, 0.010027819111082357, 0.009380863039399626, 0.008863298182053439, 0.007892864074529339, 0.009963123503914085, 0.0, 0.010351297146923724, 0.01067477518276509, 0.010998253218606457, 0.011839296111794009, 0.011127644432943003], [0.00711651678851006, 0.0069224299670052405, 0.008410428931875526, 0.008410428931875526, 0.008539820146212072, 0.008863298182053439, 0.010157210325418903, 0.008927993789221713, 0.01067477518276509, 0.010351297146923724, 0.0, 0.013197903862327748, 0.00989842789674581, 0.011515818075952642, 0.011580513683120916], [0.0073752992171831535, 0.0069224299670052405, 0.010157210325418903, 0.008022255288865887, 0.010092514718250631, 0.009445558646567898, 0.0084751245390438, 0.007051821181341787, 0.007957559681697613, 0.01067477518276509, 0.013197903862327748, 0.0, 0.013262599469496022, 0.011127644432943003, 0.011839296111794009], [0.007892864074529339, 0.007763472860192793, 0.007439994824351427, 0.007892864074529339, 0.008733906967716892, 0.00828103771753898, 0.009251471825063078, 0.009122080610726531, 0.009251471825063078, 0.010998253218606457, 0.00989842789674581, 0.013262599469496022, 0.0, 0.014297729184188394, 0.015268163291712492], [0.008151646503202433, 0.00711651678851006, 0.008345733324707252, 0.008086950896034159, 0.008151646503202433, 0.008216342110370705, 0.008539820146212072, 0.008539820146212072, 0.009057385003558259, 0.011839296111794009, 0.011515818075952642, 0.011127644432943003, 0.014297729184188394, 0.0, 0.0140389467555153], [0.006987125574173514, 0.008216342110370705, 0.008539820146212072, 0.007957559681697613, 0.009510254253736172, 0.008151646503202433, 0.009833732289577537, 0.010157210325418903, 0.009639645468072718, 0.011127644432943003, 0.011580513683120916, 0.011839296111794009, 0.015268163291712492, 0.0140389467555153, 0.0]]}