{"counts": [[0.0, 0.01556769702866552, 0.014445026569867524, 0.015492852331412319, 0.01534316293690592, 0.013696579597335529, 0.013097822019309932, 0.010627947009954345, 0.01182546216600554, 0.010553102312701144, 0.010852481101713943, 0.01145123867973954, 0.011151859890726742], [0.01556769702866552, 0.0, 0.014145647780854727, 0.015118628845146321, 0.014070803083601527, 0.011975151560511937, 0.012948132624803533, 0.012274530349524736, 0.01160092807424594, 0.011151859890726742, 0.012573909138537535, 0.011301549285233142, 0.01145123867973954], [0.014445026569867524, 0.014145647780854727, 0.0, 0.01556769702866552, 0.013771424294588728, 0.01160092807424594, 0.012274530349524736, 0.011077015193473542, 0.01332235611106953, 0.012573909138537535, 0.012049996257765138, 0.012049996257765138, 0.01167577277149914], [0.015492852331412319, 0.015118628845146321, 0.01556769702866552, 0.0, 0.013097822019309932, 0.011975151560511937, 0.012199685652271537, 0.013247511413816332, 0.01167577277149914, 0.011975151560511937, 0.010478257615447946, 0.01167577277149914, 0.01145123867973954], [0.01534316293690592, 0.014070803083601527, 0.013771424294588728, 0.013097822019309932, 0.0, 0.014445026569867524, 0.010328568220941546, 0.012723598533043935, 0.012199685652271537, 0.011750617468752339, 0.011975151560511937, 0.01145123867973954, 0.01152608337699274], [0.013696579597335529, 0.011975151560511937, 0.01160092807424594, 0.011975151560511937, 0.014445026569867524, 0.0, 0.013696579597335529, 0.014519871267120725, 0.01167577277149914, 0.013247511413816332, 0.012948132624803533, 0.01145123867973954, 0.012349375046777935], [0.013097822019309932, 0.012948132624803533, 0.012274530349524736, 0.012199685652271537, 0.010328568220941546, 0.013696579597335529, 0.0, 0.014519871267120725, 0.013172666716563131, 0.012648753835790734, 0.012499064441284334, 0.012948132624803533, 0.013995958386348328], [0.010627947009954345, 0.012274530349524736, 0.011077015193473542, 0.013247511413816332, 0.012723598533043935, 0.014519871267120725, 0.014519871267120725, 0.0, 0.013995958386348328, 0.012723598533043935, 0.013696579597335529, 0.012274530349524736, 0.011900306863258738], [0.01182546216600554, 0.01160092807424594, 0.01332235611106953, 0.01167577277149914, 0.012199685652271537, 0.01167577277149914, 0.013172666716563131, 0.013995958386348328, 0.0, 0.015492852331412319, 0.013022977322056732, 0.012424219744031136, 0.013846268991841928], [0.010553102312701144, 0.011151859890726742, 0.012573909138537535, 0.011975151560511937, 0.011750617468752339, 0.013247511413816332, 0.012648753835790734, 0.012723598533043935, 0.015492852331412319, 0.0, 0.01332235611106953, 0.013921113689095127, 0.014145647780854727], [0.010852481101713943, 0.012573909138537535, 0.012049996257765138, 0.010478257615447946, 0.011975151560511937, 0.012948132624803533, 0.012499064441284334, 0.013696579597335529, 0.013022977322056732, 0.01332235611106953, 0.0, 0.015717386423171918, 0.014519871267120725], [0.01145123867973954, 0.011301549285233142, 0.012049996257765138, 0.01167577277149914, 0.01145123867973954, 0.01145123867973954, 0.012948132624803533, 0.012274530349524736, 0.012424219744031136, 0.013921113689095127, 0.015717386423171918, 0.0, 0.016465833395703913], [0.011151859890726742, 0.01145123867973954, 0.01167577277149914, 0.01145123867973954, 0.01152608337699274, 0.012349375046777935, 0.013995958386348328, 0.011900306863258738, 0.013846268991841928, 0.014145647780854727, 0.014519871267120725, 0.016465833395703913, 0.0]], "sysname": ["AMU", "CAMB", "RAC", "CUUI", "POST", "UFC", "PKU", "UMC", "IITB", "SJTU", "SOURCE", "NTHU", "IPN"]}