{"counts": [[0.0, 0.018160417016983354, 0.017151504960484277, 0.012737514713300825, 0.01282159071800908, 0.01034134857911552, 0.009963006557928367, 0.008659828484950395, 0.008071296451992602, 0.007692954430805448, 0.007482764419034807, 0.006936270388431142, 0.006347738355473348, 0.006179586346056835], [0.018160417016983354, 0.0, 0.016605010929880613, 0.012947704725071464, 0.01101395661678157, 0.01147637464267698, 0.010467462586177905, 0.007356650411972423, 0.009290398520262318, 0.007146460400201783, 0.007230536404910039, 0.007692954430805448, 0.0069783083907852695, 0.006726080376660501], [0.017151504960484277, 0.016605010929880613, 0.0, 0.013578274760383386, 0.011854716663864133, 0.010467462586177905, 0.010257272574407264, 0.007692954430805448, 0.008449638473179755, 0.007734992433159576, 0.007230536404910039, 0.00790314444257609, 0.007524802421388936, 0.006894232386077013], [0.012737514713300825, 0.012947704725071464, 0.013578274760383386, 0.0, 0.013326046746258619, 0.012485286699176056, 0.012401210694467799, 0.009963006557928367, 0.00992096855557424, 0.008449638473179755, 0.00790314444257609, 0.007819068437867832, 0.0074407264166806795, 0.008491676475533883], [0.01282159071800908, 0.01101395661678157, 0.011854716663864133, 0.013326046746258619, 0.0, 0.013662350765091643, 0.01303178072977972, 0.011308222633260468, 0.01013115856734488, 0.00899613250378342, 0.008870018496721036, 0.007987220447284345, 0.008449638473179755, 0.008870018496721036], [0.01034134857911552, 0.01147637464267698, 0.010467462586177905, 0.012485286699176056, 0.013662350765091643, 0.0, 0.014292920800403565, 0.011434336640322852, 0.01101395661678157, 0.008827980494366908, 0.009416512527324701, 0.009836892550865983, 0.008365562468471498, 0.009794854548511854], [0.009963006557928367, 0.010467462586177905, 0.010257272574407264, 0.012401210694467799, 0.01303178072977972, 0.014292920800403565, 0.0, 0.012401210694467799, 0.010299310576761393, 0.011854716663864133, 0.009416512527324701, 0.00899613250378342, 0.009122246510845805, 0.009963006557928367], [0.008659828484950395, 0.007356650411972423, 0.007692954430805448, 0.009963006557928367, 0.011308222633260468, 0.011434336640322852, 0.012401210694467799, 0.0, 0.014923490835715487, 0.01282159071800908, 0.011812678661510005, 0.012317134689759543, 0.011308222633260468, 0.012527324701530184], [0.008071296451992602, 0.009290398520262318, 0.008449638473179755, 0.00992096855557424, 0.01013115856734488, 0.01101395661678157, 0.010299310576761393, 0.014923490835715487, 0.0, 0.013704388767445772, 0.01353623675802926, 0.012233058685051286, 0.01147637464267698, 0.012317134689759543], [0.007692954430805448, 0.007146460400201783, 0.007734992433159576, 0.008449638473179755, 0.00899613250378342, 0.008827980494366908, 0.011854716663864133, 0.01282159071800908, 0.013704388767445772, 0.0, 0.015007566840423743, 0.015512022868673281, 0.01483941483100723, 0.014671262821590718], [0.007482764419034807, 0.007230536404910039, 0.007230536404910039, 0.00790314444257609, 0.008870018496721036, 0.009416512527324701, 0.009416512527324701, 0.011812678661510005, 0.01353623675802926, 0.015007566840423743, 0.0, 0.01736169497225492, 0.016520934925172356, 0.01597444089456869], [0.006936270388431142, 0.007692954430805448, 0.00790314444257609, 0.007819068437867832, 0.007987220447284345, 0.009836892550865983, 0.00899613250378342, 0.012317134689759543, 0.012233058685051286, 0.015512022868673281, 0.01736169497225492, 0.0, 0.01752984698167143, 0.016268706911047585], [0.006347738355473348, 0.0069783083907852695, 0.007524802421388936, 0.0074407264166806795, 0.008449638473179755, 0.008365562468471498, 0.009122246510845805, 0.011308222633260468, 0.01147637464267698, 0.01483941483100723, 0.016520934925172356, 0.01752984698167143, 0.0, 0.025727257440726417], [0.006179586346056835, 0.006726080376660501, 0.006894232386077013, 0.008491676475533883, 0.008870018496721036, 0.009794854548511854, 0.009963006557928367, 0.012527324701530184, 0.012317134689759543, 0.014671262821590718, 0.01597444089456869, 0.016268706911047585, 0.025727257440726417, 0.0]], "sysname": ["SOURCE", "UFC", "IITB", "SJTU", "IPN", "RAC", "PKU", "AMU", "UMC", "NTHU", "POST", "CUUI", "NUCLEA", "CAMB"]}