{"counts": [[0.0, 0.01767243184387956, 0.017169898236944595, 0.012898362577997403, 0.010971983751413375, 0.010050672138699276, 0.010469450144478412, 0.008249926713848988, 0.009338749528874743, 0.006951714895933665, 0.0077473931069140245, 0.007538004104024457, 0.007077348297667406, 0.005946647682063738], [0.01767243184387956, 0.0, 0.018509987855437834, 0.0141128187947569, 0.012144562167594958, 0.010343816742744672, 0.01009254993927719, 0.008333682315004816, 0.008208048913271076, 0.0077055153063361114, 0.006156036684953306, 0.007161103898823234, 0.005360358473972947, 0.007538004104024457], [0.017169898236944595, 0.018509987855437834, 0.0, 0.012186439968172872, 0.011977050965283304, 0.011851417563549562, 0.01088822815025755, 0.008291804514426902, 0.0076636375057581975, 0.0076636375057581975, 0.006993592696511579, 0.006826081494199924, 0.007789270907491938, 0.0056535030780183425], [0.012898362577997403, 0.0141128187947569, 0.012186439968172872, 0.0, 0.01390342979186733, 0.012479584572218268, 0.011265128355458771, 0.010134427739855102, 0.009548138531764313, 0.00942250513003057, 0.006909837095355752, 0.008249926713848988, 0.007873026508647766, 0.008668704719628125], [0.010971983751413375, 0.012144562167594958, 0.011977050965283304, 0.01390342979186733, 0.0, 0.012772729176263663, 0.011390761757192513, 0.01088822815025755, 0.010636961346790066, 0.01009254993927719, 0.009464382930608485, 0.0077055153063361114, 0.00942250513003057, 0.009087482725407261], [0.010050672138699276, 0.010343816742744672, 0.011851417563549562, 0.012479584572218268, 0.012772729176263663, 0.0, 0.013945307592445244, 0.012982118179153231, 0.010930105950835461, 0.007998659910381506, 0.010301938942166758, 0.009003727124251435, 0.008794338121361866, 0.010176305540433016], [0.010469450144478412, 0.01009254993927719, 0.01088822815025755, 0.011265128355458771, 0.011390761757192513, 0.013945307592445244, 0.0, 0.01239582897106244, 0.011181372754302943, 0.010846350349679635, 0.01009254993927719, 0.00975752753465388, 0.010762594748523808, 0.008919971523095607], [0.008249926713848988, 0.008333682315004816, 0.008291804514426902, 0.010134427739855102, 0.01088822815025755, 0.012982118179153231, 0.01239582897106244, 0.0, 0.01423845219649064, 0.012144562167594958, 0.011851417563549562, 0.012144562167594958, 0.012312073369906612, 0.01172578416181582], [0.009338749528874743, 0.008208048913271076, 0.0076636375057581975, 0.009548138531764313, 0.010636961346790066, 0.010930105950835461, 0.011181372754302943, 0.01423845219649064, 0.0, 0.013359018384354453, 0.013359018384354453, 0.012563340173374094, 0.011348883956614599, 0.012688973575107836], [0.006951714895933665, 0.0077055153063361114, 0.0076636375057581975, 0.00942250513003057, 0.01009254993927719, 0.007998659910381506, 0.010846350349679635, 0.012144562167594958, 0.013359018384354453, 0.0, 0.015494786213828049, 0.01620670882365258, 0.015285397210938481, 0.014280329997068554], [0.0077473931069140245, 0.006156036684953306, 0.006993592696511579, 0.006909837095355752, 0.009464382930608485, 0.010301938942166758, 0.01009254993927719, 0.011851417563549562, 0.013359018384354453, 0.015494786213828049, 0.0, 0.01700238703463294, 0.015076008208048913, 0.01758867624272373], [0.007538004104024457, 0.007161103898823234, 0.006826081494199924, 0.008249926713848988, 0.0077055153063361114, 0.009003727124251435, 0.00975752753465388, 0.012144562167594958, 0.012563340173374094, 0.01620670882365258, 0.01700238703463294, 0.0, 0.015327275011516395, 0.017881820846769127], [0.007077348297667406, 0.005360358473972947, 0.007789270907491938, 0.007873026508647766, 0.00942250513003057, 0.008794338121361866, 0.010762594748523808, 0.012312073369906612, 0.011348883956614599, 0.015285397210938481, 0.015076008208048913, 0.015327275011516395, 0.0, 0.024582268939235312], [0.005946647682063738, 0.007538004104024457, 0.0056535030780183425, 0.008668704719628125, 0.009087482725407261, 0.010176305540433016, 0.008919971523095607, 0.01172578416181582, 0.012688973575107836, 0.014280329997068554, 0.01758867624272373, 0.017881820846769127, 0.024582268939235312, 0.0]], "sysname": ["SOURCE", "UFC", "IITB", "SJTU", "IPN", "RAC", "PKU", "AMU", "UMC", "NTHU", "POST", "CUUI", "NUCLEA", "CAMB"]}