{"counts": [[0.0, 0.020637898686679174, 0.01086886200426991, 0.009963123503914085, 0.009510254253736172, 0.008669211360548618, 0.00970434107524099, 0.009251471825063078, 0.008669211360548618, 0.008345733324707252, 0.00711651678851006, 0.008022255288865887, 0.007245908002846606, 0.006534256323995601, 0.006857734359836967], [0.020637898686679174, 0.0, 0.011321731254447824, 0.010933557611438183, 0.009769036682409265, 0.008151646503202433, 0.008539820146212072, 0.009574949860904444, 0.008669211360548618, 0.007569386038687973, 0.007828168467361066, 0.007828168467361066, 0.0069224299670052405, 0.008345733324707252, 0.006987125574173514], [0.01086886200426991, 0.011321731254447824, 0.0, 0.010221905932587178, 0.009510254253736172, 0.008733906967716892, 0.009833732289577537, 0.00970434107524099, 0.009316167432231352, 0.009057385003558259, 0.008216342110370705, 0.009186776217894805, 0.008345733324707252, 0.007439994824351427, 0.008927993789221713], [0.009963123503914085, 0.010933557611438183, 0.010221905932587178, 0.0, 0.009316167432231352, 0.009639645468072718, 0.009445558646567898, 0.009510254253736172, 0.009639645468072718, 0.008539820146212072, 0.010157210325418903, 0.009380863039399626, 0.007892864074529339, 0.008022255288865887, 0.008604515753380346], [0.009510254253736172, 0.009769036682409265, 0.009510254253736172, 0.009316167432231352, 0.0, 0.010415992754091998, 0.009251471825063078, 0.01125703564727955, 0.010415992754091998, 0.009380863039399626, 0.008798602574885165, 0.0084751245390438, 0.007763472860192793, 0.007439994824351427, 0.008863298182053439], [0.008669211360548618, 0.008151646503202433, 0.008733906967716892, 0.009639645468072718, 0.010415992754091998, 0.0, 0.009510254253736172, 0.009574949860904444, 0.010351297146923724, 0.008992689396389985, 0.009510254253736172, 0.008927993789221713, 0.0075046904315197, 0.007828168467361066, 0.008669211360548618], [0.00970434107524099, 0.008539820146212072, 0.009833732289577537, 0.009445558646567898, 0.009251471825063078, 0.009510254253736172, 0.0, 0.009122080610726531, 0.009639645468072718, 0.008022255288865887, 0.009186776217894805, 0.0084751245390438, 0.009186776217894805, 0.008992689396389985, 0.0084751245390438], [0.009251471825063078, 0.009574949860904444, 0.00970434107524099, 0.009510254253736172, 0.01125703564727955, 0.009574949860904444, 0.009122080610726531, 0.0, 0.010027819111082357, 0.010027819111082357, 0.009639645468072718, 0.008733906967716892, 0.008927993789221713, 0.008410428931875526, 0.008927993789221713], [0.008669211360548618, 0.008669211360548618, 0.009316167432231352, 0.009639645468072718, 0.010415992754091998, 0.010351297146923724, 0.009639645468072718, 0.010027819111082357, 0.0, 0.009445558646567898, 0.009380863039399626, 0.009574949860904444, 0.009251471825063078, 0.008992689396389985, 0.009122080610726531], [0.008345733324707252, 0.007569386038687973, 0.009057385003558259, 0.008539820146212072, 0.009380863039399626, 0.008992689396389985, 0.008022255288865887, 0.010027819111082357, 0.009445558646567898, 0.0, 0.011903991718962283, 0.009639645468072718, 0.01106294882577473, 0.011709904897457463, 0.010739470789933363], [0.00711651678851006, 0.007828168467361066, 0.008216342110370705, 0.010157210325418903, 0.008798602574885165, 0.009510254253736172, 0.009186776217894805, 0.009639645468072718, 0.009380863039399626, 0.011903991718962283, 0.0, 0.01145112246878437, 0.01067477518276509, 0.009963123503914085, 0.010545383968428544], [0.008022255288865887, 0.007828168467361066, 0.009186776217894805, 0.009380863039399626, 0.0084751245390438, 0.008927993789221713, 0.0084751245390438, 0.008733906967716892, 0.009574949860904444, 0.009639645468072718, 0.01145112246878437, 0.0, 0.01423303357702012, 0.011580513683120916, 0.010804166397101637], [0.007245908002846606, 0.0069224299670052405, 0.008345733324707252, 0.007892864074529339, 0.007763472860192793, 0.0075046904315197, 0.009186776217894805, 0.008927993789221713, 0.009251471825063078, 0.01106294882577473, 0.01067477518276509, 0.01423303357702012, 0.0, 0.01462120722002976, 0.016238597399236592], [0.006534256323995601, 0.008345733324707252, 0.007439994824351427, 0.008022255288865887, 0.007439994824351427, 0.007828168467361066, 0.008992689396389985, 0.008410428931875526, 0.008992689396389985, 0.011709904897457463, 0.009963123503914085, 0.011580513683120916, 0.01462120722002976, 0.0, 0.017855987578443425], [0.006857734359836967, 0.006987125574173514, 0.008927993789221713, 0.008604515753380346, 0.008863298182053439, 0.008669211360548618, 0.0084751245390438, 0.008927993789221713, 0.009122080610726531, 0.010739470789933363, 0.010545383968428544, 0.010804166397101637, 0.016238597399236592, 0.017855987578443425, 0.0]], "sysname": ["IITB", "SJTU", "PKU", "RAC", "IPN", "src", "UFC", "AMU", "JMGR", "UMC", "NTHU", "CUUI", "NUCLEA", "POST", "CAMB"]}