{"sysname": ["SOURCE", "UFC", "IITB", "SJTU", "IPN", "RAC", "PKU", "AMU", "UMC", "NTHU", "POST", "CUUI", "NUCLEA", "CAMB"], "counts": [[0.0, 0.018174965450814522, 0.01620670882365258, 0.013149629381464885, 0.010930105950835461, 0.011223250554880857, 0.010720716947945894, 0.009631894132920139, 0.008333682315004816, 0.00711922609824532, 0.006867959294777838, 0.007202981699401147, 0.006365425687842875, 0.006784203693622011], [0.018174965450814522, 0.0, 0.016960509234055027, 0.012898362577997403, 0.01239582897106244, 0.012018928765861216, 0.009841283135809707, 0.008626826919050212, 0.00837556011558273, 0.00850119351731647, 0.007496126303446543, 0.006239792286109134, 0.006407303488420788, 0.005109091670505465], [0.01620670882365258, 0.016960509234055027, 0.0, 0.012563340173374094, 0.012228317768750786, 0.010846350349679635, 0.010930105950835461, 0.008919971523095607, 0.008668704719628125, 0.00791490430922568, 0.007286737300556975, 0.007370492901712802, 0.006826081494199924, 0.0066585702918882704], [0.013149629381464885, 0.012898362577997403, 0.012563340173374094, 0.0, 0.013987185393023158, 0.011683906361237908, 0.011265128355458771, 0.011851417563549562, 0.009129360525985175, 0.008919971523095607, 0.00804053771095942, 0.007831148708069852, 0.00791490430922568, 0.00871058252020604], [0.010930105950835461, 0.01239582897106244, 0.012228317768750786, 0.013987185393023158, 0.0, 0.01273085137568575, 0.012605217973952008, 0.01067883914736798, 0.011432639557770427, 0.008794338121361866, 0.009045604924829347, 0.008626826919050212, 0.008459315716738558, 0.00871058252020604], [0.011223250554880857, 0.012018928765861216, 0.010846350349679635, 0.011683906361237908, 0.01273085137568575, 0.0, 0.012605217973952008, 0.011851417563549562, 0.010427572343900498, 0.010050672138699276, 0.009590016332342225, 0.00975752753465388, 0.009548138531764313, 0.008794338121361866], [0.010720716947945894, 0.009841283135809707, 0.010930105950835461, 0.011265128355458771, 0.012605217973952008, 0.012605217973952008, 0.0, 0.01239582897106244, 0.01193517316470539, 0.011683906361237908, 0.01021818334101093, 0.00883621592193978, 0.00988316093638762, 0.009841283135809707], [0.009631894132920139, 0.008626826919050212, 0.008919971523095607, 0.011851417563549562, 0.01067883914736798, 0.011851417563549562, 0.01239582897106244, 0.0, 0.014154696595334812, 0.012228317768750786, 0.011139494953725031, 0.011265128355458771, 0.011055739352569203, 0.011307006156036685], [0.008333682315004816, 0.00837556011558273, 0.008668704719628125, 0.009129360525985175, 0.011432639557770427, 0.010427572343900498, 0.01193517316470539, 0.014154696595334812, 0.0, 0.012312073369906612, 0.011767661962393735, 0.012312073369906612, 0.01252146237279618, 0.01377779639013359], [0.00711922609824532, 0.00850119351731647, 0.00791490430922568, 0.008919971523095607, 0.008794338121361866, 0.010050672138699276, 0.011683906361237908, 0.012228317768750786, 0.012312073369906612, 0.0, 0.015117886008626827, 0.01469910800284769, 0.014824741404581432, 0.015285397210938481], [0.006867959294777838, 0.007496126303446543, 0.007286737300556975, 0.00804053771095942, 0.009045604924829347, 0.009590016332342225, 0.01021818334101093, 0.011139494953725031, 0.011767661962393735, 0.015117886008626827, 0.0, 0.017965576447924955, 0.016709242430587544, 0.016164831023074668], [0.007202981699401147, 0.006239792286109134, 0.007370492901712802, 0.007831148708069852, 0.008626826919050212, 0.00975752753465388, 0.00883621592193978, 0.011265128355458771, 0.012312073369906612, 0.01469910800284769, 0.017965576447924955, 0.0, 0.016960509234055027, 0.018677499057749486], [0.006365425687842875, 0.006407303488420788, 0.006826081494199924, 0.00791490430922568, 0.008459315716738558, 0.009548138531764313, 0.00988316093638762, 0.011055739352569203, 0.01252146237279618, 0.014824741404581432, 0.016709242430587544, 0.016960509234055027, 0.0, 0.02412161313287826], [0.006784203693622011, 0.005109091670505465, 0.0066585702918882704, 0.00871058252020604, 0.00871058252020604, 0.008794338121361866, 0.009841283135809707, 0.011307006156036685, 0.01377779639013359, 0.015285397210938481, 0.016164831023074668, 0.018677499057749486, 0.02412161313287826, 0.0]]}