{"counts": [[0.0, 0.018706911047587017, 0.017445770976963176, 0.01282159071800908, 0.011055994619135699, 0.010929880612073315, 0.009290398520262318, 0.008029258449638473, 0.00874390448965865, 0.006936270388431142, 0.0069783083907852695, 0.007146460400201783, 0.007482764419034807, 0.006936270388431142], [0.018706911047587017, 0.0, 0.017908189002858583, 0.01353623675802926, 0.011434336640322852, 0.01080376660501093, 0.010215234572053136, 0.008197410459054985, 0.00718849840255591, 0.007861106440221961, 0.006726080376660501, 0.007020346393139398, 0.006557928367243989, 0.00651589036488986], [0.017445770976963176, 0.017908189002858583, 0.0, 0.013241970741550362, 0.01214898268034303, 0.010047082562636624, 0.010929880612073315, 0.008365562468471498, 0.008870018496721036, 0.00676811837901463, 0.006642004371952245, 0.006894232386077013, 0.006894232386077013, 0.007146460400201783], [0.01282159071800908, 0.01353623675802926, 0.013241970741550362, 0.0, 0.015091642845132, 0.012485286699176056, 0.010761728602656801, 0.01013115856734488, 0.008365562468471498, 0.010173196569699007, 0.00811333445434673, 0.007692954430805448, 0.007692954430805448, 0.00765091642845132], [0.011055994619135699, 0.011434336640322852, 0.01214898268034303, 0.015091642845132, 0.0, 0.013157894736842105, 0.013115856734487978, 0.010005044560282495, 0.010047082562636624, 0.009416512527324701, 0.008617790482596267, 0.008407600470825626, 0.008827980494366908, 0.009080208508491677], [0.010929880612073315, 0.01080376660501093, 0.010047082562636624, 0.012485286699176056, 0.013157894736842105, 0.0, 0.01307381873213385, 0.01147637464267698, 0.012106944677988903, 0.009416512527324701, 0.01013115856734488, 0.00924836051790819, 0.008407600470825626, 0.01013115856734488], [0.009290398520262318, 0.010215234572053136, 0.010929880612073315, 0.010761728602656801, 0.013115856734487978, 0.01307381873213385, 0.0, 0.012022868673280646, 0.011980830670926517, 0.010719690600302674, 0.00992096855557424, 0.01080376660501093, 0.010467462586177905, 0.009878930553220111], [0.008029258449638473, 0.008197410459054985, 0.008365562468471498, 0.01013115856734488, 0.010005044560282495, 0.01147637464267698, 0.012022868673280646, 0.0, 0.013956616781570539, 0.013620312762737515, 0.012022868673280646, 0.011686564654447621, 0.012275096687405415, 0.013241970741550362], [0.00874390448965865, 0.00718849840255591, 0.008870018496721036, 0.008365562468471498, 0.010047082562636624, 0.012106944677988903, 0.011980830670926517, 0.013956616781570539, 0.0, 0.012737514713300825, 0.01416680679334118, 0.011980830670926517, 0.012905666722717337, 0.012233058685051286], [0.006936270388431142, 0.007861106440221961, 0.00676811837901463, 0.010173196569699007, 0.009416512527324701, 0.009416512527324701, 0.010719690600302674, 0.013620312762737515, 0.012737514713300825, 0.0, 0.015385908861610896, 0.01530183285690264, 0.014587186816882461, 0.015091642845132], [0.0069783083907852695, 0.006726080376660501, 0.006642004371952245, 0.00811333445434673, 0.008617790482596267, 0.01013115856734488, 0.00992096855557424, 0.012022868673280646, 0.01416680679334118, 0.015385908861610896, 0.0, 0.016605010929880613, 0.01576425088279805, 0.016941314948713638], [0.007146460400201783, 0.007020346393139398, 0.006894232386077013, 0.007692954430805448, 0.008407600470825626, 0.00924836051790819, 0.01080376660501093, 0.011686564654447621, 0.011980830670926517, 0.01530183285690264, 0.016605010929880613, 0.0, 0.01752984698167143, 0.016983352951067766], [0.007482764419034807, 0.006557928367243989, 0.006894232386077013, 0.007692954430805448, 0.008827980494366908, 0.008407600470825626, 0.010467462586177905, 0.012275096687405415, 0.012905666722717337, 0.014587186816882461, 0.01576425088279805, 0.01752984698167143, 0.0, 0.021943837228854884], [0.006936270388431142, 0.00651589036488986, 0.007146460400201783, 0.00765091642845132, 0.009080208508491677, 0.01013115856734488, 0.009878930553220111, 0.013241970741550362, 0.012233058685051286, 0.015091642845132, 0.016941314948713638, 0.016983352951067766, 0.021943837228854884, 0.0]], "sysname": ["SOURCE", "UFC", "IITB", "SJTU", "IPN", "RAC", "PKU", "AMU", "UMC", "NTHU", "POST", "CUUI", "NUCLEA", "CAMB"]}