{"sysname": ["IITB", "SJTU", "PKU", "RAC", "IPN", "src", "UFC", "AMU", "JMGR", "UMC", "NTHU", "CUUI", "NUCLEA", "POST", "CAMB"], "counts": [[0.0, 0.020185029436501262, 0.010933557611438183, 0.0084751245390438, 0.010157210325418903, 0.007569386038687973, 0.010998253218606457, 0.009833732289577537, 0.00970434107524099, 0.007763472860192793, 0.008151646503202433, 0.007763472860192793, 0.007051821181341787, 0.00672834314550042, 0.005693213430808048], [0.020185029436501262, 0.0, 0.010804166397101637, 0.010610079575596816, 0.009445558646567898, 0.007892864074529339, 0.009057385003558259, 0.009833732289577537, 0.007439994824351427, 0.008345733324707252, 0.008539820146212072, 0.008216342110370705, 0.008022255288865887, 0.007181212395678333, 0.007957559681697613], [0.010933557611438183, 0.010804166397101637, 0.0, 0.011839296111794009, 0.01028660153975545, 0.008604515753380346, 0.009833732289577537, 0.007763472860192793, 0.009833732289577537, 0.008345733324707252, 0.008863298182053439, 0.0084751245390438, 0.008216342110370705, 0.008345733324707252, 0.009122080610726531], [0.0084751245390438, 0.010610079575596816, 0.011839296111794009, 0.0, 0.009380863039399626, 0.00989842789674581, 0.009122080610726531, 0.010610079575596816, 0.009316167432231352, 0.008927993789221713, 0.008992689396389985, 0.007698777253024519, 0.008992689396389985, 0.008733906967716892, 0.007634081645856246], [0.010157210325418903, 0.009445558646567898, 0.01028660153975545, 0.009380863039399626, 0.0, 0.009251471825063078, 0.009833732289577537, 0.010221905932587178, 0.008927993789221713, 0.010739470789933363, 0.008669211360548618, 0.009057385003558259, 0.00828103771753898, 0.007439994824351427, 0.008151646503202433], [0.007569386038687973, 0.007892864074529339, 0.008604515753380346, 0.00989842789674581, 0.009251471825063078, 0.0, 0.008604515753380346, 0.00970434107524099, 0.009963123503914085, 0.009639645468072718, 0.008539820146212072, 0.009251471825063078, 0.008604515753380346, 0.009251471825063078, 0.009963123503914085], [0.010998253218606457, 0.009057385003558259, 0.009833732289577537, 0.009122080610726531, 0.009833732289577537, 0.008604515753380346, 0.0, 0.010545383968428544, 0.009316167432231352, 0.008086950896034159, 0.007828168467361066, 0.008539820146212072, 0.008539820146212072, 0.007439994824351427, 0.009122080610726531], [0.009833732289577537, 0.009833732289577537, 0.007763472860192793, 0.010610079575596816, 0.010221905932587178, 0.00970434107524099, 0.010545383968428544, 0.0, 0.00989842789674581, 0.009510254253736172, 0.008733906967716892, 0.00970434107524099, 0.00828103771753898, 0.009186776217894805, 0.008927993789221713], [0.00970434107524099, 0.007439994824351427, 0.009833732289577537, 0.009316167432231352, 0.008927993789221713, 0.009963123503914085, 0.009316167432231352, 0.00989842789674581, 0.0, 0.00989842789674581, 0.010415992754091998, 0.009963123503914085, 0.00989842789674581, 0.008345733324707252, 0.008733906967716892], [0.007763472860192793, 0.008345733324707252, 0.008345733324707252, 0.008927993789221713, 0.010739470789933363, 0.009639645468072718, 0.008086950896034159, 0.009510254253736172, 0.00989842789674581, 0.0, 0.011580513683120916, 0.00989842789674581, 0.011580513683120916, 0.009833732289577537, 0.011127644432943003], [0.008151646503202433, 0.008539820146212072, 0.008863298182053439, 0.008992689396389985, 0.008669211360548618, 0.008539820146212072, 0.007828168467361066, 0.008733906967716892, 0.010415992754091998, 0.011580513683120916, 0.0, 0.011709904897457463, 0.010545383968428544, 0.010739470789933363, 0.011321731254447824], [0.007763472860192793, 0.008216342110370705, 0.0084751245390438, 0.007698777253024519, 0.009057385003558259, 0.009251471825063078, 0.008539820146212072, 0.00970434107524099, 0.009963123503914085, 0.00989842789674581, 0.011709904897457463, 0.0, 0.010739470789933363, 0.012939121433654655, 0.012356860969140196], [0.007051821181341787, 0.008022255288865887, 0.008216342110370705, 0.008992689396389985, 0.00828103771753898, 0.008604515753380346, 0.008539820146212072, 0.00828103771753898, 0.00989842789674581, 0.011580513683120916, 0.010545383968428544, 0.010739470789933363, 0.0, 0.015397554506049039, 0.015785728149058677], [0.00672834314550042, 0.007181212395678333, 0.008345733324707252, 0.008733906967716892, 0.007439994824351427, 0.009251471825063078, 0.007439994824351427, 0.009186776217894805, 0.008345733324707252, 0.009833732289577537, 0.010739470789933363, 0.012939121433654655, 0.015397554506049039, 0.0, 0.016238597399236592], [0.005693213430808048, 0.007957559681697613, 0.009122080610726531, 0.007634081645856246, 0.008151646503202433, 0.009963123503914085, 0.009122080610726531, 0.008927993789221713, 0.008733906967716892, 0.011127644432943003, 0.011321731254447824, 0.012356860969140196, 0.015785728149058677, 0.016238597399236592, 0.0]]}