{"counts": [[0.0, 0.019043215066420045, 0.018076341012275097, 0.01235917269211367, 0.012317134689759543, 0.010425424583823777, 0.010173196569699007, 0.007819068437867832, 0.00765091642845132, 0.007356650411972423, 0.007398688414326551, 0.00765091642845132, 0.005885320329577938, 0.006179586346056835], [0.019043215066420045, 0.0, 0.016983352951067766, 0.01328400874390449, 0.012064906675634774, 0.011434336640322852, 0.00945855052967883, 0.00853371447788801, 0.00878594249201278, 0.006726080376660501, 0.007272574407264167, 0.006557928367243989, 0.0062216243484109635, 0.00676811837901463], [0.018076341012275097, 0.016983352951067766, 0.0, 0.01307381873213385, 0.01126618463090634, 0.01126618463090634, 0.009584664536741214, 0.009416512527324701, 0.008449638473179755, 0.008071296451992602, 0.00718849840255591, 0.00718849840255591, 0.007020346393139398, 0.006053472338994451], [0.01235917269211367, 0.01328400874390449, 0.01307381873213385, 0.0, 0.014124768790987053, 0.011812678661510005, 0.011896754666218262, 0.008954094501429291, 0.010005044560282495, 0.008323524466117371, 0.008870018496721036, 0.007314612409618295, 0.009122246510845805, 0.008281486463763242], [0.012317134689759543, 0.012064906675634774, 0.01126618463090634, 0.014124768790987053, 0.0, 0.012989742727425592, 0.012443248696821927, 0.01147637464267698, 0.01080376660501093, 0.008239448461409114, 0.009584664536741214, 0.007482764419034807, 0.008449638473179755, 0.008491676475533883], [0.010425424583823777, 0.011434336640322852, 0.01126618463090634, 0.011812678661510005, 0.012989742727425592, 0.0, 0.01437699680511182, 0.01126618463090634, 0.011938792668572389, 0.010467462586177905, 0.009374474524970573, 0.008954094501429291, 0.008575752480242138, 0.00899613250378342], [0.010173196569699007, 0.00945855052967883, 0.009584664536741214, 0.011896754666218262, 0.012443248696821927, 0.01437699680511182, 0.0, 0.013157894736842105, 0.01126618463090634, 0.01055153859088616, 0.010257272574407264, 0.010215234572053136, 0.010257272574407264, 0.009374474524970573], [0.007819068437867832, 0.00853371447788801, 0.009416512527324701, 0.008954094501429291, 0.01147637464267698, 0.01126618463090634, 0.013157894736842105, 0.0, 0.013620312762737515, 0.012863628720363209, 0.01303178072977972, 0.011182108626198083, 0.01101395661678157, 0.012317134689759543], [0.00765091642845132, 0.00878594249201278, 0.008449638473179755, 0.010005044560282495, 0.01080376660501093, 0.011938792668572389, 0.01126618463090634, 0.013620312762737515, 0.0, 0.012106944677988903, 0.01235917269211367, 0.012275096687405415, 0.01282159071800908, 0.012863628720363209], [0.007356650411972423, 0.006726080376660501, 0.008071296451992602, 0.008323524466117371, 0.008239448461409114, 0.010467462586177905, 0.01055153859088616, 0.012863628720363209, 0.012106944677988903, 0.0, 0.015259794854548512, 0.016016478896922818, 0.014545148814528334, 0.0174878089793173], [0.007398688414326551, 0.007272574407264167, 0.00718849840255591, 0.008870018496721036, 0.009584664536741214, 0.009374474524970573, 0.010257272574407264, 0.01303178072977972, 0.01235917269211367, 0.015259794854548512, 0.0, 0.016815200941651252, 0.014923490835715487, 0.01530183285690264], [0.00765091642845132, 0.006557928367243989, 0.00718849840255591, 0.007314612409618295, 0.007482764419034807, 0.008954094501429291, 0.010215234572053136, 0.011182108626198083, 0.012275096687405415, 0.016016478896922818, 0.016815200941651252, 0.0, 0.018538759038170507, 0.01824449302169161], [0.005885320329577938, 0.0062216243484109635, 0.007020346393139398, 0.009122246510845805, 0.008449638473179755, 0.008575752480242138, 0.010257272574407264, 0.01101395661678157, 0.01282159071800908, 0.014545148814528334, 0.014923490835715487, 0.018538759038170507, 0.0, 0.023709433327728267], [0.006179586346056835, 0.00676811837901463, 0.006053472338994451, 0.008281486463763242, 0.008491676475533883, 0.00899613250378342, 0.009374474524970573, 0.012317134689759543, 0.012863628720363209, 0.0174878089793173, 0.01530183285690264, 0.01824449302169161, 0.023709433327728267, 0.0]], "sysname": ["SOURCE", "UFC", "IITB", "SJTU", "IPN", "RAC", "PKU", "AMU", "UMC", "NTHU", "POST", "CUUI", "NUCLEA", "CAMB"]}