{"counts": [[0.0, 0.016960509234055027, 0.01742116504041208, 0.013191507182042799, 0.011851417563549562, 0.010260061141588844, 0.009171238326563089, 0.007621759705180284, 0.008417437916160644, 0.008584949118472298, 0.007286737300556975, 0.007789270907491938, 0.007077348297667406, 0.007370492901712802], [0.016960509234055027, 0.0, 0.01892876586121697, 0.01172578416181582, 0.011683906361237908, 0.010469450144478412, 0.010176305540433016, 0.009003727124251435, 0.007873026508647766, 0.007998659910381506, 0.007998659910381506, 0.0067004480924661835, 0.006826081494199924, 0.006323547887264961], [0.01742116504041208, 0.01892876586121697, 0.0, 0.013359018384354453, 0.010762594748523808, 0.01067883914736798, 0.010469450144478412, 0.008961849323673521, 0.008333682315004816, 0.006993592696511579, 0.006993592696511579, 0.006909837095355752, 0.0066585702918882704, 0.0066166924913103565], [0.013191507182042799, 0.01172578416181582, 0.013359018384354453, 0.0, 0.014196574395912726, 0.011683906361237908, 0.012270195569328698, 0.009631894132920139, 0.009925038736965534, 0.009045604924829347, 0.008961849323673521, 0.008082415511537334, 0.0077055153063361114, 0.00791490430922568], [0.011851417563549562, 0.011683906361237908, 0.010762594748523808, 0.014196574395912726, 0.0, 0.013945307592445244, 0.012688973575107836, 0.009548138531764313, 0.010134427739855102, 0.009129360525985175, 0.009715649734075966, 0.00942250513003057, 0.008878093722517693, 0.008878093722517693], [0.010260061141588844, 0.010469450144478412, 0.01067883914736798, 0.011683906361237908, 0.013945307592445244, 0.0, 0.014531596800536036, 0.011683906361237908, 0.010469450144478412, 0.010134427739855102, 0.008919971523095607, 0.008961849323673521, 0.009631894132920139, 0.009464382930608485], [0.009171238326563089, 0.010176305540433016, 0.010469450144478412, 0.012270195569328698, 0.012688973575107836, 0.014531596800536036, 0.0, 0.013191507182042799, 0.011055739352569203, 0.00883621592193978, 0.010595083546212154, 0.009966916537543448, 0.009590016332342225, 0.010511327945056326], [0.007621759705180284, 0.009003727124251435, 0.008961849323673521, 0.009631894132920139, 0.009548138531764313, 0.011683906361237908, 0.013191507182042799, 0.0, 0.013275262783198627, 0.012144562167594958, 0.012814606976841576, 0.011851417563549562, 0.012479584572218268, 0.012647095774529922], [0.008417437916160644, 0.007873026508647766, 0.008333682315004816, 0.009925038736965534, 0.010134427739855102, 0.010469450144478412, 0.011055739352569203, 0.013275262783198627, 0.0, 0.014405963398802294, 0.013610285187821935, 0.013149629381464885, 0.012814606976841576, 0.01206080656643913], [0.008584949118472298, 0.007998659910381506, 0.006993592696511579, 0.009045604924829347, 0.009129360525985175, 0.010134427739855102, 0.00883621592193978, 0.012144562167594958, 0.014405963398802294, 0.0, 0.014447841199380208, 0.016039197621340928, 0.014657230202269778, 0.014824741404581432], [0.007286737300556975, 0.007998659910381506, 0.006993592696511579, 0.008961849323673521, 0.009715649734075966, 0.008919971523095607, 0.010595083546212154, 0.012814606976841576, 0.013610285187821935, 0.014447841199380208, 0.0, 0.014992252606893085, 0.01490849700573726, 0.016834875832321287], [0.007789270907491938, 0.0067004480924661835, 0.006909837095355752, 0.008082415511537334, 0.00942250513003057, 0.008961849323673521, 0.009966916537543448, 0.011851417563549562, 0.013149629381464885, 0.016039197621340928, 0.014992252606893085, 0.0, 0.016332342225386324, 0.01733740943925625], [0.007077348297667406, 0.006826081494199924, 0.0066585702918882704, 0.0077055153063361114, 0.008878093722517693, 0.009631894132920139, 0.009590016332342225, 0.012479584572218268, 0.012814606976841576, 0.014657230202269778, 0.01490849700573726, 0.016332342225386324, 0.0, 0.023619079525943297], [0.007370492901712802, 0.006323547887264961, 0.0066166924913103565, 0.00791490430922568, 0.008878093722517693, 0.009464382930608485, 0.010511327945056326, 0.012647095774529922, 0.01206080656643913, 0.014824741404581432, 0.016834875832321287, 0.01733740943925625, 0.023619079525943297, 0.0]], "sysname": ["SOURCE", "UFC", "IITB", "SJTU", "IPN", "RAC", "PKU", "AMU", "UMC", "NTHU", "POST", "CUUI", "NUCLEA", "CAMB"]}