{"counts": [[0.0, 0.02012033382933299, 0.009186776217894805, 0.010221905932587178, 0.009251471825063078, 0.008410428931875526, 0.00989842789674581, 0.008863298182053439, 0.009316167432231352, 0.007957559681697613, 0.008086950896034159, 0.007763472860192793, 0.008022255288865887, 0.007698777253024519, 0.006857734359836967], [0.02012033382933299, 0.0, 0.009963123503914085, 0.01048068836126027, 0.01086886200426991, 0.008927993789221713, 0.00731060361001488, 0.01048068836126027, 0.009380863039399626, 0.008798602574885165, 0.008345733324707252, 0.0069224299670052405, 0.008798602574885165, 0.007439994824351427, 0.006340169502490781], [0.009186776217894805, 0.009963123503914085, 0.0, 0.01028660153975545, 0.011774600504625737, 0.009769036682409265, 0.009510254253736172, 0.009510254253736172, 0.010545383968428544, 0.008669211360548618, 0.008022255288865887, 0.008345733324707252, 0.008216342110370705, 0.008022255288865887, 0.009316167432231352], [0.010221905932587178, 0.01048068836126027, 0.01028660153975545, 0.0, 0.01106294882577473, 0.009963123503914085, 0.010415992754091998, 0.006534256323995601, 0.009833732289577537, 0.007763472860192793, 0.009316167432231352, 0.009251471825063078, 0.009186776217894805, 0.00828103771753898, 0.008345733324707252], [0.009251471825063078, 0.01086886200426991, 0.011774600504625737, 0.01106294882577473, 0.0, 0.009574949860904444, 0.008669211360548618, 0.010351297146923724, 0.01048068836126027, 0.008798602574885165, 0.009380863039399626, 0.006534256323995601, 0.008604515753380346, 0.006793038752668693, 0.0073752992171831535], [0.008410428931875526, 0.008927993789221713, 0.009769036682409265, 0.009963123503914085, 0.009574949860904444, 0.0, 0.008798602574885165, 0.01028660153975545, 0.010092514718250631, 0.008798602574885165, 0.007634081645856246, 0.0084751245390438, 0.008151646503202433, 0.007828168467361066, 0.009186776217894805], [0.00989842789674581, 0.00731060361001488, 0.009510254253736172, 0.010415992754091998, 0.008669211360548618, 0.008798602574885165, 0.0, 0.010998253218606457, 0.008863298182053439, 0.009963123503914085, 0.008410428931875526, 0.008022255288865887, 0.008216342110370705, 0.008798602574885165, 0.009833732289577537], [0.008863298182053439, 0.01048068836126027, 0.009510254253736172, 0.006534256323995601, 0.010351297146923724, 0.01028660153975545, 0.010998253218606457, 0.0, 0.008733906967716892, 0.010027819111082357, 0.010092514718250631, 0.010415992754091998, 0.008539820146212072, 0.009574949860904444, 0.008086950896034159], [0.009316167432231352, 0.009380863039399626, 0.010545383968428544, 0.009833732289577537, 0.01048068836126027, 0.010092514718250631, 0.008863298182053439, 0.008733906967716892, 0.0, 0.008992689396389985, 0.009963123503914085, 0.009186776217894805, 0.009380863039399626, 0.008604515753380346, 0.010027819111082357], [0.007957559681697613, 0.008798602574885165, 0.008669211360548618, 0.007763472860192793, 0.008798602574885165, 0.008798602574885165, 0.009963123503914085, 0.010027819111082357, 0.008992689396389985, 0.0, 0.010092514718250631, 0.010804166397101637, 0.01048068836126027, 0.01048068836126027, 0.011839296111794009], [0.008086950896034159, 0.008345733324707252, 0.008022255288865887, 0.009316167432231352, 0.009380863039399626, 0.007634081645856246, 0.008410428931875526, 0.010092514718250631, 0.009963123503914085, 0.010092514718250631, 0.0, 0.01222746975480365, 0.01048068836126027, 0.010998253218606457, 0.011515818075952642], [0.007763472860192793, 0.0069224299670052405, 0.008345733324707252, 0.009251471825063078, 0.006534256323995601, 0.0084751245390438, 0.008022255288865887, 0.010415992754091998, 0.009186776217894805, 0.010804166397101637, 0.01222746975480365, 0.0, 0.012421556576308468, 0.012809730219318109, 0.012550947790645015], [0.008022255288865887, 0.008798602574885165, 0.008216342110370705, 0.009186776217894805, 0.008604515753380346, 0.008151646503202433, 0.008216342110370705, 0.008539820146212072, 0.009380863039399626, 0.01048068836126027, 0.01048068836126027, 0.012421556576308468, 0.0, 0.01423303357702012, 0.01481529404153458], [0.007698777253024519, 0.007439994824351427, 0.008022255288865887, 0.00828103771753898, 0.006793038752668693, 0.007828168467361066, 0.008798602574885165, 0.009574949860904444, 0.008604515753380346, 0.01048068836126027, 0.010998253218606457, 0.012809730219318109, 0.01423303357702012, 0.0, 0.016044510577731774], [0.006857734359836967, 0.006340169502490781, 0.009316167432231352, 0.008345733324707252, 0.0073752992171831535, 0.009186776217894805, 0.009833732289577537, 0.008086950896034159, 0.010027819111082357, 0.011839296111794009, 0.011515818075952642, 0.012550947790645015, 0.01481529404153458, 0.016044510577731774, 0.0]], "sysname": ["IITB", "SJTU", "PKU", "RAC", "IPN", "src", "UFC", "JMGR", "AMU", "UMC", "NTHU", "CUUI", "NUCLEA", "POST", "CAMB"]}