{"counts": [[0.0, 0.017406749555950268, 0.012255772646536413, 0.013321492007104795, 0.0108348134991119, 0.011900532859680284, 0.00994671403197158, 0.011545293072824156, 0.012255772646536413, 0.010301953818827708, 0.011545293072824156, 0.011012433392539964, 0.011545293072824156, 0.010301953818827708], [0.017406749555950268, 0.0, 0.0152753108348135, 0.0108348134991119, 0.011012433392539964, 0.010657193605683837, 0.012078152753108348, 0.012255772646536413, 0.013143872113676732, 0.011012433392539964, 0.010124333925399645, 0.010657193605683837, 0.008880994671403197, 0.009058614564831261], [0.012255772646536413, 0.0152753108348135, 0.0, 0.012433392539964476, 0.012078152753108348, 0.010301953818827708, 0.013143872113676732, 0.007992895204262877, 0.009769094138543518, 0.009769094138543518, 0.008703374777975134, 0.0108348134991119, 0.009236234458259326, 0.01172291296625222], [0.013321492007104795, 0.0108348134991119, 0.012433392539964476, 0.0, 0.010479573712255772, 0.009591474245115453, 0.011367673179396092, 0.012788632326820605, 0.009591474245115453, 0.011545293072824156, 0.010124333925399645, 0.009591474245115453, 0.00994671403197158, 0.010479573712255772], [0.0108348134991119, 0.011012433392539964, 0.012078152753108348, 0.010479573712255772, 0.0, 0.01172291296625222, 0.00994671403197158, 0.009236234458259326, 0.006571936056838366, 0.011367673179396092, 0.010657193605683837, 0.010479573712255772, 0.009413854351687389, 0.011545293072824156], [0.011900532859680284, 0.010657193605683837, 0.010301953818827708, 0.009591474245115453, 0.01172291296625222, 0.0, 0.013143872113676732, 0.011367673179396092, 0.010657193605683837, 0.00994671403197158, 0.011545293072824156, 0.007815275310834813, 0.008703374777975134, 0.008880994671403197], [0.00994671403197158, 0.012078152753108348, 0.013143872113676732, 0.011367673179396092, 0.00994671403197158, 0.013143872113676732, 0.0, 0.009591474245115453, 0.010301953818827708, 0.011545293072824156, 0.010301953818827708, 0.014209591474245116, 0.00994671403197158, 0.009769094138543518], [0.011545293072824156, 0.012255772646536413, 0.007992895204262877, 0.012788632326820605, 0.009236234458259326, 0.011367673179396092, 0.009591474245115453, 0.0, 0.0108348134991119, 0.010657193605683837, 0.01261101243339254, 0.009236234458259326, 0.007460035523978685, 0.010479573712255772], [0.012255772646536413, 0.013143872113676732, 0.009769094138543518, 0.009591474245115453, 0.006571936056838366, 0.010657193605683837, 0.010301953818827708, 0.0108348134991119, 0.0, 0.011190053285968029, 0.011190053285968029, 0.010301953818827708, 0.01261101243339254, 0.009769094138543518], [0.010301953818827708, 0.011012433392539964, 0.009769094138543518, 0.011545293072824156, 0.011367673179396092, 0.00994671403197158, 0.011545293072824156, 0.010657193605683837, 0.011190053285968029, 0.0, 0.011900532859680284, 0.009769094138543518, 0.014031971580817051, 0.0108348134991119], [0.011545293072824156, 0.010124333925399645, 0.008703374777975134, 0.010124333925399645, 0.010657193605683837, 0.011545293072824156, 0.010301953818827708, 0.01261101243339254, 0.011190053285968029, 0.011900532859680284, 0.0, 0.010657193605683837, 0.011367673179396092, 0.012433392539964476], [0.011012433392539964, 0.010657193605683837, 0.0108348134991119, 0.009591474245115453, 0.010479573712255772, 0.007815275310834813, 0.014209591474245116, 0.009236234458259326, 0.010301953818827708, 0.009769094138543518, 0.010657193605683837, 0.0, 0.012255772646536413, 0.015452930728241563], [0.011545293072824156, 0.008880994671403197, 0.009236234458259326, 0.00994671403197158, 0.009413854351687389, 0.008703374777975134, 0.00994671403197158, 0.007460035523978685, 0.01261101243339254, 0.014031971580817051, 0.011367673179396092, 0.012255772646536413, 0.0, 0.015630550621669625], [0.010301953818827708, 0.009058614564831261, 0.01172291296625222, 0.010479573712255772, 0.011545293072824156, 0.008880994671403197, 0.009769094138543518, 0.010479573712255772, 0.009769094138543518, 0.0108348134991119, 0.012433392539964476, 0.015452930728241563, 0.015630550621669625, 0.0]], "sysname": ["refmix1", "CAMB", "AMU", "RAC", "UFC", "SOURCE", "CUUI", "IITB", "SJTU", "POST", "UMC", "PKU", "IPN", "NTHU"]}