{"counts": [[0.0, 0.015097690941385435, 0.012788632326820605, 0.0108348134991119, 0.013321492007104795, 0.01172291296625222, 0.01349911190053286, 0.011190053285968029, 0.01261101243339254, 0.011367673179396092, 0.013143872113676732, 0.012078152753108348, 0.009591474245115453, 0.00852575488454707], [0.015097690941385435, 0.0, 0.014209591474245116, 0.013676731793960924, 0.010657193605683837, 0.010479573712255772, 0.012255772646536413, 0.010124333925399645, 0.01172291296625222, 0.009591474245115453, 0.012433392539964476, 0.01172291296625222, 0.010657193605683837, 0.009058614564831261], [0.012788632326820605, 0.014209591474245116, 0.0, 0.011012433392539964, 0.009236234458259326, 0.00994671403197158, 0.0108348134991119, 0.009236234458259326, 0.009236234458259326, 0.009058614564831261, 0.007460035523978685, 0.012078152753108348, 0.013676731793960924, 0.01349911190053286], [0.0108348134991119, 0.013676731793960924, 0.011012433392539964, 0.0, 0.012255772646536413, 0.0108348134991119, 0.011900532859680284, 0.010301953818827708, 0.010301953818827708, 0.011545293072824156, 0.008170515097690942, 0.008880994671403197, 0.00994671403197158, 0.011900532859680284], [0.013321492007104795, 0.010657193605683837, 0.009236234458259326, 0.012255772646536413, 0.0, 0.011367673179396092, 0.011012433392539964, 0.0108348134991119, 0.009769094138543518, 0.00763765541740675, 0.011367673179396092, 0.00763765541740675, 0.009769094138543518, 0.010479573712255772], [0.01172291296625222, 0.010479573712255772, 0.00994671403197158, 0.0108348134991119, 0.011367673179396092, 0.0, 0.011367673179396092, 0.009769094138543518, 0.011367673179396092, 0.008880994671403197, 0.009591474245115453, 0.010657193605683837, 0.009769094138543518, 0.010124333925399645], [0.01349911190053286, 0.012255772646536413, 0.0108348134991119, 0.011900532859680284, 0.011012433392539964, 0.011367673179396092, 0.0, 0.012788632326820605, 0.012433392539964476, 0.008348134991119005, 0.009769094138543518, 0.010124333925399645, 0.010124333925399645, 0.011190053285968029], [0.011190053285968029, 0.010124333925399645, 0.009236234458259326, 0.010301953818827708, 0.0108348134991119, 0.009769094138543518, 0.012788632326820605, 0.0, 0.010657193605683837, 0.01261101243339254, 0.009058614564831261, 0.008880994671403197, 0.009769094138543518, 0.011190053285968029], [0.01261101243339254, 0.01172291296625222, 0.009236234458259326, 0.010301953818827708, 0.009769094138543518, 0.011367673179396092, 0.012433392539964476, 0.010657193605683837, 0.0, 0.01172291296625222, 0.011190053285968029, 0.011900532859680284, 0.011900532859680284, 0.00994671403197158], [0.011367673179396092, 0.009591474245115453, 0.009058614564831261, 0.011545293072824156, 0.00763765541740675, 0.008880994671403197, 0.008348134991119005, 0.01261101243339254, 0.01172291296625222, 0.0, 0.013143872113676732, 0.010479573712255772, 0.011900532859680284, 0.01261101243339254], [0.013143872113676732, 0.012433392539964476, 0.007460035523978685, 0.008170515097690942, 0.011367673179396092, 0.009591474245115453, 0.009769094138543518, 0.009058614564831261, 0.011190053285968029, 0.013143872113676732, 0.0, 0.011900532859680284, 0.01172291296625222, 0.013676731793960924], [0.012078152753108348, 0.01172291296625222, 0.012078152753108348, 0.008880994671403197, 0.00763765541740675, 0.010657193605683837, 0.010124333925399645, 0.008880994671403197, 0.011900532859680284, 0.010479573712255772, 0.011900532859680284, 0.0, 0.011545293072824156, 0.013321492007104795], [0.009591474245115453, 0.010657193605683837, 0.013676731793960924, 0.00994671403197158, 0.009769094138543518, 0.009769094138543518, 0.010124333925399645, 0.009769094138543518, 0.011900532859680284, 0.011900532859680284, 0.01172291296625222, 0.011545293072824156, 0.0, 0.011012433392539964], [0.00852575488454707, 0.009058614564831261, 0.01349911190053286, 0.011900532859680284, 0.010479573712255772, 0.010124333925399645, 0.011190053285968029, 0.011190053285968029, 0.00994671403197158, 0.01261101243339254, 0.013676731793960924, 0.013321492007104795, 0.011012433392539964, 0.0]], "sysname": ["refmix1", "CAMB", "AMU", "RAC", "src", "UFC", "CUUI", "IITB", "POST", "SJTU", "UMC", "PKU", "IPN", "NTHU"]}