{"counts": [[0.0, 0.018674894446248782, 0.01759229186965465, 0.012666450146151347, 0.013640792465086067, 0.010447114864133376, 0.009202121901050124, 0.0074158276496698065, 0.008390169968604526, 0.006820396232543034, 0.006224964815416261, 0.007632348164988633, 0.006766266103713327, 0.00638735520190538], [0.018674894446248782, 0.0, 0.01807946302912201, 0.013640792465086067, 0.012504059759662229, 0.011421457183068095, 0.01071776550828191, 0.007578218036158926, 0.008173649453285699, 0.0076864782938183395, 0.006008444300097434, 0.005521273140630075, 0.005521273140630075, 0.006658005846053913], [0.01759229186965465, 0.01807946302912201, 0.0, 0.012882970661470174, 0.012395799502002815, 0.01071776550828191, 0.009959943704666017, 0.008011259066796578, 0.008011259066796578, 0.007957128937966872, 0.007091046876691567, 0.006603875717224207, 0.006495615459564794, 0.006766266103713327], [0.012666450146151347, 0.013640792465086067, 0.012882970661470174, 0.0, 0.014344484139872252, 0.012558189888491935, 0.01136732705423839, 0.01071776550828191, 0.009202121901050124, 0.008714950741582765, 0.008227779582115406, 0.0074158276496698065, 0.008173649453285699, 0.008173649453285699], [0.013640792465086067, 0.012504059759662229, 0.012395799502002815, 0.014344484139872252, 0.0, 0.012666450146151347, 0.011637977698386922, 0.009526902674028365, 0.01120493666774927, 0.008823210999242178, 0.008769080870412472, 0.006982786619032153, 0.009039731514561005, 0.008065389195626285], [0.010447114864133376, 0.011421457183068095, 0.01071776550828191, 0.012558189888491935, 0.012666450146151347, 0.0, 0.012341669373173108, 0.010826025765941324, 0.01120493666774927, 0.009364512287539244, 0.01104254628126015, 0.009581032802858071, 0.009959943704666017, 0.009959943704666017], [0.009202121901050124, 0.01071776550828191, 0.009959943704666017, 0.01136732705423839, 0.011637977698386922, 0.012341669373173108, 0.0, 0.011475587311897802, 0.011800368084876042, 0.012179278986683988, 0.011692107827216629, 0.010122334091155137, 0.01055537512179279, 0.00990581357583631], [0.0074158276496698065, 0.007578218036158926, 0.008011259066796578, 0.01071776550828191, 0.009526902674028365, 0.010826025765941324, 0.011475587311897802, 0.0, 0.014019703366894013, 0.013965573238064306, 0.013045361047959295, 0.013532532207426654, 0.012016888600194868, 0.013965573238064306], [0.008390169968604526, 0.008173649453285699, 0.008011259066796578, 0.009202121901050124, 0.01120493666774927, 0.01120493666774927, 0.011800368084876042, 0.014019703366894013, 0.0, 0.013370141820937534, 0.012125148857854281, 0.014615134784020786, 0.012233409115513695, 0.011096676410089856], [0.006820396232543034, 0.0076864782938183395, 0.007957128937966872, 0.008714950741582765, 0.008823210999242178, 0.009364512287539244, 0.012179278986683988, 0.013965573238064306, 0.013370141820937534, 0.0, 0.015860127747104037, 0.015535346974125798, 0.012828840532640468, 0.014615134784020786], [0.006224964815416261, 0.006008444300097434, 0.007091046876691567, 0.008227779582115406, 0.008769080870412472, 0.01104254628126015, 0.011692107827216629, 0.013045361047959295, 0.012125148857854281, 0.015860127747104037, 0.0, 0.015318826458806972, 0.015481216845296093, 0.017484031611995236], [0.007632348164988633, 0.005521273140630075, 0.006603875717224207, 0.0074158276496698065, 0.006982786619032153, 0.009581032802858071, 0.010122334091155137, 0.013532532207426654, 0.014615134784020786, 0.015535346974125798, 0.015318826458806972, 0.0, 0.01835011367327054, 0.01613077839125257], [0.006766266103713327, 0.005521273140630075, 0.006495615459564794, 0.008173649453285699, 0.009039731514561005, 0.009959943704666017, 0.01055537512179279, 0.012016888600194868, 0.012233409115513695, 0.012828840532640468, 0.015481216845296093, 0.01835011367327054, 0.0, 0.024520948359857096], [0.00638735520190538, 0.006658005846053913, 0.006766266103713327, 0.008173649453285699, 0.008065389195626285, 0.009959943704666017, 0.00990581357583631, 0.013965573238064306, 0.011096676410089856, 0.014615134784020786, 0.017484031611995236, 0.01613077839125257, 0.024520948359857096, 0.0]], "sysname": ["SOURCE", "UFC", "IITB", "SJTU", "IPN", "RAC", "PKU", "AMU", "UMC", "NTHU", "POST", "CUUI", "NUCLEA", "CAMB"]}