{"counts": [[0.0, 0.020249725043669536, 0.009833732289577537, 0.010221905932587178, 0.010804166397101637, 0.009574949860904444, 0.008992689396389985, 0.009186776217894805, 0.006857734359836967, 0.008669211360548618, 0.008216342110370705, 0.0069224299670052405, 0.008151646503202433, 0.006663647538332147, 0.0073752992171831535], [0.020249725043669536, 0.0, 0.009963123503914085, 0.009833732289577537, 0.010998253218606457, 0.008863298182053439, 0.009380863039399626, 0.007957559681697613, 0.009380863039399626, 0.008863298182053439, 0.007634081645856246, 0.0075046904315197, 0.006663647538332147, 0.00731060361001488, 0.0073752992171831535], [0.009833732289577537, 0.009963123503914085, 0.0, 0.010545383968428544, 0.01067477518276509, 0.010351297146923724, 0.010221905932587178, 0.009510254253736172, 0.010610079575596816, 0.008863298182053439, 0.0084751245390438, 0.007698777253024519, 0.007634081645856246, 0.0084751245390438, 0.0084751245390438], [0.010221905932587178, 0.009833732289577537, 0.010545383968428544, 0.0, 0.009380863039399626, 0.009316167432231352, 0.009574949860904444, 0.009639645468072718, 0.009510254253736172, 0.009251471825063078, 0.007634081645856246, 0.007957559681697613, 0.009186776217894805, 0.009186776217894805, 0.008992689396389985], [0.010804166397101637, 0.010998253218606457, 0.01067477518276509, 0.009380863039399626, 0.0, 0.010351297146923724, 0.01048068836126027, 0.008992689396389985, 0.009186776217894805, 0.0084751245390438, 0.008733906967716892, 0.007245908002846606, 0.009186776217894805, 0.007763472860192793, 0.007245908002846606], [0.009574949860904444, 0.008863298182053439, 0.010351297146923724, 0.009316167432231352, 0.010351297146923724, 0.0, 0.009251471825063078, 0.008927993789221713, 0.00989842789674581, 0.009639645468072718, 0.008992689396389985, 0.01086886200426991, 0.009316167432231352, 0.007892864074529339, 0.009186776217894805], [0.008992689396389985, 0.009380863039399626, 0.010221905932587178, 0.009574949860904444, 0.01048068836126027, 0.009251471825063078, 0.0, 0.008151646503202433, 0.007828168467361066, 0.010545383968428544, 0.009574949860904444, 0.007763472860192793, 0.00828103771753898, 0.008216342110370705, 0.009122080610726531], [0.009186776217894805, 0.007957559681697613, 0.009510254253736172, 0.009639645468072718, 0.008992689396389985, 0.008927993789221713, 0.008151646503202433, 0.0, 0.010998253218606457, 0.008669211360548618, 0.009963123503914085, 0.00970434107524099, 0.008539820146212072, 0.009122080610726531, 0.00828103771753898], [0.006857734359836967, 0.009380863039399626, 0.010610079575596816, 0.009510254253736172, 0.009186776217894805, 0.00989842789674581, 0.007828168467361066, 0.010998253218606457, 0.0, 0.009251471825063078, 0.010157210325418903, 0.010998253218606457, 0.009251471825063078, 0.008863298182053439, 0.009510254253736172], [0.008669211360548618, 0.008863298182053439, 0.008863298182053439, 0.009251471825063078, 0.0084751245390438, 0.009639645468072718, 0.010545383968428544, 0.008669211360548618, 0.009251471825063078, 0.0, 0.010739470789933363, 0.011903991718962283, 0.009833732289577537, 0.011192340040111276, 0.009574949860904444], [0.008216342110370705, 0.007634081645856246, 0.0084751245390438, 0.007634081645856246, 0.008733906967716892, 0.008992689396389985, 0.009574949860904444, 0.009963123503914085, 0.010157210325418903, 0.010739470789933363, 0.0, 0.011709904897457463, 0.011515818075952642, 0.009445558646567898, 0.01203338293329883], [0.0069224299670052405, 0.0075046904315197, 0.007698777253024519, 0.007957559681697613, 0.007245908002846606, 0.01086886200426991, 0.007763472860192793, 0.00970434107524099, 0.010998253218606457, 0.011903991718962283, 0.011709904897457463, 0.0, 0.010998253218606457, 0.011645209290289189, 0.013068512647991202], [0.008151646503202433, 0.006663647538332147, 0.007634081645856246, 0.009186776217894805, 0.009186776217894805, 0.009316167432231352, 0.00828103771753898, 0.008539820146212072, 0.009251471825063078, 0.009833732289577537, 0.011515818075952642, 0.010998253218606457, 0.0, 0.015721032541890407, 0.015656336934722133], [0.006663647538332147, 0.00731060361001488, 0.0084751245390438, 0.009186776217894805, 0.007763472860192793, 0.007892864074529339, 0.008216342110370705, 0.009122080610726531, 0.008863298182053439, 0.011192340040111276, 0.009445558646567898, 0.011645209290289189, 0.015721032541890407, 0.0, 0.015915119363395226], [0.0073752992171831535, 0.0073752992171831535, 0.0084751245390438, 0.008992689396389985, 0.007245908002846606, 0.009186776217894805, 0.009122080610726531, 0.00828103771753898, 0.009510254253736172, 0.009574949860904444, 0.01203338293329883, 0.013068512647991202, 0.015656336934722133, 0.015915119363395226, 0.0]], "sysname": ["IITB", "SJTU", "PKU", "RAC", "IPN", "JMGR", "UFC", "src", "AMU", "UMC", "NTHU", "CUUI", "NUCLEA", "POST", "CAMB"]}