{"counts": [[0.0, 0.0194215570876072, 0.01803430300992097, 0.012695476710946696, 0.010593576593240289, 0.00966874054144947, 0.010173196569699007, 0.008029258449638473, 0.008701866487304524, 0.008029258449638473, 0.006810156381368757, 0.006936270388431142, 0.0069783083907852695, 0.006263662350765092], [0.0194215570876072, 0.0, 0.01849672103581638, 0.01349419875567513, 0.010761728602656801, 0.009332436522616444, 0.00899613250378342, 0.00878594249201278, 0.007987220447284345, 0.00765091642845132, 0.00790314444257609, 0.006852194383722886, 0.005927358331932067, 0.007104422397847654], [0.01803430300992097, 0.01849672103581638, 0.0, 0.013662350765091643, 0.012401210694467799, 0.010467462586177905, 0.010383386581469648, 0.008281486463763242, 0.008071296451992602, 0.0069783083907852695, 0.007272574407264167, 0.006810156381368757, 0.006473852362535732, 0.006431814360181604], [0.012695476710946696, 0.01349419875567513, 0.013662350765091643, 0.0, 0.013746426769799898, 0.012106944677988903, 0.011350260635614595, 0.010383386581469648, 0.008827980494366908, 0.00945855052967883, 0.008281486463763242, 0.008407600470825626, 0.007356650411972423, 0.008071296451992602], [0.010593576593240289, 0.010761728602656801, 0.012401210694467799, 0.013746426769799898, 0.0, 0.012401210694467799, 0.013410122750966874, 0.01034134857911552, 0.010887842609719187, 0.00945855052967883, 0.00924836051790819, 0.00924836051790819, 0.009542626534387085, 0.007987220447284345], [0.00966874054144947, 0.009332436522616444, 0.010467462586177905, 0.012106944677988903, 0.012401210694467799, 0.0, 0.012317134689759543, 0.011812678661510005, 0.011896754666218262, 0.00945855052967883, 0.01055153859088616, 0.010635614595594417, 0.010005044560282495, 0.010677652597948546], [0.010173196569699007, 0.00899613250378342, 0.010383386581469648, 0.011350260635614595, 0.013410122750966874, 0.012317134689759543, 0.0, 0.012695476710946696, 0.011854716663864133, 0.011434336640322852, 0.010257272574407264, 0.009836892550865983, 0.009963006557928367, 0.010761728602656801], [0.008029258449638473, 0.00878594249201278, 0.008281486463763242, 0.010383386581469648, 0.01034134857911552, 0.011812678661510005, 0.012695476710946696, 0.0, 0.013157894736842105, 0.012779552715654952, 0.01261140070623844, 0.011392298637968723, 0.01256936270388431, 0.012401210694467799], [0.008701866487304524, 0.007987220447284345, 0.008071296451992602, 0.008827980494366908, 0.010887842609719187, 0.011896754666218262, 0.011854716663864133, 0.013157894736842105, 0.0, 0.012947704725071464, 0.013746426769799898, 0.013452160753321002, 0.011812678661510005, 0.011434336640322852], [0.008029258449638473, 0.00765091642845132, 0.0069783083907852695, 0.00945855052967883, 0.00945855052967883, 0.00945855052967883, 0.011434336640322852, 0.012779552715654952, 0.012947704725071464, 0.0, 0.016142592903985203, 0.01462922481923659, 0.013115856734487978, 0.014587186816882461], [0.006810156381368757, 0.00790314444257609, 0.007272574407264167, 0.008281486463763242, 0.00924836051790819, 0.01055153859088616, 0.010257272574407264, 0.01261140070623844, 0.013746426769799898, 0.016142592903985203, 0.0, 0.015722212880443922, 0.014503110812174206, 0.015638136875735665], [0.006936270388431142, 0.006852194383722886, 0.006810156381368757, 0.008407600470825626, 0.00924836051790819, 0.010635614595594417, 0.009836892550865983, 0.011392298637968723, 0.013452160753321002, 0.01462922481923659, 0.015722212880443922, 0.0, 0.017445770976963176, 0.016731124936942995], [0.0069783083907852695, 0.005927358331932067, 0.006473852362535732, 0.007356650411972423, 0.009542626534387085, 0.010005044560282495, 0.009963006557928367, 0.01256936270388431, 0.011812678661510005, 0.013115856734487978, 0.014503110812174206, 0.017445770976963176, 0.0, 0.02564318143601816], [0.006263662350765092, 0.007104422397847654, 0.006431814360181604, 0.008071296451992602, 0.007987220447284345, 0.010677652597948546, 0.010761728602656801, 0.012401210694467799, 0.011434336640322852, 0.014587186816882461, 0.015638136875735665, 0.016731124936942995, 0.02564318143601816, 0.0]], "sysname": ["SOURCE", "UFC", "IITB", "SJTU", "IPN", "RAC", "PKU", "AMU", "UMC", "NTHU", "POST", "CUUI", "NUCLEA", "CAMB"]}