{"counts": [[0.0, 0.019473377757650255, 0.010998253218606457, 0.009769036682409265, 0.009769036682409265, 0.008863298182053439, 0.009445558646567898, 0.008604515753380346, 0.008022255288865887, 0.008345733324707252, 0.008863298182053439, 0.007439994824351427, 0.006987125574173514, 0.007828168467361066, 0.0073752992171831535], [0.019473377757650255, 0.0, 0.011709904897457463, 0.010351297146923724, 0.008927993789221713, 0.009639645468072718, 0.009122080610726531, 0.008410428931875526, 0.008669211360548618, 0.008604515753380346, 0.008669211360548618, 0.008086950896034159, 0.007892864074529339, 0.007245908002846606, 0.007181212395678333], [0.010998253218606457, 0.011709904897457463, 0.0, 0.011321731254447824, 0.010092514718250631, 0.010157210325418903, 0.011127644432943003, 0.008345733324707252, 0.008733906967716892, 0.009445558646567898, 0.007439994824351427, 0.008151646503202433, 0.008022255288865887, 0.007245908002846606, 0.007892864074529339], [0.009769036682409265, 0.010351297146923724, 0.011321731254447824, 0.0, 0.011321731254447824, 0.009380863039399626, 0.009380863039399626, 0.008345733324707252, 0.008151646503202433, 0.009057385003558259, 0.008151646503202433, 0.008022255288865887, 0.00970434107524099, 0.008216342110370705, 0.009510254253736172], [0.009769036682409265, 0.008927993789221713, 0.010092514718250631, 0.011321731254447824, 0.0, 0.009251471825063078, 0.008927993789221713, 0.008733906967716892, 0.009639645468072718, 0.009380863039399626, 0.008927993789221713, 0.008992689396389985, 0.008669211360548618, 0.008733906967716892, 0.008669211360548618], [0.008863298182053439, 0.009639645468072718, 0.010157210325418903, 0.009380863039399626, 0.009251471825063078, 0.0, 0.010933557611438183, 0.010351297146923724, 0.009445558646567898, 0.009316167432231352, 0.00970434107524099, 0.006987125574173514, 0.009122080610726531, 0.009574949860904444, 0.009057385003558259], [0.009445558646567898, 0.009122080610726531, 0.011127644432943003, 0.009380863039399626, 0.008927993789221713, 0.010933557611438183, 0.0, 0.010804166397101637, 0.009380863039399626, 0.008604515753380346, 0.009251471825063078, 0.009833732289577537, 0.008669211360548618, 0.008151646503202433, 0.008798602574885165], [0.008604515753380346, 0.008410428931875526, 0.008345733324707252, 0.008345733324707252, 0.008733906967716892, 0.010351297146923724, 0.010804166397101637, 0.0, 0.008604515753380346, 0.010027819111082357, 0.008798602574885165, 0.010157210325418903, 0.008539820146212072, 0.008863298182053439, 0.008345733324707252], [0.008022255288865887, 0.008669211360548618, 0.008733906967716892, 0.008151646503202433, 0.009639645468072718, 0.009445558646567898, 0.009380863039399626, 0.008604515753380346, 0.0, 0.010027819111082357, 0.009833732289577537, 0.009186776217894805, 0.008863298182053439, 0.009574949860904444, 0.009122080610726531], [0.008345733324707252, 0.008604515753380346, 0.009445558646567898, 0.009057385003558259, 0.009380863039399626, 0.009316167432231352, 0.008604515753380346, 0.010027819111082357, 0.010027819111082357, 0.0, 0.01067477518276509, 0.01086886200426991, 0.010545383968428544, 0.009963123503914085, 0.010027819111082357], [0.008863298182053439, 0.008669211360548618, 0.007439994824351427, 0.008151646503202433, 0.008927993789221713, 0.00970434107524099, 0.009251471825063078, 0.008798602574885165, 0.009833732289577537, 0.01067477518276509, 0.0, 0.01145112246878437, 0.01125703564727955, 0.00970434107524099, 0.01222746975480365], [0.007439994824351427, 0.008086950896034159, 0.008151646503202433, 0.008022255288865887, 0.008992689396389985, 0.006987125574173514, 0.009833732289577537, 0.010157210325418903, 0.009186776217894805, 0.01086886200426991, 0.01145112246878437, 0.0, 0.012745034612149835, 0.011774600504625737, 0.012550947790645015], [0.006987125574173514, 0.007892864074529339, 0.008022255288865887, 0.00970434107524099, 0.008669211360548618, 0.009122080610726531, 0.008669211360548618, 0.008539820146212072, 0.008863298182053439, 0.010545383968428544, 0.01125703564727955, 0.012745034612149835, 0.0, 0.0140389467555153, 0.014491816005693213], [0.007828168467361066, 0.007245908002846606, 0.007245908002846606, 0.008216342110370705, 0.008733906967716892, 0.009574949860904444, 0.008151646503202433, 0.008863298182053439, 0.009574949860904444, 0.009963123503914085, 0.00970434107524099, 0.011774600504625737, 0.0140389467555153, 0.0, 0.016303293006404866], [0.0073752992171831535, 0.007181212395678333, 0.007892864074529339, 0.009510254253736172, 0.008669211360548618, 0.009057385003558259, 0.008798602574885165, 0.008345733324707252, 0.009122080610726531, 0.010027819111082357, 0.01222746975480365, 0.012550947790645015, 0.014491816005693213, 0.016303293006404866, 0.0]], "sysname": ["IITB", "SJTU", "PKU", "RAC", "IPN", "AMU", "JMGR", "UFC", "src", "UMC", "NTHU", "CUUI", "NUCLEA", "POST", "CAMB"]}