{"counts": [[0.0, 0.018286531024045736, 0.016731124936942995, 0.012905666722717337, 0.012443248696821927, 0.010173196569699007, 0.010509500588532034, 0.00790314444257609, 0.007524802421388936, 0.007020346393139398, 0.007230536404910039, 0.007272574407264167, 0.0062216243484109635, 0.00790314444257609], [0.018286531024045736, 0.0, 0.01689927694635951, 0.013157894736842105, 0.011392298637968723, 0.011434336640322852, 0.009122246510845805, 0.008407600470825626, 0.008281486463763242, 0.0070623843954935265, 0.008281486463763242, 0.007104422397847654, 0.007104422397847654, 0.005969396334286194], [0.016731124936942995, 0.01689927694635951, 0.0, 0.013157894736842105, 0.012106944677988903, 0.011434336640322852, 0.009374474524970573, 0.00924836051790819, 0.00853371447788801, 0.006936270388431142, 0.008071296451992602, 0.007356650411972423, 0.0069783083907852695, 0.0065999663695981165], [0.012905666722717337, 0.013157894736842105, 0.013157894736842105, 0.0, 0.013452160753321002, 0.01147637464267698, 0.01126618463090634, 0.010509500588532034, 0.009164284513199932, 0.008575752480242138, 0.007987220447284345, 0.008870018496721036, 0.007524802421388936, 0.009290398520262318], [0.012443248696821927, 0.011392298637968723, 0.012106944677988903, 0.013452160753321002, 0.0, 0.012022868673280646, 0.01235917269211367, 0.010593576593240289, 0.010383386581469648, 0.009584664536741214, 0.008659828484950395, 0.009164284513199932, 0.00874390448965865, 0.00924836051790819], [0.010173196569699007, 0.011434336640322852, 0.011434336640322852, 0.01147637464267698, 0.012022868673280646, 0.0, 0.014250882798049437, 0.01172860265680175, 0.01126618463090634, 0.009500588532032958, 0.009374474524970573, 0.009416512527324701, 0.009374474524970573, 0.009963006557928367], [0.010509500588532034, 0.009122246510845805, 0.009374474524970573, 0.01126618463090634, 0.01235917269211367, 0.014250882798049437, 0.0, 0.012527324701530184, 0.010215234572053136, 0.011350260635614595, 0.010425424583823777, 0.010383386581469648, 0.01055153859088616, 0.010173196569699007], [0.00790314444257609, 0.008407600470825626, 0.00924836051790819, 0.010509500588532034, 0.010593576593240289, 0.01172860265680175, 0.012527324701530184, 0.0, 0.014923490835715487, 0.01256936270388431, 0.012233058685051286, 0.011434336640322852, 0.011854716663864133, 0.011182108626198083], [0.007524802421388936, 0.008281486463763242, 0.00853371447788801, 0.009164284513199932, 0.010383386581469648, 0.01126618463090634, 0.010215234572053136, 0.014923490835715487, 0.0, 0.013326046746258619, 0.012989742727425592, 0.012905666722717337, 0.013704388767445772, 0.012443248696821927], [0.007020346393139398, 0.0070623843954935265, 0.006936270388431142, 0.008575752480242138, 0.009584664536741214, 0.009500588532032958, 0.011350260635614595, 0.01256936270388431, 0.013326046746258619, 0.0, 0.01576425088279805, 0.015596098873381536, 0.01483941483100723, 0.015385908861610896], [0.007230536404910039, 0.008281486463763242, 0.008071296451992602, 0.007987220447284345, 0.008659828484950395, 0.009374474524970573, 0.010425424583823777, 0.012233058685051286, 0.012989742727425592, 0.01576425088279805, 0.0, 0.01580628888515218, 0.015091642845132, 0.016352782915755842], [0.007272574407264167, 0.007104422397847654, 0.007356650411972423, 0.008870018496721036, 0.009164284513199932, 0.009416512527324701, 0.010383386581469648, 0.011434336640322852, 0.012905666722717337, 0.015596098873381536, 0.01580628888515218, 0.0, 0.016058516899276946, 0.016605010929880613], [0.0062216243484109635, 0.007104422397847654, 0.0069783083907852695, 0.007524802421388936, 0.00874390448965865, 0.009374474524970573, 0.01055153859088616, 0.011854716663864133, 0.013704388767445772, 0.01483941483100723, 0.015091642845132, 0.016058516899276946, 0.0, 0.02341516731124937], [0.00790314444257609, 0.005969396334286194, 0.0065999663695981165, 0.009290398520262318, 0.00924836051790819, 0.009963006557928367, 0.010173196569699007, 0.011182108626198083, 0.012443248696821927, 0.015385908861610896, 0.016352782915755842, 0.016605010929880613, 0.02341516731124937, 0.0]], "sysname": ["SOURCE", "UFC", "IITB", "SJTU", "IPN", "RAC", "PKU", "AMU", "UMC", "NTHU", "POST", "CUUI", "NUCLEA", "CAMB"]}