{"counts": [[0.0, 0.018635621257171574, 0.01813308765023661, 0.013149629381464885, 0.011558272959504167, 0.010720716947945894, 0.00942250513003057, 0.008459315716738558, 0.0077473931069140245, 0.006532936890154529, 0.007035470497089493, 0.007621759705180284, 0.00586289208090791, 0.006993592696511579], [0.018635621257171574, 0.0, 0.01746304284098999, 0.011223250554880857, 0.01088822815025755, 0.010930105950835461, 0.01055320574563424, 0.008584949118472298, 0.008794338121361866, 0.007789270907491938, 0.007328615101134889, 0.0075798819046023706, 0.00745424850286863, 0.006449181288998702], [0.01813308765023661, 0.01746304284098999, 0.0, 0.013484651786088195, 0.011851417563549562, 0.010846350349679635, 0.010762594748523808, 0.008249926713848988, 0.008584949118472298, 0.007328615101134889, 0.007244859499979061, 0.006323547887264961, 0.007035470497089493, 0.006323547887264961], [0.013149629381464885, 0.011223250554880857, 0.013484651786088195, 0.0, 0.01423845219649064, 0.012018928765861216, 0.012437706771640354, 0.00883621592193978, 0.009171238326563089, 0.008584949118472298, 0.008668704719628125, 0.009548138531764313, 0.008291804514426902, 0.00804053771095942], [0.011558272959504167, 0.01088822815025755, 0.011851417563549562, 0.01423845219649064, 0.0, 0.012312073369906612, 0.012982118179153231, 0.011893295364127476, 0.008919971523095607, 0.010134427739855102, 0.008961849323673521, 0.008794338121361866, 0.008961849323673521, 0.008794338121361866], [0.010720716947945894, 0.010930105950835461, 0.010846350349679635, 0.012018928765861216, 0.012312073369906612, 0.0, 0.013065873780309057, 0.01193517316470539, 0.010636961346790066, 0.009631894132920139, 0.010050672138699276, 0.009464382930608485, 0.008919971523095607, 0.010595083546212154], [0.00942250513003057, 0.01055320574563424, 0.010762594748523808, 0.012437706771640354, 0.012982118179153231, 0.013065873780309057, 0.0, 0.012940240378575317, 0.011348883956614599, 0.00942250513003057, 0.009631894132920139, 0.010176305540433016, 0.010595083546212154, 0.010469450144478412], [0.008459315716738558, 0.008584949118472298, 0.008249926713848988, 0.00883621592193978, 0.011893295364127476, 0.01193517316470539, 0.012940240378575317, 0.0, 0.014322207797646468, 0.011851417563549562, 0.013107751580886971, 0.011767661962393735, 0.01193517316470539, 0.011223250554880857], [0.0077473931069140245, 0.008794338121361866, 0.008584949118472298, 0.009171238326563089, 0.008919971523095607, 0.010636961346790066, 0.011348883956614599, 0.014322207797646468, 0.0, 0.014405963398802294, 0.01285648477741949, 0.012814606976841576, 0.012353951170484526, 0.013568407387244023], [0.006532936890154529, 0.007789270907491938, 0.007328615101134889, 0.008584949118472298, 0.010134427739855102, 0.009631894132920139, 0.00942250513003057, 0.011851417563549562, 0.014405963398802294, 0.0, 0.016164831023074668, 0.014280329997068554, 0.015117886008626827, 0.016039197621340928], [0.007035470497089493, 0.007328615101134889, 0.007244859499979061, 0.008668704719628125, 0.008961849323673521, 0.010050672138699276, 0.009631894132920139, 0.013107751580886971, 0.01285648477741949, 0.016164831023074668, 0.0, 0.015787930817873445, 0.015536664014405963, 0.015243519410360567], [0.007621759705180284, 0.0075798819046023706, 0.006323547887264961, 0.009548138531764313, 0.008794338121361866, 0.009464382930608485, 0.010176305540433016, 0.011767661962393735, 0.012814606976841576, 0.014280329997068554, 0.015787930817873445, 0.0, 0.015746053017295533, 0.01742116504041208], [0.00586289208090791, 0.00745424850286863, 0.007035470497089493, 0.008291804514426902, 0.008961849323673521, 0.008919971523095607, 0.010595083546212154, 0.01193517316470539, 0.012353951170484526, 0.015117886008626827, 0.015536664014405963, 0.015746053017295533, 0.0, 0.023032790317852506], [0.006993592696511579, 0.006449181288998702, 0.006323547887264961, 0.00804053771095942, 0.008794338121361866, 0.010595083546212154, 0.010469450144478412, 0.011223250554880857, 0.013568407387244023, 0.016039197621340928, 0.015243519410360567, 0.01742116504041208, 0.023032790317852506, 0.0]], "sysname": ["SOURCE", "UFC", "IITB", "SJTU", "IPN", "RAC", "PKU", "AMU", "UMC", "NTHU", "POST", "CUUI", "NUCLEA", "CAMB"]}