{"counts": [[0.0, 0.01710946695813015, 0.016142592903985203, 0.01256936270388431, 0.011602488649739364, 0.010677652597948546, 0.010677652597948546, 0.00966874054144947, 0.008449638473179755, 0.008071296451992602, 0.007146460400201783, 0.007314612409618295, 0.006642004371952245, 0.006389776357827476], [0.01710946695813015, 0.0, 0.016310744913401714, 0.013746426769799898, 0.012022868673280646, 0.011392298637968723, 0.010467462586177905, 0.008407600470825626, 0.00878594249201278, 0.00718849840255591, 0.007356650411972423, 0.006179586346056835, 0.007356650411972423, 0.006894232386077013], [0.016142592903985203, 0.016310744913401714, 0.0, 0.012653438708592568, 0.01214898268034303, 0.01261140070623844, 0.01034134857911552, 0.009122246510845805, 0.008155372456700857, 0.006642004371952245, 0.007482764419034807, 0.007146460400201783, 0.007777030435513704, 0.0069783083907852695], [0.01256936270388431, 0.013746426769799898, 0.012653438708592568, 0.0, 0.012064906675634774, 0.013620312762737515, 0.013199932739196233, 0.010089120564990752, 0.00920632251555406, 0.008575752480242138, 0.008954094501429291, 0.008071296451992602, 0.007861106440221961, 0.007146460400201783], [0.011602488649739364, 0.012022868673280646, 0.01214898268034303, 0.012064906675634774, 0.0, 0.013326046746258619, 0.013914578779216412, 0.01080376660501093, 0.008912056499075165, 0.00945855052967883, 0.00920632251555406, 0.008659828484950395, 0.00945855052967883, 0.008323524466117371], [0.010677652597948546, 0.011392298637968723, 0.01261140070623844, 0.013620312762737515, 0.013326046746258619, 0.0, 0.013410122750966874, 0.011308222633260468, 0.010299310576761393, 0.008197410459054985, 0.00924836051790819, 0.009626702539095342, 0.008281486463763242, 0.009080208508491677], [0.010677652597948546, 0.010467462586177905, 0.01034134857911552, 0.013199932739196233, 0.013914578779216412, 0.013410122750966874, 0.0, 0.011938792668572389, 0.010383386581469648, 0.010635614595594417, 0.010425424583823777, 0.009416512527324701, 0.008197410459054985, 0.009794854548511854], [0.00966874054144947, 0.008407600470825626, 0.009122246510845805, 0.010089120564990752, 0.01080376660501093, 0.011308222633260468, 0.011938792668572389, 0.0, 0.013998654783924667, 0.012485286699176056, 0.011098032621489827, 0.012779552715654952, 0.011140070623843954, 0.01172860265680175], [0.008449638473179755, 0.00878594249201278, 0.008155372456700857, 0.00920632251555406, 0.008912056499075165, 0.010299310576761393, 0.010383386581469648, 0.013998654783924667, 0.0, 0.014208844795695308, 0.012905666722717337, 0.013662350765091643, 0.012695476710946696, 0.014292920800403565], [0.008071296451992602, 0.00718849840255591, 0.006642004371952245, 0.008575752480242138, 0.00945855052967883, 0.008197410459054985, 0.010635614595594417, 0.012485286699176056, 0.014208844795695308, 0.0, 0.015554060871027408, 0.013620312762737515, 0.01576425088279805, 0.017025390953421895], [0.007146460400201783, 0.007356650411972423, 0.007482764419034807, 0.008954094501429291, 0.00920632251555406, 0.00924836051790819, 0.010425424583823777, 0.011098032621489827, 0.012905666722717337, 0.015554060871027408, 0.0, 0.015554060871027408, 0.015890364889860432, 0.016352782915755842], [0.007314612409618295, 0.006179586346056835, 0.007146460400201783, 0.008071296451992602, 0.008659828484950395, 0.009626702539095342, 0.009416512527324701, 0.012779552715654952, 0.013662350765091643, 0.013620312762737515, 0.015554060871027408, 0.0, 0.01799226500756684, 0.01824449302169161], [0.006642004371952245, 0.007356650411972423, 0.007777030435513704, 0.007861106440221961, 0.00945855052967883, 0.008281486463763242, 0.008197410459054985, 0.011140070623843954, 0.012695476710946696, 0.01576425088279805, 0.015890364889860432, 0.01799226500756684, 0.0, 0.022280141247687908], [0.006389776357827476, 0.006894232386077013, 0.0069783083907852695, 0.007146460400201783, 0.008323524466117371, 0.009080208508491677, 0.009794854548511854, 0.01172860265680175, 0.014292920800403565, 0.017025390953421895, 0.016352782915755842, 0.01824449302169161, 0.022280141247687908, 0.0]], "sysname": ["SOURCE", "UFC", "IITB", "SJTU", "IPN", "RAC", "PKU", "AMU", "UMC", "POST", "NTHU", "CUUI", "NUCLEA", "CAMB"]}