{"sysname": ["SOURCE", "UFC", "IITB", "SJTU", "RAC", "PKU", "IPN", "AMU", "UMC", "POST", "NTHU", "CUUI", "NUCLEA", "CAMB"], "counts": [[0.0, 0.01731965696990079, 0.01597444089456869, 0.011854716663864133, 0.010887842609719187, 0.01147637464267698, 0.011434336640322852, 0.0097107785438036, 0.008281486463763242, 0.007861106440221961, 0.007777030435513704, 0.006095510341348579, 0.006810156381368757, 0.007734992433159576], [0.01731965696990079, 0.0, 0.017025390953421895, 0.011812678661510005, 0.011770640659155876, 0.010845804607365058, 0.012064906675634774, 0.00945855052967883, 0.00878594249201278, 0.006389776357827476, 0.00676811837901463, 0.007104422397847654, 0.0062216243484109635, 0.007566840423743064], [0.01597444089456869, 0.017025390953421895, 0.0, 0.011980830670926517, 0.01172860265680175, 0.01101395661678157, 0.010509500588532034, 0.010257272574407264, 0.00811333445434673, 0.007608878426097192, 0.007608878426097192, 0.007524802421388936, 0.006726080376660501, 0.007146460400201783], [0.011854716663864133, 0.011812678661510005, 0.011980830670926517, 0.0, 0.011980830670926517, 0.012779552715654952, 0.013157894736842105, 0.011854716663864133, 0.008197410459054985, 0.00966874054144947, 0.009626702539095342, 0.008155372456700857, 0.008281486463763242, 0.00878594249201278], [0.010887842609719187, 0.011770640659155876, 0.01172860265680175, 0.011980830670926517, 0.0, 0.014292920800403565, 0.013662350765091643, 0.010593576593240289, 0.010887842609719187, 0.008954094501429291, 0.008912056499075165, 0.009038170506137548, 0.009038170506137548, 0.009122246510845805], [0.01147637464267698, 0.010845804607365058, 0.01101395661678157, 0.012779552715654952, 0.014292920800403565, 0.0, 0.01353623675802926, 0.011392298637968723, 0.010761728602656801, 0.009290398520262318, 0.00920632251555406, 0.009963006557928367, 0.008491676475533883, 0.009290398520262318], [0.011434336640322852, 0.012064906675634774, 0.010509500588532034, 0.013157894736842105, 0.013662350765091643, 0.01353623675802926, 0.0, 0.010845804607365058, 0.00899613250378342, 0.009584664536741214, 0.008491676475533883, 0.00924836051790819, 0.010383386581469648, 0.008617790482596267], [0.0097107785438036, 0.00945855052967883, 0.010257272574407264, 0.011854716663864133, 0.010593576593240289, 0.011392298637968723, 0.010845804607365058, 0.0, 0.01353623675802926, 0.01126618463090634, 0.011098032621489827, 0.011392298637968723, 0.011686564654447621, 0.011518412645031109], [0.008281486463763242, 0.00878594249201278, 0.00811333445434673, 0.008197410459054985, 0.010887842609719187, 0.010761728602656801, 0.00899613250378342, 0.01353623675802926, 0.0, 0.014124768790987053, 0.014419034807465949, 0.01235917269211367, 0.012863628720363209, 0.013998654783924667], [0.007861106440221961, 0.006389776357827476, 0.007608878426097192, 0.00966874054144947, 0.008954094501429291, 0.009290398520262318, 0.009584664536741214, 0.01126618463090634, 0.014124768790987053, 0.0, 0.015596098873381536, 0.016941314948713638, 0.015007566840423743, 0.015722212880443922], [0.007777030435513704, 0.00676811837901463, 0.007608878426097192, 0.009626702539095342, 0.008912056499075165, 0.00920632251555406, 0.008491676475533883, 0.011098032621489827, 0.014419034807465949, 0.015596098873381536, 0.0, 0.015680174878089793, 0.016605010929880613, 0.01580628888515218], [0.006095510341348579, 0.007104422397847654, 0.007524802421388936, 0.008155372456700857, 0.009038170506137548, 0.009963006557928367, 0.00924836051790819, 0.011392298637968723, 0.01235917269211367, 0.016941314948713638, 0.015680174878089793, 0.0, 0.016941314948713638, 0.01710946695813015], [0.006810156381368757, 0.0062216243484109635, 0.006726080376660501, 0.008281486463763242, 0.009038170506137548, 0.008491676475533883, 0.010383386581469648, 0.011686564654447621, 0.012863628720363209, 0.015007566840423743, 0.016605010929880613, 0.016941314948713638, 0.0, 0.021985875231209012], [0.007734992433159576, 0.007566840423743064, 0.007146460400201783, 0.00878594249201278, 0.009122246510845805, 0.009290398520262318, 0.008617790482596267, 0.011518412645031109, 0.013998654783924667, 0.015722212880443922, 0.01580628888515218, 0.01710946695813015, 0.021985875231209012, 0.0]]}