{"counts": [[0.0, 0.018050074399948244, 0.012292165361971922, 0.010157210325418903, 0.008863298182053439, 0.008410428931875526, 0.008798602574885165, 0.009251471825063078, 0.009833732289577537, 0.007569386038687973, 0.007698777253024519, 0.008022255288865887, 0.008927993789221713, 0.007181212395678333, 0.00672834314550042], [0.018050074399948244, 0.0, 0.013780164326842207, 0.010610079575596816, 0.009380863039399626, 0.008022255288865887, 0.008798602574885165, 0.009057385003558259, 0.009510254253736172, 0.007634081645856246, 0.008798602574885165, 0.006987125574173514, 0.008216342110370705, 0.007569386038687973, 0.008345733324707252], [0.012292165361971922, 0.013780164326842207, 0.0, 0.011968687326130555, 0.009251471825063078, 0.009769036682409265, 0.009251471825063078, 0.009380863039399626, 0.008798602574885165, 0.007698777253024519, 0.00731060361001488, 0.008086950896034159, 0.0073752992171831535, 0.007957559681697613, 0.008022255288865887], [0.010157210325418903, 0.010610079575596816, 0.011968687326130555, 0.0, 0.010092514718250631, 0.009833732289577537, 0.010027819111082357, 0.009057385003558259, 0.0084751245390438, 0.010221905932587178, 0.007957559681697613, 0.007957559681697613, 0.007634081645856246, 0.009122080610726531, 0.00828103771753898], [0.008863298182053439, 0.009380863039399626, 0.009251471825063078, 0.010092514718250631, 0.0, 0.01145112246878437, 0.009510254253736172, 0.010157210325418903, 0.008410428931875526, 0.009833732289577537, 0.00970434107524099, 0.008410428931875526, 0.009769036682409265, 0.008086950896034159, 0.008733906967716892], [0.008410428931875526, 0.008022255288865887, 0.009769036682409265, 0.009833732289577537, 0.01145112246878437, 0.0, 0.00970434107524099, 0.00970434107524099, 0.009833732289577537, 0.00970434107524099, 0.009639645468072718, 0.01067477518276509, 0.007828168467361066, 0.008798602574885165, 0.009251471825063078], [0.008798602574885165, 0.008798602574885165, 0.009251471825063078, 0.010027819111082357, 0.009510254253736172, 0.00970434107524099, 0.0, 0.009057385003558259, 0.009574949860904444, 0.009639645468072718, 0.009510254253736172, 0.007763472860192793, 0.009574949860904444, 0.008798602574885165, 0.010027819111082357], [0.009251471825063078, 0.009057385003558259, 0.009380863039399626, 0.009057385003558259, 0.010157210325418903, 0.00970434107524099, 0.009057385003558259, 0.0, 0.008216342110370705, 0.009251471825063078, 0.007892864074529339, 0.008992689396389985, 0.00828103771753898, 0.009186776217894805, 0.009639645468072718], [0.009833732289577537, 0.009510254253736172, 0.008798602574885165, 0.0084751245390438, 0.008410428931875526, 0.009833732289577537, 0.009574949860904444, 0.008216342110370705, 0.0, 0.00970434107524099, 0.008539820146212072, 0.009963123503914085, 0.008798602574885165, 0.008798602574885165, 0.008410428931875526], [0.007569386038687973, 0.007634081645856246, 0.007698777253024519, 0.010221905932587178, 0.009833732289577537, 0.00970434107524099, 0.009639645468072718, 0.009251471825063078, 0.00970434107524099, 0.0, 0.011515818075952642, 0.009510254253736172, 0.010739470789933363, 0.010804166397101637, 0.011192340040111276], [0.007698777253024519, 0.008798602574885165, 0.00731060361001488, 0.007957559681697613, 0.00970434107524099, 0.009639645468072718, 0.009510254253736172, 0.007892864074529339, 0.008539820146212072, 0.011515818075952642, 0.0, 0.010804166397101637, 0.012162774147635376, 0.010027819111082357, 0.012550947790645015], [0.008022255288865887, 0.006987125574173514, 0.008086950896034159, 0.007957559681697613, 0.008410428931875526, 0.01067477518276509, 0.007763472860192793, 0.008992689396389985, 0.009963123503914085, 0.009510254253736172, 0.010804166397101637, 0.0, 0.013133208255159476, 0.011386426861616096, 0.01365077311250566], [0.008927993789221713, 0.008216342110370705, 0.0073752992171831535, 0.007634081645856246, 0.009769036682409265, 0.007828168467361066, 0.009574949860904444, 0.00828103771753898, 0.008798602574885165, 0.010739470789933363, 0.012162774147635376, 0.013133208255159476, 0.0, 0.013844859934010481, 0.013068512647991202], [0.007181212395678333, 0.007569386038687973, 0.007957559681697613, 0.009122080610726531, 0.008086950896034159, 0.008798602574885165, 0.008798602574885165, 0.009186776217894805, 0.008798602574885165, 0.010804166397101637, 0.010027819111082357, 0.011386426861616096, 0.013844859934010481, 0.0, 0.014750598434366307], [0.00672834314550042, 0.008345733324707252, 0.008022255288865887, 0.00828103771753898, 0.008733906967716892, 0.009251471825063078, 0.010027819111082357, 0.009639645468072718, 0.008410428931875526, 0.011192340040111276, 0.012550947790645015, 0.01365077311250566, 0.013068512647991202, 0.014750598434366307, 0.0]], "sysname": ["IITB", "SJTU", "PKU", "RAC", "JMGR", "AMU", "IPN", "src", "UFC", "UMC", "NTHU", "CUUI", "NUCLEA", "POST", "CAMB"]}