{"sysname": ["SOURCE", "UFC", "IITB", "SJTU", "RAC", "PKU", "IPN", "AMU", "UMC", "POST", "NTHU", "CUUI", "NUCLEA", "CAMB"], "counts": [[0.0, 0.01767243184387956, 0.015117886008626827, 0.012018928765861216, 0.011348883956614599, 0.01160015076008208, 0.010804472549101721, 0.009129360525985175, 0.008333682315004816, 0.007328615101134889, 0.008166171112693162, 0.006993592696511579, 0.007538004104024457, 0.007538004104024457], [0.01767243184387956, 0.0, 0.015327275011516395, 0.013107751580886971, 0.011307006156036685, 0.010971983751413375, 0.012270195569328698, 0.008752460320783952, 0.008291804514426902, 0.007873026508647766, 0.00745424850286863, 0.007161103898823234, 0.007035470497089493, 0.006323547887264961], [0.015117886008626827, 0.015327275011516395, 0.0, 0.011265128355458771, 0.012186439968172872, 0.012353951170484526, 0.01009254993927719, 0.010301938942166758, 0.008878093722517693, 0.009296871728296829, 0.00711922609824532, 0.006951714895933665, 0.006909837095355752, 0.008166171112693162], [0.012018928765861216, 0.013107751580886971, 0.011265128355458771, 0.0, 0.013819674190711504, 0.012228317768750786, 0.01193517316470539, 0.011516395158926253, 0.009464382930608485, 0.008961849323673521, 0.008249926713848988, 0.008124293312115248, 0.009045604924829347, 0.008459315716738558], [0.011348883956614599, 0.011307006156036685, 0.012186439968172872, 0.013819674190711504, 0.0, 0.012982118179153231, 0.012605217973952008, 0.011097617153147117, 0.009631894132920139, 0.009464382930608485, 0.009254993927718917, 0.008919971523095607, 0.008584949118472298, 0.009548138531764313], [0.01160015076008208, 0.010971983751413375, 0.012353951170484526, 0.012228317768750786, 0.012982118179153231, 0.0, 0.012353951170484526, 0.01193517316470539, 0.008961849323673521, 0.009841283135809707, 0.009631894132920139, 0.009296871728296829, 0.010385694543322584, 0.009925038736965534], [0.010804472549101721, 0.012270195569328698, 0.01009254993927719, 0.01193517316470539, 0.012605217973952008, 0.012353951170484526, 0.0, 0.011307006156036685, 0.010427572343900498, 0.010511327945056326, 0.009045604924829347, 0.009841283135809707, 0.009003727124251435, 0.010511327945056326], [0.009129360525985175, 0.008752460320783952, 0.010301938942166758, 0.011516395158926253, 0.011097617153147117, 0.01193517316470539, 0.011307006156036685, 0.0, 0.011767661962393735, 0.012102684367017044, 0.012102684367017044, 0.01252146237279618, 0.01101386155199129, 0.011558272959504167], [0.008333682315004816, 0.008291804514426902, 0.008878093722517693, 0.009464382930608485, 0.009631894132920139, 0.008961849323673521, 0.010427572343900498, 0.011767661962393735, 0.0, 0.015285397210938481, 0.013317140583776541, 0.013484651786088195, 0.012647095774529922, 0.014322207797646468], [0.007328615101134889, 0.007873026508647766, 0.009296871728296829, 0.008961849323673521, 0.009464382930608485, 0.009841283135809707, 0.010511327945056326, 0.012102684367017044, 0.015285397210938481, 0.0, 0.014782863604003518, 0.014280329997068554, 0.013861551991289418, 0.01377779639013359], [0.008166171112693162, 0.00745424850286863, 0.00711922609824532, 0.008249926713848988, 0.009254993927718917, 0.009631894132920139, 0.009045604924829347, 0.012102684367017044, 0.013317140583776541, 0.014782863604003518, 0.0, 0.0159554420201851, 0.016290464424808408, 0.01620670882365258], [0.006993592696511579, 0.007161103898823234, 0.006951714895933665, 0.008124293312115248, 0.008919971523095607, 0.009296871728296829, 0.009841283135809707, 0.01252146237279618, 0.013484651786088195, 0.014280329997068554, 0.0159554420201851, 0.0, 0.017714309644457474, 0.01620670882365258], [0.007538004104024457, 0.007035470497089493, 0.006909837095355752, 0.009045604924829347, 0.008584949118472298, 0.010385694543322584, 0.009003727124251435, 0.01101386155199129, 0.012647095774529922, 0.013861551991289418, 0.016290464424808408, 0.017714309644457474, 0.0, 0.020938900288956824], [0.007538004104024457, 0.006323547887264961, 0.008166171112693162, 0.008459315716738558, 0.009548138531764313, 0.009925038736965534, 0.010511327945056326, 0.011558272959504167, 0.014322207797646468, 0.01377779639013359, 0.01620670882365258, 0.01620670882365258, 0.020938900288956824, 0.0]]}