{"sysname": ["IITB", "SJTU", "PKU", "RAC", "AMU", "JMGR", "IPN", "UFC", "src", "UMC", "NTHU", "NUCLEA", "CUUI", "POST", "CAMB"], "counts": [[0.0, 0.017144335899592418, 0.011903991718962283, 0.010610079575596816, 0.010221905932587178, 0.008798602574885165, 0.009769036682409265, 0.008086950896034159, 0.00828103771753898, 0.008345733324707252, 0.007828168467361066, 0.008604515753380346, 0.008086950896034159, 0.00672834314550042, 0.007569386038687973], [0.017144335899592418, 0.0, 0.012939121433654655, 0.010610079575596816, 0.009057385003558259, 0.011127644432943003, 0.008345733324707252, 0.008798602574885165, 0.008992689396389985, 0.0073752992171831535, 0.008086950896034159, 0.006793038752668693, 0.007828168467361066, 0.00828103771753898, 0.007763472860192793], [0.011903991718962283, 0.012939121433654655, 0.0, 0.012098078540467102, 0.008733906967716892, 0.008151646503202433, 0.00828103771753898, 0.008086950896034159, 0.009380863039399626, 0.008345733324707252, 0.009057385003558259, 0.008927993789221713, 0.008086950896034159, 0.007892864074529339, 0.009963123503914085], [0.010610079575596816, 0.010610079575596816, 0.012098078540467102, 0.0, 0.009057385003558259, 0.010933557611438183, 0.009510254253736172, 0.010157210325418903, 0.007245908002846606, 0.00989842789674581, 0.0084751245390438, 0.009057385003558259, 0.007698777253024519, 0.008151646503202433, 0.0075046904315197], [0.010221905932587178, 0.009057385003558259, 0.008733906967716892, 0.009057385003558259, 0.0, 0.011321731254447824, 0.00970434107524099, 0.01028660153975545, 0.010415992754091998, 0.009963123503914085, 0.0084751245390438, 0.008022255288865887, 0.008863298182053439, 0.008669211360548618, 0.009445558646567898], [0.008798602574885165, 0.011127644432943003, 0.008151646503202433, 0.010933557611438183, 0.011321731254447824, 0.0, 0.01028660153975545, 0.009316167432231352, 0.009251471825063078, 0.009380863039399626, 0.010351297146923724, 0.009380863039399626, 0.008927993789221713, 0.007634081645856246, 0.007439994824351427], [0.009769036682409265, 0.008345733324707252, 0.00828103771753898, 0.009510254253736172, 0.00970434107524099, 0.01028660153975545, 0.0, 0.00970434107524099, 0.009574949860904444, 0.008863298182053439, 0.009380863039399626, 0.008345733324707252, 0.009574949860904444, 0.009251471825063078, 0.009186776217894805], [0.008086950896034159, 0.008798602574885165, 0.008086950896034159, 0.010157210325418903, 0.01028660153975545, 0.009316167432231352, 0.00970434107524099, 0.0, 0.008798602574885165, 0.00970434107524099, 0.00828103771753898, 0.009186776217894805, 0.0075046904315197, 0.008539820146212072, 0.009833732289577537], [0.00828103771753898, 0.008992689396389985, 0.009380863039399626, 0.007245908002846606, 0.010415992754091998, 0.009251471825063078, 0.009574949860904444, 0.008798602574885165, 0.0, 0.009510254253736172, 0.008022255288865887, 0.00970434107524099, 0.009574949860904444, 0.008669211360548618, 0.009380863039399626], [0.008345733324707252, 0.0073752992171831535, 0.008345733324707252, 0.00989842789674581, 0.009963123503914085, 0.009380863039399626, 0.008863298182053439, 0.00970434107524099, 0.009510254253736172, 0.0, 0.010610079575596816, 0.01106294882577473, 0.010610079575596816, 0.01028660153975545, 0.010415992754091998], [0.007828168467361066, 0.008086950896034159, 0.009057385003558259, 0.0084751245390438, 0.0084751245390438, 0.010351297146923724, 0.009380863039399626, 0.00828103771753898, 0.008022255288865887, 0.010610079575596816, 0.0, 0.010351297146923724, 0.011968687326130555, 0.012421556576308468, 0.010933557611438183], [0.008604515753380346, 0.006793038752668693, 0.008927993789221713, 0.009057385003558259, 0.008022255288865887, 0.009380863039399626, 0.008345733324707252, 0.009186776217894805, 0.00970434107524099, 0.01106294882577473, 0.010351297146923724, 0.0, 0.012680339004981563, 0.012809730219318109, 0.014879989648702853], [0.008086950896034159, 0.007828168467361066, 0.008086950896034159, 0.007698777253024519, 0.008863298182053439, 0.008927993789221713, 0.009574949860904444, 0.0075046904315197, 0.009574949860904444, 0.010610079575596816, 0.011968687326130555, 0.012680339004981563, 0.0, 0.012809730219318109, 0.012292165361971922], [0.00672834314550042, 0.00828103771753898, 0.007892864074529339, 0.008151646503202433, 0.008669211360548618, 0.007634081645856246, 0.009251471825063078, 0.008539820146212072, 0.008669211360548618, 0.01028660153975545, 0.012421556576308468, 0.012809730219318109, 0.012809730219318109, 0.0, 0.015462250113217313], [0.007569386038687973, 0.007763472860192793, 0.009963123503914085, 0.0075046904315197, 0.009445558646567898, 0.007439994824351427, 0.009186776217894805, 0.009833732289577537, 0.009380863039399626, 0.010415992754091998, 0.010933557611438183, 0.014879989648702853, 0.012292165361971922, 0.015462250113217313, 0.0]]}