{"counts": [[0.0, 0.015704175216717617, 0.014196574395912726, 0.012563340173374094, 0.012353951170484526, 0.011097617153147117, 0.010260061141588844, 0.009966916537543448, 0.008333682315004816, 0.008208048913271076, 0.008249926713848988, 0.00804053771095942, 0.007789270907491938, 0.0066585702918882704], [0.015704175216717617, 0.0, 0.015159763809204741, 0.013065873780309057, 0.012018928765861216, 0.011139494953725031, 0.009799405335231794, 0.00883621592193978, 0.00883621592193978, 0.008626826919050212, 0.007789270907491938, 0.007831148708069852, 0.007202981699401147, 0.0076636375057581975], [0.014196574395912726, 0.015159763809204741, 0.0, 0.01285648477741949, 0.011683906361237908, 0.012102684367017044, 0.010636961346790066, 0.00988316093638762, 0.008668704719628125, 0.00871058252020604, 0.007370492901712802, 0.007538004104024457, 0.006993592696511579, 0.008459315716738558], [0.012563340173374094, 0.013065873780309057, 0.01285648477741949, 0.0, 0.012814606976841576, 0.014405963398802294, 0.012186439968172872, 0.010511327945056326, 0.009631894132920139, 0.009464382930608485, 0.0077055153063361114, 0.008208048913271076, 0.009045604924829347, 0.009590016332342225], [0.012353951170484526, 0.012018928765861216, 0.011683906361237908, 0.012814606976841576, 0.0, 0.013275262783198627, 0.013694040788977763, 0.011390761757192513, 0.008417437916160644, 0.009045604924829347, 0.009254993927718917, 0.008333682315004816, 0.008417437916160644, 0.009590016332342225], [0.011097617153147117, 0.011139494953725031, 0.012102684367017044, 0.014405963398802294, 0.013275262783198627, 0.0, 0.011809539762971649, 0.010762594748523808, 0.009171238326563089, 0.009254993927718917, 0.008668704719628125, 0.008249926713848988, 0.009129360525985175, 0.008961849323673521], [0.010260061141588844, 0.009799405335231794, 0.010636961346790066, 0.012186439968172872, 0.013694040788977763, 0.011809539762971649, 0.0, 0.012772729176263663, 0.011432639557770427, 0.010301938942166758, 0.008919971523095607, 0.009087482725407261, 0.010301938942166758, 0.009925038736965534], [0.009966916537543448, 0.00883621592193978, 0.00988316093638762, 0.010511327945056326, 0.011390761757192513, 0.010762594748523808, 0.012772729176263663, 0.0, 0.012228317768750786, 0.012228317768750786, 0.011390761757192513, 0.011139494953725031, 0.011516395158926253, 0.01206080656643913], [0.008333682315004816, 0.00883621592193978, 0.008668704719628125, 0.009631894132920139, 0.008417437916160644, 0.009171238326563089, 0.011432639557770427, 0.012228317768750786, 0.0, 0.0141128187947569, 0.013359018384354453, 0.014740985803425604, 0.012688973575107836, 0.013233384982620713], [0.008208048913271076, 0.008626826919050212, 0.00871058252020604, 0.009464382930608485, 0.009045604924829347, 0.009254993927718917, 0.010301938942166758, 0.012228317768750786, 0.0141128187947569, 0.0, 0.013652162988399849, 0.014364085598224382, 0.015787930817873445, 0.013735918589555677], [0.008249926713848988, 0.007789270907491938, 0.007370492901712802, 0.0077055153063361114, 0.009254993927718917, 0.008668704719628125, 0.008919971523095607, 0.011390761757192513, 0.013359018384354453, 0.013652162988399849, 0.0, 0.016290464424808408, 0.01582980861845136, 0.018342476653126178], [0.00804053771095942, 0.007831148708069852, 0.007538004104024457, 0.008208048913271076, 0.008333682315004816, 0.008249926713848988, 0.009087482725407261, 0.011139494953725031, 0.014740985803425604, 0.014364085598224382, 0.016290464424808408, 0.0, 0.017128020436366683, 0.017295531638678335], [0.007789270907491938, 0.007202981699401147, 0.006993592696511579, 0.009045604924829347, 0.008417437916160644, 0.009129360525985175, 0.010301938942166758, 0.011516395158926253, 0.012688973575107836, 0.015787930817873445, 0.01582980861845136, 0.017128020436366683, 0.0, 0.01884501026006114], [0.0066585702918882704, 0.0076636375057581975, 0.008459315716738558, 0.009590016332342225, 0.009590016332342225, 0.008961849323673521, 0.009925038736965534, 0.01206080656643913, 0.013233384982620713, 0.013735918589555677, 0.018342476653126178, 0.017295531638678335, 0.01884501026006114, 0.0]], "sysname": ["SOURCE", "UFC", "IITB", "PKU", "RAC", "SJTU", "IPN", "AMU", "UMC", "POST", "NTHU", "CUUI", "NUCLEA", "CAMB"]}