{"sysname": ["SOURCE", "UFC", "IITB", "PKU", "RAC", "SJTU", "IPN", "AMU", "UMC", "POST", "NTHU", "CUUI", "NUCLEA", "CAMB"], "counts": [[0.0, 0.017655960988733815, 0.01437699680511182, 0.011350260635614595, 0.011896754666218262, 0.011602488649739364, 0.009500588532032958, 0.00966874054144947, 0.00853371447788801, 0.008071296451992602, 0.007945182444930216, 0.007020346393139398, 0.007524802421388936, 0.00790314444257609], [0.017655960988733815, 0.0, 0.014671262821590718, 0.011938792668572389, 0.011686564654447621, 0.010887842609719187, 0.011770640659155876, 0.009080208508491677, 0.008954094501429291, 0.007945182444930216, 0.007819068437867832, 0.0070623843954935265, 0.007398688414326551, 0.006810156381368757], [0.01437699680511182, 0.014671262821590718, 0.0, 0.013578274760383386, 0.012653438708592568, 0.011560450647385236, 0.010677652597948546, 0.010425424583823777, 0.00853371447788801, 0.007482764419034807, 0.007482764419034807, 0.00718849840255591, 0.00718849840255591, 0.008197410459054985], [0.011350260635614595, 0.011938792668572389, 0.013578274760383386, 0.0, 0.013998654783924667, 0.013199932739196233, 0.011560450647385236, 0.012064906675634774, 0.010593576593240289, 0.008617790482596267, 0.00899613250378342, 0.008491676475533883, 0.00811333445434673, 0.009416512527324701], [0.011896754666218262, 0.011686564654447621, 0.012653438708592568, 0.013998654783924667, 0.0, 0.013578274760383386, 0.01235917269211367, 0.011098032621489827, 0.009122246510845805, 0.008617790482596267, 0.009416512527324701, 0.008197410459054985, 0.009752816546157726, 0.00878594249201278], [0.011602488649739364, 0.010887842609719187, 0.011560450647385236, 0.013199932739196233, 0.013578274760383386, 0.0, 0.012527324701530184, 0.01147637464267698, 0.010257272574407264, 0.009752816546157726, 0.007398688414326551, 0.007861106440221961, 0.00899613250378342, 0.008827980494366908], [0.009500588532032958, 0.011770640659155876, 0.010677652597948546, 0.011560450647385236, 0.01235917269211367, 0.012527324701530184, 0.0, 0.01261140070623844, 0.009626702539095342, 0.010845804607365058, 0.00924836051790819, 0.01055153859088616, 0.009500588532032958, 0.01034134857911552], [0.00966874054144947, 0.009080208508491677, 0.010425424583823777, 0.012064906675634774, 0.011098032621489827, 0.01147637464267698, 0.01261140070623844, 0.0, 0.012443248696821927, 0.011518412645031109, 0.010299310576761393, 0.010971918614427442, 0.010845804607365058, 0.012106944677988903], [0.00853371447788801, 0.008954094501429291, 0.00853371447788801, 0.010593576593240289, 0.009122246510845805, 0.010257272574407264, 0.009626702539095342, 0.012443248696821927, 0.0, 0.014250882798049437, 0.012989742727425592, 0.013578274760383386, 0.013326046746258619, 0.012695476710946696], [0.008071296451992602, 0.007945182444930216, 0.007482764419034807, 0.008617790482596267, 0.008617790482596267, 0.009752816546157726, 0.010845804607365058, 0.011518412645031109, 0.014250882798049437, 0.0, 0.016352782915755842, 0.014545148814528334, 0.014923490835715487, 0.014965528838069614], [0.007945182444930216, 0.007819068437867832, 0.007482764419034807, 0.00899613250378342, 0.009416512527324701, 0.007398688414326551, 0.00924836051790819, 0.010299310576761393, 0.012989742727425592, 0.016352782915755842, 0.0, 0.017025390953421895, 0.015596098873381536, 0.01622666890869346], [0.007020346393139398, 0.0070623843954935265, 0.00718849840255591, 0.008491676475533883, 0.008197410459054985, 0.007861106440221961, 0.01055153859088616, 0.010971918614427442, 0.013578274760383386, 0.014545148814528334, 0.017025390953421895, 0.0, 0.017866151000504454, 0.017277618967546662], [0.007524802421388936, 0.007398688414326551, 0.00718849840255591, 0.00811333445434673, 0.009752816546157726, 0.00899613250378342, 0.009500588532032958, 0.010845804607365058, 0.013326046746258619, 0.014923490835715487, 0.015596098873381536, 0.017866151000504454, 0.0, 0.020346393139398015], [0.00790314444257609, 0.006810156381368757, 0.008197410459054985, 0.009416512527324701, 0.00878594249201278, 0.008827980494366908, 0.01034134857911552, 0.012106944677988903, 0.012695476710946696, 0.014965528838069614, 0.01622666890869346, 0.017277618967546662, 0.020346393139398015, 0.0]]}