{"sysname": ["SOURCE", "UFC", "IITB", "SJTU", "IPN", "RAC", "PKU", "AMU", "UMC", "NTHU", "POST", "CUUI", "NUCLEA", "CAMB"], "counts": [[0.0, 0.01721177603752251, 0.01562041961556179, 0.012940240378575317, 0.012605217973952008, 0.012186439968172872, 0.010427572343900498, 0.008626826919050212, 0.007202981699401147, 0.007873026508647766, 0.007496126303446543, 0.0066166924913103565, 0.007035470497089493, 0.006742325893044097], [0.01721177603752251, 0.0, 0.016583609028853804, 0.012018928765861216, 0.010050672138699276, 0.01101386155199129, 0.011642028560659995, 0.008961849323673521, 0.008794338121361866, 0.007412370702290716, 0.0077473931069140245, 0.007621759705180284, 0.006491059089576616, 0.008208048913271076], [0.01562041961556179, 0.016583609028853804, 0.0, 0.012688973575107836, 0.012228317768750786, 0.012647095774529922, 0.010636961346790066, 0.008417437916160644, 0.0077055153063361114, 0.008124293312115248, 0.00745424850286863, 0.008166171112693162, 0.0066585702918882704, 0.007035470497089493], [0.012940240378575317, 0.012018928765861216, 0.012688973575107836, 0.0, 0.012270195569328698, 0.013484651786088195, 0.012647095774529922, 0.009590016332342225, 0.010427572343900498, 0.00791490430922568, 0.008668704719628125, 0.00837556011558273, 0.008208048913271076, 0.008626826919050212], [0.012605217973952008, 0.010050672138699276, 0.012228317768750786, 0.012270195569328698, 0.0, 0.014154696595334812, 0.011851417563549562, 0.01088822815025755, 0.009631894132920139, 0.010469450144478412, 0.009254993927718917, 0.007286737300556975, 0.010260061141588844, 0.00871058252020604], [0.012186439968172872, 0.01101386155199129, 0.012647095774529922, 0.013484651786088195, 0.014154696595334812, 0.0, 0.012814606976841576, 0.011390761757192513, 0.010301938942166758, 0.009045604924829347, 0.008752460320783952, 0.008208048913271076, 0.008124293312115248, 0.009213116127141003], [0.010427572343900498, 0.011642028560659995, 0.010636961346790066, 0.012647095774529922, 0.011851417563549562, 0.012814606976841576, 0.0, 0.011977050965283304, 0.012102684367017044, 0.009590016332342225, 0.010260061141588844, 0.009799405335231794, 0.008752460320783952, 0.010008794338121362], [0.008626826919050212, 0.008961849323673521, 0.008417437916160644, 0.009590016332342225, 0.01088822815025755, 0.011390761757192513, 0.011977050965283304, 0.0, 0.014070940994178986, 0.013233384982620713, 0.012270195569328698, 0.011683906361237908, 0.01252146237279618, 0.01067883914736798], [0.007202981699401147, 0.008794338121361866, 0.0077055153063361114, 0.010427572343900498, 0.009631894132920139, 0.010301938942166758, 0.012102684367017044, 0.014070940994178986, 0.0, 0.013987185393023158, 0.012353951170484526, 0.013694040788977763, 0.012479584572218268, 0.012940240378575317], [0.007873026508647766, 0.007412370702290716, 0.008124293312115248, 0.00791490430922568, 0.010469450144478412, 0.009045604924829347, 0.009590016332342225, 0.013233384982620713, 0.013987185393023158, 0.0, 0.015285397210938481, 0.014196574395912726, 0.015411030612672223, 0.014950374806315172], [0.007496126303446543, 0.0077473931069140245, 0.00745424850286863, 0.008668704719628125, 0.009254993927718917, 0.008752460320783952, 0.010260061141588844, 0.012270195569328698, 0.012353951170484526, 0.015285397210938481, 0.0, 0.01675112023116546, 0.016164831023074668, 0.015117886008626827], [0.0066166924913103565, 0.007621759705180284, 0.008166171112693162, 0.00837556011558273, 0.007286737300556975, 0.008208048913271076, 0.009799405335231794, 0.011683906361237908, 0.013694040788977763, 0.014196574395912726, 0.01675112023116546, 0.0, 0.01620670882365258, 0.018677499057749486], [0.007035470497089493, 0.006491059089576616, 0.0066585702918882704, 0.008208048913271076, 0.010260061141588844, 0.008124293312115248, 0.008752460320783952, 0.01252146237279618, 0.012479584572218268, 0.015411030612672223, 0.016164831023074668, 0.01620670882365258, 0.0, 0.023367812722475817], [0.006742325893044097, 0.008208048913271076, 0.007035470497089493, 0.008626826919050212, 0.00871058252020604, 0.009213116127141003, 0.010008794338121362, 0.01067883914736798, 0.012940240378575317, 0.014950374806315172, 0.015117886008626827, 0.018677499057749486, 0.023367812722475817, 0.0]]}