{"sysname": ["IITB", "SJTU", "PKU", "RAC", "IPN", "AMU", "JMGR", "UFC", "src", "UMC", "NTHU", "CUUI", "NUCLEA", "POST", "CAMB"], "counts": [[0.0, 0.021608332794203274, 0.010545383968428544, 0.011580513683120916, 0.008669211360548618, 0.009122080610726531, 0.0084751245390438, 0.0084751245390438, 0.008539820146212072, 0.007051821181341787, 0.008669211360548618, 0.008086950896034159, 0.00731060361001488, 0.006275473895322507, 0.006987125574173514], [0.021608332794203274, 0.0, 0.011580513683120916, 0.011580513683120916, 0.009574949860904444, 0.010027819111082357, 0.008669211360548618, 0.006469560716827328, 0.008539820146212072, 0.008086950896034159, 0.007892864074529339, 0.007245908002846606, 0.00828103771753898, 0.006987125574173514, 0.006987125574173514], [0.010545383968428544, 0.011580513683120916, 0.0, 0.010739470789933363, 0.009769036682409265, 0.008798602574885165, 0.009186776217894805, 0.009769036682409265, 0.00989842789674581, 0.008863298182053439, 0.007698777253024519, 0.008669211360548618, 0.0075046904315197, 0.009251471825063078, 0.008927993789221713], [0.011580513683120916, 0.011580513683120916, 0.010739470789933363, 0.0, 0.009963123503914085, 0.008345733324707252, 0.009639645468072718, 0.010157210325418903, 0.008539820146212072, 0.0084751245390438, 0.008992689396389985, 0.007569386038687973, 0.008927993789221713, 0.008410428931875526, 0.006987125574173514], [0.008669211360548618, 0.009574949860904444, 0.009769036682409265, 0.009963123503914085, 0.0, 0.009833732289577537, 0.01145112246878437, 0.008410428931875526, 0.008798602574885165, 0.010092514718250631, 0.01028660153975545, 0.008216342110370705, 0.008022255288865887, 0.008151646503202433, 0.009316167432231352], [0.009122080610726531, 0.010027819111082357, 0.008798602574885165, 0.008345733324707252, 0.009833732289577537, 0.0, 0.009639645468072718, 0.010739470789933363, 0.009122080610726531, 0.010157210325418903, 0.008345733324707252, 0.00989842789674581, 0.008669211360548618, 0.009445558646567898, 0.01048068836126027], [0.0084751245390438, 0.008669211360548618, 0.009186776217894805, 0.009639645468072718, 0.01145112246878437, 0.009639645468072718, 0.0, 0.009769036682409265, 0.009122080610726531, 0.010157210325418903, 0.009510254253736172, 0.0084751245390438, 0.008927993789221713, 0.009445558646567898, 0.009769036682409265], [0.0084751245390438, 0.006469560716827328, 0.009769036682409265, 0.010157210325418903, 0.008410428931875526, 0.010739470789933363, 0.009769036682409265, 0.0, 0.0084751245390438, 0.009122080610726531, 0.009186776217894805, 0.008927993789221713, 0.008863298182053439, 0.009057385003558259, 0.00989842789674581], [0.008539820146212072, 0.008539820146212072, 0.00989842789674581, 0.008539820146212072, 0.008798602574885165, 0.009122080610726531, 0.009122080610726531, 0.0084751245390438, 0.0, 0.01086886200426991, 0.010415992754091998, 0.008151646503202433, 0.008539820146212072, 0.008539820146212072, 0.009186776217894805], [0.007051821181341787, 0.008086950896034159, 0.008863298182053439, 0.0084751245390438, 0.010092514718250631, 0.010157210325418903, 0.010157210325418903, 0.009122080610726531, 0.01086886200426991, 0.0, 0.011515818075952642, 0.010351297146923724, 0.009510254253736172, 0.010221905932587178, 0.010221905932587178], [0.008669211360548618, 0.007892864074529339, 0.007698777253024519, 0.008992689396389985, 0.01028660153975545, 0.008345733324707252, 0.009510254253736172, 0.009186776217894805, 0.010415992754091998, 0.011515818075952642, 0.0, 0.009574949860904444, 0.011903991718962283, 0.009833732289577537, 0.010998253218606457], [0.008086950896034159, 0.007245908002846606, 0.008669211360548618, 0.007569386038687973, 0.008216342110370705, 0.00989842789674581, 0.0084751245390438, 0.008927993789221713, 0.008151646503202433, 0.010351297146923724, 0.009574949860904444, 0.0, 0.014556511612861487, 0.013262599469496022, 0.012939121433654655], [0.00731060361001488, 0.00828103771753898, 0.0075046904315197, 0.008927993789221713, 0.008022255288865887, 0.008669211360548618, 0.008927993789221713, 0.008863298182053439, 0.008539820146212072, 0.009510254253736172, 0.011903991718962283, 0.014556511612861487, 0.0, 0.013262599469496022, 0.014750598434366307], [0.006275473895322507, 0.006987125574173514, 0.009251471825063078, 0.008410428931875526, 0.008151646503202433, 0.009445558646567898, 0.009445558646567898, 0.009057385003558259, 0.008539820146212072, 0.010221905932587178, 0.009833732289577537, 0.013262599469496022, 0.013262599469496022, 0.0, 0.01520346768454422], [0.006987125574173514, 0.006987125574173514, 0.008927993789221713, 0.006987125574173514, 0.009316167432231352, 0.01048068836126027, 0.009769036682409265, 0.00989842789674581, 0.009186776217894805, 0.010221905932587178, 0.010998253218606457, 0.012939121433654655, 0.014750598434366307, 0.01520346768454422, 0.0]]}