{"counts": [[0.0, 0.01706742895577602, 0.01576425088279805, 0.012779552715654952, 0.011308222633260468, 0.012191020682697158, 0.010677652597948546, 0.008449638473179755, 0.008155372456700857, 0.00765091642845132, 0.006810156381368757, 0.0074407264166806795, 0.007566840423743064, 0.00676811837901463], [0.01706742895577602, 0.0, 0.017697998991087944, 0.012863628720363209, 0.01172860265680175, 0.01101395661678157, 0.010929880612073315, 0.007987220447284345, 0.008449638473179755, 0.006726080376660501, 0.007945182444930216, 0.006936270388431142, 0.00630570035311922, 0.00718849840255591], [0.01576425088279805, 0.017697998991087944, 0.0, 0.012863628720363209, 0.012022868673280646, 0.010971918614427442, 0.010719690600302674, 0.008870018496721036, 0.008701866487304524, 0.007482764419034807, 0.007272574407264167, 0.006936270388431142, 0.00765091642845132, 0.00676811837901463], [0.012779552715654952, 0.012863628720363209, 0.012863628720363209, 0.0, 0.013452160753321002, 0.013157894736842105, 0.011350260635614595, 0.01034134857911552, 0.010047082562636624, 0.008575752480242138, 0.007482764419034807, 0.008071296451992602, 0.008281486463763242, 0.008323524466117371], [0.011308222633260468, 0.01172860265680175, 0.012022868673280646, 0.013452160753321002, 0.0, 0.014082730788632924, 0.013830502774508155, 0.010887842609719187, 0.009752816546157726, 0.008912056499075165, 0.009752816546157726, 0.007777030435513704, 0.009038170506137548, 0.008155372456700857], [0.012191020682697158, 0.01101395661678157, 0.010971918614427442, 0.013157894736842105, 0.014082730788632924, 0.0, 0.013704388767445772, 0.01080376660501093, 0.010383386581469648, 0.008701866487304524, 0.00966874054144947, 0.008870018496721036, 0.00924836051790819, 0.00853371447788801], [0.010677652597948546, 0.010929880612073315, 0.010719690600302674, 0.011350260635614595, 0.013830502774508155, 0.013704388767445772, 0.0, 0.01261140070623844, 0.011896754666218262, 0.009794854548511854, 0.009878930553220111, 0.008659828484950395, 0.00924836051790819, 0.00924836051790819], [0.008449638473179755, 0.007987220447284345, 0.008870018496721036, 0.01034134857911552, 0.010887842609719187, 0.01080376660501093, 0.01261140070623844, 0.0, 0.013452160753321002, 0.012485286699176056, 0.012989742727425592, 0.011770640659155876, 0.012527324701530184, 0.011938792668572389], [0.008155372456700857, 0.008449638473179755, 0.008701866487304524, 0.010047082562636624, 0.009752816546157726, 0.010383386581469648, 0.011896754666218262, 0.013452160753321002, 0.0, 0.01328400874390449, 0.013788464772154027, 0.012401210694467799, 0.011644526652093493, 0.013241970741550362], [0.00765091642845132, 0.006726080376660501, 0.007482764419034807, 0.008575752480242138, 0.008912056499075165, 0.008701866487304524, 0.009794854548511854, 0.012485286699176056, 0.01328400874390449, 0.0, 0.01593240289221456, 0.0164368589204641, 0.015385908861610896, 0.016478896922818228], [0.006810156381368757, 0.007945182444930216, 0.007272574407264167, 0.007482764419034807, 0.009752816546157726, 0.00966874054144947, 0.009878930553220111, 0.012989742727425592, 0.013788464772154027, 0.01593240289221456, 0.0, 0.016605010929880613, 0.014671262821590718, 0.015091642845132], [0.0074407264166806795, 0.006936270388431142, 0.006936270388431142, 0.008071296451992602, 0.007777030435513704, 0.008870018496721036, 0.008659828484950395, 0.011770640659155876, 0.012401210694467799, 0.0164368589204641, 0.016605010929880613, 0.0, 0.016605010929880613, 0.01908525306877417], [0.007566840423743064, 0.00630570035311922, 0.00765091642845132, 0.008281486463763242, 0.009038170506137548, 0.00924836051790819, 0.00924836051790819, 0.012527324701530184, 0.011644526652093493, 0.015385908861610896, 0.014671262821590718, 0.016605010929880613, 0.0, 0.02299478728770809], [0.00676811837901463, 0.00718849840255591, 0.00676811837901463, 0.008323524466117371, 0.008155372456700857, 0.00853371447788801, 0.00924836051790819, 0.011938792668572389, 0.013241970741550362, 0.016478896922818228, 0.015091642845132, 0.01908525306877417, 0.02299478728770809, 0.0]], "sysname": ["SOURCE", "UFC", "IITB", "SJTU", "IPN", "RAC", "PKU", "AMU", "UMC", "NTHU", "POST", "CUUI", "NUCLEA", "CAMB"]}