{"counts": [[0.0, 0.01597444089456869, 0.013115856734487978, 0.01256936270388431, 0.011602488649739364, 0.012106944677988903, 0.010509500588532034, 0.010887842609719187, 0.011812678661510005, 0.011896754666218262, 0.010299310576761393, 0.009038170506137548, 0.010467462586177905, 0.0097107785438036], [0.01597444089456869, 0.0, 0.014082730788632924, 0.013368084748612745, 0.012779552715654952, 0.01214898268034303, 0.010257272574407264, 0.011140070623843954, 0.009963006557928367, 0.01126618463090634, 0.00920632251555406, 0.008870018496721036, 0.009752816546157726, 0.009963006557928367], [0.013115856734487978, 0.014082730788632924, 0.0, 0.011392298637968723, 0.012905666722717337, 0.010971918614427442, 0.010929880612073315, 0.011518412645031109, 0.00992096855557424, 0.009836892550865983, 0.010005044560282495, 0.009836892550865983, 0.010593576593240289, 0.0097107785438036], [0.01256936270388431, 0.013368084748612745, 0.011392298637968723, 0.0, 0.013368084748612745, 0.011602488649739364, 0.010089120564990752, 0.010929880612073315, 0.011055994619135699, 0.010215234572053136, 0.009878930553220111, 0.010929880612073315, 0.00853371447788801, 0.010047082562636624], [0.011602488649739364, 0.012779552715654952, 0.012905666722717337, 0.013368084748612745, 0.0, 0.011518412645031109, 0.00945855052967883, 0.012022868673280646, 0.011140070623843954, 0.010173196569699007, 0.00945855052967883, 0.009332436522616444, 0.009794854548511854, 0.010467462586177905], [0.012106944677988903, 0.01214898268034303, 0.010971918614427442, 0.011602488649739364, 0.011518412645031109, 0.0, 0.011560450647385236, 0.010425424583823777, 0.012863628720363209, 0.010089120564990752, 0.009038170506137548, 0.011055994619135699, 0.010005044560282495, 0.010383386581469648], [0.010509500588532034, 0.010257272574407264, 0.010929880612073315, 0.010089120564990752, 0.00945855052967883, 0.011560450647385236, 0.0, 0.012191020682697158, 0.01214898268034303, 0.011308222633260468, 0.010719690600302674, 0.011140070623843954, 0.01101395661678157, 0.010761728602656801], [0.010887842609719187, 0.011140070623843954, 0.011518412645031109, 0.010929880612073315, 0.012022868673280646, 0.010425424583823777, 0.012191020682697158, 0.0, 0.010887842609719187, 0.011560450647385236, 0.010929880612073315, 0.009542626534387085, 0.01055153859088616, 0.009752816546157726], [0.011812678661510005, 0.009963006557928367, 0.00992096855557424, 0.011055994619135699, 0.011140070623843954, 0.012863628720363209, 0.01214898268034303, 0.010887842609719187, 0.0, 0.010257272574407264, 0.01101395661678157, 0.010593576593240289, 0.0097107785438036, 0.010845804607365058], [0.011896754666218262, 0.01126618463090634, 0.009836892550865983, 0.010215234572053136, 0.010173196569699007, 0.010089120564990752, 0.011308222633260468, 0.011560450647385236, 0.010257272574407264, 0.0, 0.010467462586177905, 0.011602488649739364, 0.010719690600302674, 0.010929880612073315], [0.010299310576761393, 0.00920632251555406, 0.010005044560282495, 0.009878930553220111, 0.00945855052967883, 0.009038170506137548, 0.010719690600302674, 0.010929880612073315, 0.01101395661678157, 0.010467462586177905, 0.0, 0.013199932739196233, 0.01235917269211367, 0.012317134689759543], [0.009038170506137548, 0.008870018496721036, 0.009836892550865983, 0.010929880612073315, 0.009332436522616444, 0.011055994619135699, 0.011140070623843954, 0.009542626534387085, 0.010593576593240289, 0.011602488649739364, 0.013199932739196233, 0.0, 0.012275096687405415, 0.012317134689759543], [0.010467462586177905, 0.009752816546157726, 0.010593576593240289, 0.00853371447788801, 0.009794854548511854, 0.010005044560282495, 0.01101395661678157, 0.01055153859088616, 0.0097107785438036, 0.010719690600302674, 0.01235917269211367, 0.012275096687405415, 0.0, 0.01303178072977972], [0.0097107785438036, 0.009963006557928367, 0.0097107785438036, 0.010047082562636624, 0.010467462586177905, 0.010383386581469648, 0.010761728602656801, 0.009752816546157726, 0.010845804607365058, 0.010929880612073315, 0.012317134689759543, 0.012317134689759543, 0.01303178072977972, 0.0]], "sysname": ["NUCLEA", "CAMB", "CUUI", "AMU", "POST", "NTHU", "PKU", "UMC", "RAC", "SJTU", "UFC", "IITB", "SOURCE", "IPN"]}