{"sysname": ["NUCLEA", "CAMB", "CUUI", "AMU", "POST", "NTHU", "RAC", "UMC", "PKU", "SJTU", "IITB", "UFC", "IPN", "SOURCE"], "counts": [[0.0, 0.016563819421890225, 0.013316011692107827, 0.012341669373173108, 0.011962758471365163, 0.01342427194976724, 0.010609505250622497, 0.012233409115513695, 0.010122334091155137, 0.009851683447006604, 0.01071776550828191, 0.008714950741582765, 0.01071776550828191, 0.009310382158709538], [0.016563819421890225, 0.0, 0.015318826458806972, 0.011962758471365163, 0.011313196925408683, 0.011800368084876042, 0.011150806538919563, 0.01071776550828191, 0.010447114864133376, 0.010122334091155137, 0.010014073833495724, 0.008823210999242178, 0.01006820396232543, 0.00990581357583631], [0.013316011692107827, 0.015318826458806972, 0.0, 0.012125148857854281, 0.011908628342535456, 0.011637977698386922, 0.011692107827216629, 0.012449929630832522, 0.010988416152430442, 0.009797553318176897, 0.009039731514561005, 0.008823210999242178, 0.009472772545198658, 0.008931471256901592], [0.012341669373173108, 0.011962758471365163, 0.012125148857854281, 0.0, 0.010447114864133376, 0.012287539244343402, 0.010501244992963083, 0.013045361047959295, 0.010771895637111617, 0.010176464219984844, 0.010122334091155137, 0.009202121901050124, 0.01071776550828191, 0.010014073833495724], [0.011962758471365163, 0.011313196925408683, 0.011908628342535456, 0.010447114864133376, 0.0, 0.01407383349572372, 0.011583847569557215, 0.010934286023600736, 0.012125148857854281, 0.010880155894771029, 0.009959943704666017, 0.00925625202987983, 0.010447114864133376, 0.009364512287539244], [0.01342427194976724, 0.011800368084876042, 0.011637977698386922, 0.012287539244343402, 0.01407383349572372, 0.0, 0.010122334091155137, 0.010284724477644256, 0.011800368084876042, 0.010663635379452203, 0.008823210999242178, 0.010338854606473963, 0.008173649453285699, 0.01104254628126015], [0.010609505250622497, 0.011150806538919563, 0.011692107827216629, 0.010501244992963083, 0.011583847569557215, 0.010122334091155137, 0.0, 0.011583847569557215, 0.012287539244343402, 0.010176464219984844, 0.010176464219984844, 0.011096676410089856, 0.010771895637111617, 0.010284724477644256], [0.012233409115513695, 0.01071776550828191, 0.012449929630832522, 0.013045361047959295, 0.010934286023600736, 0.010284724477644256, 0.011583847569557215, 0.0, 0.01104254628126015, 0.010284724477644256, 0.009797553318176897, 0.01055537512179279, 0.00990581357583631, 0.009364512287539244], [0.010122334091155137, 0.010447114864133376, 0.010988416152430442, 0.010771895637111617, 0.012125148857854281, 0.011800368084876042, 0.012287539244343402, 0.01104254628126015, 0.0, 0.010934286023600736, 0.01006820396232543, 0.009418642416368951, 0.010826025765941324, 0.01120493666774927], [0.009851683447006604, 0.010122334091155137, 0.009797553318176897, 0.010176464219984844, 0.010880155894771029, 0.010663635379452203, 0.010176464219984844, 0.010284724477644256, 0.010934286023600736, 0.0, 0.011962758471365163, 0.012071018729024574, 0.011096676410089856, 0.012341669373173108], [0.01071776550828191, 0.010014073833495724, 0.009039731514561005, 0.010122334091155137, 0.009959943704666017, 0.008823210999242178, 0.010176464219984844, 0.009797553318176897, 0.01006820396232543, 0.011962758471365163, 0.0, 0.0139114431092346, 0.012937100790299881, 0.011692107827216629], [0.008714950741582765, 0.008823210999242178, 0.008823210999242178, 0.009202121901050124, 0.00925625202987983, 0.010338854606473963, 0.011096676410089856, 0.01055537512179279, 0.009418642416368951, 0.012071018729024574, 0.0139114431092346, 0.0, 0.012828840532640468, 0.013478402078596947], [0.01071776550828191, 0.01006820396232543, 0.009472772545198658, 0.01071776550828191, 0.010447114864133376, 0.008173649453285699, 0.010771895637111617, 0.00990581357583631, 0.010826025765941324, 0.011096676410089856, 0.012937100790299881, 0.012828840532640468, 0.0, 0.012341669373173108], [0.009310382158709538, 0.00990581357583631, 0.008931471256901592, 0.010014073833495724, 0.009364512287539244, 0.01104254628126015, 0.010284724477644256, 0.009364512287539244, 0.01120493666774927, 0.012341669373173108, 0.011692107827216629, 0.013478402078596947, 0.012341669373173108, 0.0]]}