{"sysname": ["SOURCE", "UFC", "IITB", "SJTU", "IPN", "RAC", "PKU", "AMU", "UMC", "NTHU", "CUUI", "POST", "NUCLEA", "CAMB"], "counts": [[0.0, 0.02013640792465086, 0.017646421998484357, 0.013478402078596947, 0.012233409115513695, 0.011313196925408683, 0.008552560355093644, 0.007632348164988633, 0.0073616975208401, 0.008173649453285699, 0.006224964815416261, 0.0071451770055212735, 0.006062574428927141, 0.006116704557756847], [0.02013640792465086, 0.0, 0.01835011367327054, 0.013803182851575186, 0.013640792465086067, 0.010609505250622497, 0.010501244992963083, 0.0076864782938183395, 0.0068745263613727405, 0.007253437263180686, 0.0068745263613727405, 0.006333225073075674, 0.005034101981162715, 0.005088232109992422], [0.017646421998484357, 0.01835011367327054, 0.0, 0.01423622388221284, 0.013640792465086067, 0.010284724477644256, 0.009472772545198658, 0.00909386164339071, 0.008119519324455992, 0.006982786619032153, 0.006495615459564794, 0.006820396232543034, 0.005250622496481542, 0.006766266103713327], [0.013478402078596947, 0.013803182851575186, 0.01423622388221284, 0.0, 0.01569773736061492, 0.012341669373173108, 0.010934286023600736, 0.008606690483923351, 0.009472772545198658, 0.008336039839774819, 0.007578218036158926, 0.008390169968604526, 0.007632348164988633, 0.006658005846053913], [0.012233409115513695, 0.013640792465086067, 0.013640792465086067, 0.01569773736061492, 0.0, 0.012179278986683988, 0.012125148857854281, 0.008390169968604526, 0.009310382158709538, 0.009581032802858071, 0.008606690483923351, 0.009202121901050124, 0.008714950741582765, 0.0073616975208401], [0.011313196925408683, 0.010609505250622497, 0.010284724477644256, 0.012341669373173108, 0.012179278986683988, 0.0, 0.01488578542816932, 0.010880155894771029, 0.010934286023600736, 0.010122334091155137, 0.010663635379452203, 0.009526902674028365, 0.00974342318934719, 0.009039731514561005], [0.008552560355093644, 0.010501244992963083, 0.009472772545198658, 0.010934286023600736, 0.012125148857854281, 0.01488578542816932, 0.0, 0.012016888600194868, 0.011746237956046335, 0.011421457183068095, 0.010176464219984844, 0.010880155894771029, 0.00990581357583631, 0.011746237956046335], [0.007632348164988633, 0.0076864782938183395, 0.00909386164339071, 0.008606690483923351, 0.008390169968604526, 0.010880155894771029, 0.012016888600194868, 0.0, 0.014452744397531666, 0.014019703366894013, 0.015264696329977265, 0.012882970661470174, 0.011800368084876042, 0.012882970661470174], [0.0073616975208401, 0.0068745263613727405, 0.008119519324455992, 0.009472772545198658, 0.009310382158709538, 0.010934286023600736, 0.011746237956046335, 0.014452744397531666, 0.0, 0.013207751434448413, 0.013153621305618708, 0.014290354011042547, 0.012558189888491935, 0.014290354011042547], [0.008173649453285699, 0.007253437263180686, 0.006982786619032153, 0.008336039839774819, 0.009581032802858071, 0.010122334091155137, 0.011421457183068095, 0.014019703366894013, 0.013207751434448413, 0.0, 0.014615134784020786, 0.014290354011042547, 0.014669264912850493, 0.014939915556999025], [0.006224964815416261, 0.0068745263613727405, 0.006495615459564794, 0.007578218036158926, 0.008606690483923351, 0.010663635379452203, 0.010176464219984844, 0.015264696329977265, 0.013153621305618708, 0.014615134784020786, 0.0, 0.016996860452527875, 0.01488578542816932, 0.015751867489444626], [0.0071451770055212735, 0.006333225073075674, 0.006820396232543034, 0.008390169968604526, 0.009202121901050124, 0.009526902674028365, 0.010880155894771029, 0.012882970661470174, 0.014290354011042547, 0.014290354011042547, 0.016996860452527875, 0.0, 0.016509689293060518, 0.014615134784020786], [0.006062574428927141, 0.005034101981162715, 0.005250622496481542, 0.007632348164988633, 0.008714950741582765, 0.00974342318934719, 0.00990581357583631, 0.011800368084876042, 0.012558189888491935, 0.014669264912850493, 0.01488578542816932, 0.016509689293060518, 0.0, 0.0278228862184692], [0.006116704557756847, 0.005088232109992422, 0.006766266103713327, 0.006658005846053913, 0.0073616975208401, 0.009039731514561005, 0.011746237956046335, 0.012882970661470174, 0.014290354011042547, 0.014939915556999025, 0.015751867489444626, 0.014615134784020786, 0.0278228862184692, 0.0]]}