{"counts": [[0.0, 0.01613077839125257, 0.015318826458806972, 0.013965573238064306, 0.011908628342535456, 0.011692107827216629, 0.011096676410089856, 0.011962758471365163, 0.009959943704666017, 0.011529717440727508, 0.009526902674028365, 0.008769080870412472, 0.009202121901050124, 0.008552560355093644], [0.01613077839125257, 0.0, 0.014452744397531666, 0.014831655299339613, 0.012666450146151347, 0.011259066796578976, 0.01261232001732164, 0.010284724477644256, 0.01071776550828191, 0.010230594348814551, 0.009147991772220417, 0.010771895637111617, 0.010663635379452203, 0.010122334091155137], [0.015318826458806972, 0.014452744397531666, 0.0, 0.014182093753383133, 0.013207751434448413, 0.01071776550828191, 0.010447114864133376, 0.011259066796578976, 0.01055537512179279, 0.009689293060517483, 0.009147991772220417, 0.008227779582115406, 0.008336039839774819, 0.01104254628126015], [0.013965573238064306, 0.014831655299339613, 0.014182093753383133, 0.0, 0.010501244992963083, 0.010230594348814551, 0.010988416152430442, 0.01120493666774927, 0.010284724477644256, 0.009797553318176897, 0.009797553318176897, 0.00990581357583631, 0.009310382158709538, 0.00990581357583631], [0.011908628342535456, 0.012666450146151347, 0.013207751434448413, 0.010501244992963083, 0.0, 0.011908628342535456, 0.011421457183068095, 0.011475587311897802, 0.010176464219984844, 0.00974342318934719, 0.009797553318176897, 0.01006820396232543, 0.00974342318934719, 0.010826025765941324], [0.011692107827216629, 0.011259066796578976, 0.01071776550828191, 0.010230594348814551, 0.011908628342535456, 0.0, 0.012125148857854281, 0.01136732705423839, 0.01120493666774927, 0.010447114864133376, 0.010663635379452203, 0.00990581357583631, 0.010501244992963083, 0.010826025765941324], [0.011096676410089856, 0.01261232001732164, 0.010447114864133376, 0.010988416152430442, 0.011421457183068095, 0.012125148857854281, 0.0, 0.011746237956046335, 0.013532532207426654, 0.01071776550828191, 0.010284724477644256, 0.01039298473530367, 0.010176464219984844, 0.011637977698386922], [0.011962758471365163, 0.010284724477644256, 0.011259066796578976, 0.01120493666774927, 0.011475587311897802, 0.01136732705423839, 0.011746237956046335, 0.0, 0.012287539244343402, 0.01104254628126015, 0.01104254628126015, 0.011475587311897802, 0.01071776550828191, 0.010771895637111617], [0.009959943704666017, 0.01071776550828191, 0.01055537512179279, 0.010284724477644256, 0.010176464219984844, 0.01120493666774927, 0.013532532207426654, 0.012287539244343402, 0.0, 0.010771895637111617, 0.010663635379452203, 0.011475587311897802, 0.010771895637111617, 0.01104254628126015], [0.011529717440727508, 0.010230594348814551, 0.009689293060517483, 0.009797553318176897, 0.00974342318934719, 0.010447114864133376, 0.01071776550828191, 0.01104254628126015, 0.010771895637111617, 0.0, 0.011475587311897802, 0.01136732705423839, 0.010122334091155137, 0.010284724477644256], [0.009526902674028365, 0.009147991772220417, 0.009147991772220417, 0.009797553318176897, 0.009797553318176897, 0.010663635379452203, 0.010284724477644256, 0.01104254628126015, 0.010663635379452203, 0.011475587311897802, 0.0, 0.01039298473530367, 0.010988416152430442, 0.01136732705423839], [0.008769080870412472, 0.010771895637111617, 0.008227779582115406, 0.00990581357583631, 0.01006820396232543, 0.00990581357583631, 0.01039298473530367, 0.011475587311897802, 0.011475587311897802, 0.01136732705423839, 0.01039298473530367, 0.0, 0.010988416152430442, 0.011150806538919563], [0.009202121901050124, 0.010663635379452203, 0.008336039839774819, 0.009310382158709538, 0.00974342318934719, 0.010501244992963083, 0.010176464219984844, 0.01071776550828191, 0.010771895637111617, 0.010122334091155137, 0.010988416152430442, 0.010988416152430442, 0.0, 0.012991230919129588], [0.008552560355093644, 0.010122334091155137, 0.01104254628126015, 0.00990581357583631, 0.010826025765941324, 0.010826025765941324, 0.011637977698386922, 0.010771895637111617, 0.01104254628126015, 0.010284724477644256, 0.01136732705423839, 0.011150806538919563, 0.012991230919129588, 0.0]], "sysname": ["NUCLEA", "CAMB", "CUUI", "AMU", "PKU", "RAC", "POST", "NTHU", "UMC", "SJTU", "UFC", "SOURCE", "IITB", "IPN"]}