{"counts": [[0.0, 0.01951505506930776, 0.01754679844214582, 0.013275262783198627, 0.013149629381464885, 0.010595083546212154, 0.009380627329452657, 0.008166171112693162, 0.007035470497089493, 0.00745424850286863, 0.006323547887264961, 0.00711922609824532, 0.00619791448553122, 0.006072281083797479], [0.01951505506930776, 0.0, 0.017379287239834163, 0.013359018384354453, 0.010971983751413375, 0.010301938942166758, 0.009380627329452657, 0.009548138531764313, 0.009045604924829347, 0.006365425687842875, 0.006365425687842875, 0.006491059089576616, 0.007244859499979061, 0.006993592696511579], [0.01754679844214582, 0.017379287239834163, 0.0, 0.01390342979186733, 0.012144562167594958, 0.009673771933498053, 0.010595083546212154, 0.008794338121361866, 0.007161103898823234, 0.007328615101134889, 0.007370492901712802, 0.007202981699401147, 0.007077348297667406, 0.006909837095355752], [0.013275262783198627, 0.013359018384354453, 0.01390342979186733, 0.0, 0.013065873780309057, 0.011977050965283304, 0.011642028560659995, 0.009506260731186399, 0.009129360525985175, 0.008417437916160644, 0.007873026508647766, 0.009129360525985175, 0.00804053771095942, 0.007998659910381506], [0.013149629381464885, 0.010971983751413375, 0.012144562167594958, 0.013065873780309057, 0.0, 0.012982118179153231, 0.011851417563549562, 0.009925038736965534, 0.010636961346790066, 0.008878093722517693, 0.009129360525985175, 0.009213116127141003, 0.008626826919050212, 0.010301938942166758], [0.010595083546212154, 0.010301938942166758, 0.009673771933498053, 0.011977050965283304, 0.012982118179153231, 0.0, 0.014029063193601072, 0.012270195569328698, 0.012898362577997403, 0.009213116127141003, 0.00988316093638762, 0.008584949118472298, 0.009841283135809707, 0.00942250513003057], [0.009380627329452657, 0.009380627329452657, 0.010595083546212154, 0.011642028560659995, 0.011851417563549562, 0.014029063193601072, 0.0, 0.012940240378575317, 0.012898362577997403, 0.01088822815025755, 0.009590016332342225, 0.009673771933498053, 0.009715649734075966, 0.009966916537543448], [0.008166171112693162, 0.009548138531764313, 0.008794338121361866, 0.009506260731186399, 0.009925038736965534, 0.012270195569328698, 0.012940240378575317, 0.0, 0.014070940994178986, 0.012270195569328698, 0.011977050965283304, 0.012437706771640354, 0.01055320574563424, 0.012102684367017044], [0.007035470497089493, 0.009045604924829347, 0.007161103898823234, 0.009129360525985175, 0.010636961346790066, 0.012898362577997403, 0.012898362577997403, 0.014070940994178986, 0.0, 0.013233384982620713, 0.013610285187821935, 0.012772729176263663, 0.011516395158926253, 0.011265128355458771], [0.00745424850286863, 0.006365425687842875, 0.007328615101134889, 0.008417437916160644, 0.008878093722517693, 0.009213116127141003, 0.01088822815025755, 0.012270195569328698, 0.013233384982620713, 0.0, 0.01754679844214582, 0.014489718999958122, 0.014824741404581432, 0.016374220025964236], [0.006323547887264961, 0.006365425687842875, 0.007370492901712802, 0.007873026508647766, 0.009129360525985175, 0.00988316093638762, 0.009590016332342225, 0.011977050965283304, 0.013610285187821935, 0.01754679844214582, 0.0, 0.015704175216717617, 0.01675112023116546, 0.01675112023116546], [0.00711922609824532, 0.006491059089576616, 0.007202981699401147, 0.009129360525985175, 0.009213116127141003, 0.008584949118472298, 0.009673771933498053, 0.012437706771640354, 0.012772729176263663, 0.014489718999958122, 0.015704175216717617, 0.0, 0.018091209849658695, 0.01675112023116546], [0.00619791448553122, 0.007244859499979061, 0.007077348297667406, 0.00804053771095942, 0.008626826919050212, 0.009841283135809707, 0.009715649734075966, 0.01055320574563424, 0.011516395158926253, 0.014824741404581432, 0.01675112023116546, 0.018091209849658695, 0.0, 0.0233259349218979], [0.006072281083797479, 0.006993592696511579, 0.006909837095355752, 0.007998659910381506, 0.010301938942166758, 0.00942250513003057, 0.009966916537543448, 0.012102684367017044, 0.011265128355458771, 0.016374220025964236, 0.01675112023116546, 0.01675112023116546, 0.0233259349218979, 0.0]], "sysname": ["SOURCE", "UFC", "IITB", "SJTU", "IPN", "RAC", "PKU", "AMU", "UMC", "NTHU", "POST", "CUUI", "NUCLEA", "CAMB"]}