{"counts": [[0.0, 0.018118379014629225, 0.018118379014629225, 0.01349419875567513, 0.012485286699176056, 0.009794854548511854, 0.010215234572053136, 0.008449638473179755, 0.008281486463763242, 0.006810156381368757, 0.006473852362535732, 0.008029258449638473, 0.005506978308390785, 0.0065999663695981165], [0.018118379014629225, 0.0, 0.01803430300992097, 0.013241970741550362, 0.010929880612073315, 0.009794854548511854, 0.010635614595594417, 0.008659828484950395, 0.008617790482596267, 0.007734992433159576, 0.006852194383722886, 0.0069783083907852695, 0.006347738355473348, 0.006936270388431142], [0.018118379014629225, 0.01803430300992097, 0.0, 0.013326046746258619, 0.01303178072977972, 0.009963006557928367, 0.008870018496721036, 0.00878594249201278, 0.00853371447788801, 0.008407600470825626, 0.007398688414326551, 0.006642004371952245, 0.006011434336640323, 0.0062216243484109635], [0.01349419875567513, 0.013241970741550362, 0.013326046746258619, 0.0, 0.013241970741550362, 0.01147637464267698, 0.011938792668572389, 0.009332436522616444, 0.00945855052967883, 0.009122246510845805, 0.008575752480242138, 0.007524802421388936, 0.008029258449638473, 0.00853371447788801], [0.012485286699176056, 0.010929880612073315, 0.01303178072977972, 0.013241970741550362, 0.0, 0.014797376828653102, 0.012191020682697158, 0.009290398520262318, 0.010173196569699007, 0.009542626534387085, 0.008701866487304524, 0.008407600470825626, 0.009080208508491677, 0.008281486463763242], [0.009794854548511854, 0.009794854548511854, 0.009963006557928367, 0.01147637464267698, 0.014797376828653102, 0.0, 0.013788464772154027, 0.011224146628552211, 0.011224146628552211, 0.009752816546157726, 0.00992096855557424, 0.0097107785438036, 0.009878930553220111, 0.009416512527324701], [0.010215234572053136, 0.010635614595594417, 0.008870018496721036, 0.011938792668572389, 0.012191020682697158, 0.013788464772154027, 0.0, 0.012317134689759543, 0.011140070623843954, 0.010971918614427442, 0.011055994619135699, 0.009836892550865983, 0.009794854548511854, 0.010173196569699007], [0.008449638473179755, 0.008659828484950395, 0.00878594249201278, 0.009332436522616444, 0.009290398520262318, 0.011224146628552211, 0.012317134689759543, 0.0, 0.015049604842777871, 0.01349419875567513, 0.012022868673280646, 0.01214898268034303, 0.01214898268034303, 0.012275096687405415], [0.008281486463763242, 0.008617790482596267, 0.00853371447788801, 0.00945855052967883, 0.010173196569699007, 0.011224146628552211, 0.011140070623843954, 0.015049604842777871, 0.0, 0.01214898268034303, 0.012022868673280646, 0.013157894736842105, 0.012317134689759543, 0.01349419875567513], [0.006810156381368757, 0.007734992433159576, 0.008407600470825626, 0.009122246510845805, 0.009542626534387085, 0.009752816546157726, 0.010971918614427442, 0.01349419875567513, 0.01214898268034303, 0.0, 0.014965528838069614, 0.015091642845132, 0.014461072809820077, 0.015259794854548512], [0.006473852362535732, 0.006852194383722886, 0.007398688414326551, 0.008575752480242138, 0.008701866487304524, 0.00992096855557424, 0.011055994619135699, 0.012022868673280646, 0.012022868673280646, 0.014965528838069614, 0.0, 0.017025390953421895, 0.01706742895577602, 0.016773162939297124], [0.008029258449638473, 0.0069783083907852695, 0.006642004371952245, 0.007524802421388936, 0.008407600470825626, 0.0097107785438036, 0.009836892550865983, 0.01214898268034303, 0.013157894736842105, 0.015091642845132, 0.017025390953421895, 0.0, 0.016773162939297124, 0.01622666890869346], [0.005506978308390785, 0.006347738355473348, 0.006011434336640323, 0.008029258449638473, 0.009080208508491677, 0.009878930553220111, 0.009794854548511854, 0.01214898268034303, 0.012317134689759543, 0.014461072809820077, 0.01706742895577602, 0.016773162939297124, 0.0, 0.023835547334790652], [0.0065999663695981165, 0.006936270388431142, 0.0062216243484109635, 0.00853371447788801, 0.008281486463763242, 0.009416512527324701, 0.010173196569699007, 0.012275096687405415, 0.01349419875567513, 0.015259794854548512, 0.016773162939297124, 0.01622666890869346, 0.023835547334790652, 0.0]], "sysname": ["SOURCE", "UFC", "IITB", "SJTU", "IPN", "RAC", "PKU", "AMU", "UMC", "NTHU", "POST", "CUUI", "NUCLEA", "CAMB"]}