{"counts": [[0.0, 0.02109076793685709, 0.010351297146923724, 0.008733906967716892, 0.00989842789674581, 0.008345733324707252, 0.008798602574885165, 0.009380863039399626, 0.009122080610726531, 0.007957559681697613, 0.007439994824351427, 0.00711651678851006, 0.0073752992171831535, 0.007957559681697613, 0.007181212395678333], [0.02109076793685709, 0.0, 0.01048068836126027, 0.010739470789933363, 0.009963123503914085, 0.008539820146212072, 0.009574949860904444, 0.008086950896034159, 0.008927993789221713, 0.007957559681697613, 0.009122080610726531, 0.008022255288865887, 0.005693213430808048, 0.008086950896034159, 0.006987125574173514], [0.010351297146923724, 0.01048068836126027, 0.0, 0.009833732289577537, 0.012421556576308468, 0.010027819111082357, 0.009445558646567898, 0.009186776217894805, 0.008604515753380346, 0.00828103771753898, 0.008669211360548618, 0.0084751245390438, 0.008669211360548618, 0.008410428931875526, 0.008216342110370705], [0.008733906967716892, 0.010739470789933363, 0.009833732289577537, 0.0, 0.010027819111082357, 0.009963123503914085, 0.009380863039399626, 0.010157210325418903, 0.009251471825063078, 0.009510254253736172, 0.009963123503914085, 0.008216342110370705, 0.00828103771753898, 0.009186776217894805, 0.00731060361001488], [0.00989842789674581, 0.009963123503914085, 0.012421556576308468, 0.010027819111082357, 0.0, 0.010610079575596816, 0.010157210325418903, 0.008345733324707252, 0.009510254253736172, 0.00970434107524099, 0.0073752992171831535, 0.007439994824351427, 0.008604515753380346, 0.007957559681697613, 0.008539820146212072], [0.008345733324707252, 0.008539820146212072, 0.010027819111082357, 0.009963123503914085, 0.010610079575596816, 0.0, 0.010351297146923724, 0.010804166397101637, 0.010092514718250631, 0.008410428931875526, 0.010545383968428544, 0.009057385003558259, 0.007181212395678333, 0.008151646503202433, 0.010998253218606457], [0.008798602574885165, 0.009574949860904444, 0.009445558646567898, 0.009380863039399626, 0.010157210325418903, 0.010351297146923724, 0.0, 0.008733906967716892, 0.008669211360548618, 0.008216342110370705, 0.008798602574885165, 0.007245908002846606, 0.010545383968428544, 0.007763472860192793, 0.009380863039399626], [0.009380863039399626, 0.008086950896034159, 0.009186776217894805, 0.010157210325418903, 0.008345733324707252, 0.010804166397101637, 0.008733906967716892, 0.0, 0.009251471825063078, 0.009445558646567898, 0.0084751245390438, 0.009057385003558259, 0.009963123503914085, 0.0084751245390438, 0.008410428931875526], [0.009122080610726531, 0.008927993789221713, 0.008604515753380346, 0.009251471825063078, 0.009510254253736172, 0.010092514718250631, 0.008669211360548618, 0.009251471825063078, 0.0, 0.011386426861616096, 0.010221905932587178, 0.00828103771753898, 0.009445558646567898, 0.009639645468072718, 0.009380863039399626], [0.007957559681697613, 0.007957559681697613, 0.00828103771753898, 0.009510254253736172, 0.00970434107524099, 0.008410428931875526, 0.008216342110370705, 0.009445558646567898, 0.011386426861616096, 0.0, 0.01125703564727955, 0.011839296111794009, 0.010739470789933363, 0.009574949860904444, 0.01028660153975545], [0.007439994824351427, 0.009122080610726531, 0.008669211360548618, 0.009963123503914085, 0.0073752992171831535, 0.010545383968428544, 0.008798602574885165, 0.0084751245390438, 0.010221905932587178, 0.01125703564727955, 0.0, 0.012809730219318109, 0.010415992754091998, 0.009251471825063078, 0.010092514718250631], [0.00711651678851006, 0.008022255288865887, 0.0084751245390438, 0.008216342110370705, 0.007439994824351427, 0.009057385003558259, 0.007245908002846606, 0.009057385003558259, 0.00828103771753898, 0.011839296111794009, 0.012809730219318109, 0.0, 0.013715468719673935, 0.011645209290289189, 0.013068512647991202], [0.0073752992171831535, 0.005693213430808048, 0.008669211360548618, 0.00828103771753898, 0.008604515753380346, 0.007181212395678333, 0.010545383968428544, 0.009963123503914085, 0.009445558646567898, 0.010739470789933363, 0.010415992754091998, 0.013715468719673935, 0.0, 0.014944685255871126, 0.01442712039852494], [0.007957559681697613, 0.008086950896034159, 0.008410428931875526, 0.009186776217894805, 0.007957559681697613, 0.008151646503202433, 0.007763472860192793, 0.0084751245390438, 0.009639645468072718, 0.009574949860904444, 0.009251471825063078, 0.011645209290289189, 0.014944685255871126, 0.0, 0.016885553470919325], [0.007181212395678333, 0.006987125574173514, 0.008216342110370705, 0.00731060361001488, 0.008539820146212072, 0.010998253218606457, 0.009380863039399626, 0.008410428931875526, 0.009380863039399626, 0.01028660153975545, 0.010092514718250631, 0.013068512647991202, 0.01442712039852494, 0.016885553470919325, 0.0]], "sysname": ["IITB", "SJTU", "PKU", "RAC", "IPN", "AMU", "src", "UFC", "JMGR", "UMC", "NTHU", "CUUI", "NUCLEA", "POST", "CAMB"]}