{"counts": [[0.0, 0.018538759038170507, 0.016815200941651252, 0.014082730788632924, 0.010887842609719187, 0.010761728602656801, 0.010677652597948546, 0.009038170506137548, 0.008239448461409114, 0.0074407264166806795, 0.00651589036488986, 0.00676811837901463, 0.0062216243484109635, 0.0062216243484109635], [0.018538759038170507, 0.0, 0.017866151000504454, 0.01303178072977972, 0.01172860265680175, 0.0097107785438036, 0.009164284513199932, 0.00878594249201278, 0.008281486463763242, 0.008197410459054985, 0.006389776357827476, 0.007987220447284345, 0.006011434336640323, 0.006810156381368757], [0.016815200941651252, 0.017866151000504454, 0.0, 0.01307381873213385, 0.011602488649739364, 0.011098032621489827, 0.010719690600302674, 0.008197410459054985, 0.008281486463763242, 0.008239448461409114, 0.00630570035311922, 0.007566840423743064, 0.007314612409618295, 0.006642004371952245], [0.014082730788632924, 0.01303178072977972, 0.01307381873213385, 0.0, 0.014671262821590718, 0.011308222633260468, 0.011140070623843954, 0.010509500588532034, 0.00874390448965865, 0.008827980494366908, 0.008870018496721036, 0.006684042374306373, 0.008197410459054985, 0.008197410459054985], [0.010887842609719187, 0.01172860265680175, 0.011602488649739364, 0.014671262821590718, 0.0, 0.01353623675802926, 0.01303178072977972, 0.010845804607365058, 0.010845804607365058, 0.00878594249201278, 0.009416512527324701, 0.008029258449638473, 0.007566840423743064, 0.009122246510845805], [0.010761728602656801, 0.0097107785438036, 0.011098032621489827, 0.011308222633260468, 0.01353623675802926, 0.0, 0.01328400874390449, 0.010971918614427442, 0.011098032621489827, 0.01055153859088616, 0.010509500588532034, 0.009500588532032958, 0.008701866487304524, 0.010215234572053136], [0.010677652597948546, 0.009164284513199932, 0.010719690600302674, 0.011140070623843954, 0.01303178072977972, 0.01328400874390449, 0.0, 0.01172860265680175, 0.012401210694467799, 0.010971918614427442, 0.009374474524970573, 0.010593576593240289, 0.009038170506137548, 0.011098032621489827], [0.009038170506137548, 0.00878594249201278, 0.008197410459054985, 0.010509500588532034, 0.010845804607365058, 0.010971918614427442, 0.01172860265680175, 0.0, 0.013620312762737515, 0.012527324701530184, 0.01214898268034303, 0.01256936270388431, 0.010887842609719187, 0.01261140070623844], [0.008239448461409114, 0.008281486463763242, 0.008281486463763242, 0.00874390448965865, 0.010845804607365058, 0.011098032621489827, 0.012401210694467799, 0.013620312762737515, 0.0, 0.012947704725071464, 0.011308222633260468, 0.013746426769799898, 0.014545148814528334, 0.011938792668572389], [0.0074407264166806795, 0.008197410459054985, 0.008239448461409114, 0.008827980494366908, 0.00878594249201278, 0.01055153859088616, 0.010971918614427442, 0.012527324701530184, 0.012947704725071464, 0.0, 0.015469984866319153, 0.014587186816882461, 0.014461072809820077, 0.014082730788632924], [0.00651589036488986, 0.006389776357827476, 0.00630570035311922, 0.008870018496721036, 0.009416512527324701, 0.010509500588532034, 0.009374474524970573, 0.01214898268034303, 0.011308222633260468, 0.015469984866319153, 0.0, 0.017025390953421895, 0.018370607028753993, 0.016773162939297124], [0.00676811837901463, 0.007987220447284345, 0.007566840423743064, 0.006684042374306373, 0.008029258449638473, 0.009500588532032958, 0.010593576593240289, 0.01256936270388431, 0.013746426769799898, 0.014587186816882461, 0.017025390953421895, 0.0, 0.016352782915755842, 0.016773162939297124], [0.0062216243484109635, 0.006011434336640323, 0.007314612409618295, 0.008197410459054985, 0.007566840423743064, 0.008701866487304524, 0.009038170506137548, 0.010887842609719187, 0.014545148814528334, 0.014461072809820077, 0.018370607028753993, 0.016352782915755842, 0.0, 0.023667395325374138], [0.0062216243484109635, 0.006810156381368757, 0.006642004371952245, 0.008197410459054985, 0.009122246510845805, 0.010215234572053136, 0.011098032621489827, 0.01261140070623844, 0.011938792668572389, 0.014082730788632924, 0.016773162939297124, 0.016773162939297124, 0.023667395325374138, 0.0]], "sysname": ["SOURCE", "UFC", "IITB", "SJTU", "IPN", "RAC", "PKU", "AMU", "UMC", "NTHU", "POST", "CUUI", "NUCLEA", "CAMB"]}