{"sysname": ["SOURCE", "UFC", "IITB", "SJTU", "IPN", "RAC", "PKU", "AMU", "UMC", "NTHU", "POST", "CUUI", "NUCLEA", "CAMB"], "counts": [[0.0, 0.01892876586121697, 0.017630554043301647, 0.012353951170484526, 0.011390761757192513, 0.010636961346790066, 0.009171238326563089, 0.008752460320783952, 0.007161103898823234, 0.008584949118472298, 0.007370492901712802, 0.006951714895933665, 0.006909837095355752, 0.006784203693622011], [0.01892876586121697, 0.0, 0.01721177603752251, 0.01285648477741949, 0.01206080656643913, 0.010971983751413375, 0.009548138531764313, 0.008459315716738558, 0.009506260731186399, 0.007496126303446543, 0.005904769881485824, 0.006156036684953306, 0.007202981699401147, 0.006323547887264961], [0.017630554043301647, 0.01721177603752251, 0.0, 0.014489718999958122, 0.01088822815025755, 0.009631894132920139, 0.010343816742744672, 0.008919971523095607, 0.008459315716738558, 0.007998659910381506, 0.005946647682063738, 0.007831148708069852, 0.006239792286109134, 0.00791490430922568], [0.012353951170484526, 0.01285648477741949, 0.014489718999958122, 0.0, 0.014447841199380208, 0.01160015076008208, 0.012353951170484526, 0.009925038736965534, 0.009673771933498053, 0.008919971523095607, 0.008166171112693162, 0.006993592696511579, 0.006993592696511579, 0.008208048913271076], [0.011390761757192513, 0.01206080656643913, 0.01088822815025755, 0.014447841199380208, 0.0, 0.013065873780309057, 0.011977050965283304, 0.010846350349679635, 0.010469450144478412, 0.009045604924829347, 0.008919971523095607, 0.008794338121361866, 0.009254993927718917, 0.00942250513003057], [0.010636961346790066, 0.010971983751413375, 0.009631894132920139, 0.01160015076008208, 0.013065873780309057, 0.0, 0.013568407387244023, 0.010762594748523808, 0.011558272959504167, 0.009506260731186399, 0.011223250554880857, 0.010008794338121362, 0.009925038736965534, 0.009380627329452657], [0.009171238326563089, 0.009548138531764313, 0.010343816742744672, 0.012353951170484526, 0.011977050965283304, 0.013568407387244023, 0.0, 0.01239582897106244, 0.012144562167594958, 0.011432639557770427, 0.009966916537543448, 0.009631894132920139, 0.010301938942166758, 0.00988316093638762], [0.008752460320783952, 0.008459315716738558, 0.008919971523095607, 0.009925038736965534, 0.010846350349679635, 0.010762594748523808, 0.01239582897106244, 0.0, 0.015076008208048913, 0.011977050965283304, 0.012186439968172872, 0.01273085137568575, 0.011474517358348339, 0.012144562167594958], [0.007161103898823234, 0.009506260731186399, 0.008459315716738558, 0.009673771933498053, 0.010469450144478412, 0.011558272959504167, 0.012144562167594958, 0.015076008208048913, 0.0, 0.012605217973952008, 0.013484651786088195, 0.01160015076008208, 0.012437706771640354, 0.011348883956614599], [0.008584949118472298, 0.007496126303446543, 0.007998659910381506, 0.008919971523095607, 0.009045604924829347, 0.009506260731186399, 0.011432639557770427, 0.011977050965283304, 0.012605217973952008, 0.0, 0.01469910800284769, 0.015159763809204741, 0.012898362577997403, 0.016332342225386324], [0.007370492901712802, 0.005904769881485824, 0.005946647682063738, 0.008166171112693162, 0.008919971523095607, 0.011223250554880857, 0.009966916537543448, 0.012186439968172872, 0.013484651786088195, 0.01469910800284769, 0.0, 0.017839943046191215, 0.01641609782654215, 0.016332342225386324], [0.006951714895933665, 0.006156036684953306, 0.007831148708069852, 0.006993592696511579, 0.008794338121361866, 0.010008794338121362, 0.009631894132920139, 0.01273085137568575, 0.01160015076008208, 0.015159763809204741, 0.017839943046191215, 0.0, 0.01733740943925625, 0.016541731228275892], [0.006909837095355752, 0.007202981699401147, 0.006239792286109134, 0.006993592696511579, 0.009254993927718917, 0.009925038736965534, 0.010301938942166758, 0.011474517358348339, 0.012437706771640354, 0.012898362577997403, 0.01641609782654215, 0.01733740943925625, 0.0, 0.023619079525943297], [0.006784203693622011, 0.006323547887264961, 0.00791490430922568, 0.008208048913271076, 0.00942250513003057, 0.009380627329452657, 0.00988316093638762, 0.012144562167594958, 0.011348883956614599, 0.016332342225386324, 0.016332342225386324, 0.016541731228275892, 0.023619079525943297, 0.0]]}