{"counts": [[0.0, 0.018202455019337482, 0.017403732974609048, 0.012863628720363209, 0.01303178072977972, 0.010635614595594417, 0.010173196569699007, 0.008491676475533883, 0.007734992433159576, 0.0069783083907852695, 0.006894232386077013, 0.006642004371952245, 0.006726080376660501, 0.006684042374306373], [0.018202455019337482, 0.0, 0.01895913906171179, 0.012779552715654952, 0.010467462586177905, 0.011560450647385236, 0.009794854548511854, 0.008449638473179755, 0.008407600470825626, 0.007272574407264167, 0.006011434336640323, 0.007314612409618295, 0.006263662350765092, 0.007146460400201783], [0.017403732974609048, 0.01895913906171179, 0.0, 0.01282159071800908, 0.012106944677988903, 0.00992096855557424, 0.010173196569699007, 0.008449638473179755, 0.008281486463763242, 0.007777030435513704, 0.00651589036488986, 0.0065999663695981165, 0.006347738355473348, 0.007398688414326551], [0.012863628720363209, 0.012779552715654952, 0.01282159071800908, 0.0, 0.014040692786278796, 0.013157894736842105, 0.011308222633260468, 0.010887842609719187, 0.009374474524970573, 0.008449638473179755, 0.00790314444257609, 0.008155372456700857, 0.007314612409618295, 0.00853371447788801], [0.01303178072977972, 0.010467462586177905, 0.012106944677988903, 0.014040692786278796, 0.0, 0.013452160753321002, 0.012527324701530184, 0.00966874054144947, 0.010761728602656801, 0.00966874054144947, 0.00878594249201278, 0.009122246510845805, 0.00853371447788801, 0.008323524466117371], [0.010635614595594417, 0.011560450647385236, 0.00992096855557424, 0.013157894736842105, 0.013452160753321002, 0.0, 0.01282159071800908, 0.010971918614427442, 0.012317134689759543, 0.009752816546157726, 0.010047082562636624, 0.009374474524970573, 0.008449638473179755, 0.008407600470825626], [0.010173196569699007, 0.009794854548511854, 0.010173196569699007, 0.011308222633260468, 0.012527324701530184, 0.01282159071800908, 0.0, 0.012443248696821927, 0.011854716663864133, 0.010677652597948546, 0.011140070623843954, 0.010509500588532034, 0.010467462586177905, 0.009164284513199932], [0.008491676475533883, 0.008449638473179755, 0.008449638473179755, 0.010887842609719187, 0.00966874054144947, 0.010971918614427442, 0.012443248696821927, 0.0, 0.014250882798049437, 0.013662350765091643, 0.011560450647385236, 0.011896754666218262, 0.011518412645031109, 0.012905666722717337], [0.007734992433159576, 0.008407600470825626, 0.008281486463763242, 0.009374474524970573, 0.010761728602656801, 0.012317134689759543, 0.011854716663864133, 0.014250882798049437, 0.0, 0.012191020682697158, 0.012106944677988903, 0.012737514713300825, 0.012905666722717337, 0.01256936270388431], [0.0069783083907852695, 0.007272574407264167, 0.007777030435513704, 0.008449638473179755, 0.00966874054144947, 0.009752816546157726, 0.010677652597948546, 0.013662350765091643, 0.012191020682697158, 0.0, 0.016268706911047585, 0.015049604842777871, 0.014755338826298973, 0.015133680847486128], [0.006894232386077013, 0.006011434336640323, 0.00651589036488986, 0.00790314444257609, 0.00878594249201278, 0.010047082562636624, 0.011140070623843954, 0.011560450647385236, 0.012106944677988903, 0.016268706911047585, 0.0, 0.016983352951067766, 0.017403732974609048, 0.01597444089456869], [0.006642004371952245, 0.007314612409618295, 0.0065999663695981165, 0.008155372456700857, 0.009122246510845805, 0.009374474524970573, 0.010509500588532034, 0.011896754666218262, 0.012737514713300825, 0.015049604842777871, 0.016983352951067766, 0.0, 0.0164368589204641, 0.01752984698167143], [0.006726080376660501, 0.006263662350765092, 0.006347738355473348, 0.007314612409618295, 0.00853371447788801, 0.008449638473179755, 0.010467462586177905, 0.011518412645031109, 0.012905666722717337, 0.014755338826298973, 0.017403732974609048, 0.0164368589204641, 0.0, 0.0245081553724567], [0.006684042374306373, 0.007146460400201783, 0.007398688414326551, 0.00853371447788801, 0.008323524466117371, 0.008407600470825626, 0.009164284513199932, 0.012905666722717337, 0.01256936270388431, 0.015133680847486128, 0.01597444089456869, 0.01752984698167143, 0.0245081553724567, 0.0]], "sysname": ["SOURCE", "UFC", "IITB", "SJTU", "IPN", "RAC", "PKU", "AMU", "UMC", "NTHU", "POST", "CUUI", "NUCLEA", "CAMB"]}