{"counts": [[0.0, 0.020443811865174355, 0.011321731254447824, 0.009833732289577537, 0.008992689396389985, 0.0084751245390438, 0.009186776217894805, 0.008798602574885165, 0.009963123503914085, 0.008669211360548618, 0.008410428931875526, 0.007634081645856246, 0.006987125574173514, 0.006663647538332147, 0.006146082680985961], [0.020443811865174355, 0.0, 0.01067477518276509, 0.011515818075952642, 0.010157210325418903, 0.008733906967716892, 0.008669211360548618, 0.008798602574885165, 0.009380863039399626, 0.008151646503202433, 0.008604515753380346, 0.007957559681697613, 0.006857734359836967, 0.00672834314550042, 0.006663647538332147], [0.011321731254447824, 0.01067477518276509, 0.0, 0.01106294882577473, 0.009639645468072718, 0.009574949860904444, 0.008216342110370705, 0.008022255288865887, 0.009510254253736172, 0.008733906967716892, 0.008798602574885165, 0.00989842789674581, 0.009510254253736172, 0.007698777253024519, 0.009380863039399626], [0.009833732289577537, 0.011515818075952642, 0.01106294882577473, 0.0, 0.01145112246878437, 0.008345733324707252, 0.008410428931875526, 0.008798602574885165, 0.010221905932587178, 0.008798602574885165, 0.008669211360548618, 0.007569386038687973, 0.007634081645856246, 0.009057385003558259, 0.009380863039399626], [0.008992689396389985, 0.010157210325418903, 0.009639645468072718, 0.01145112246878437, 0.0, 0.010998253218606457, 0.008863298182053439, 0.008669211360548618, 0.008345733324707252, 0.009186776217894805, 0.009057385003558259, 0.009057385003558259, 0.008669211360548618, 0.007763472860192793, 0.009316167432231352], [0.0084751245390438, 0.008733906967716892, 0.009574949860904444, 0.008345733324707252, 0.010998253218606457, 0.0, 0.01067477518276509, 0.008345733324707252, 0.009769036682409265, 0.010351297146923724, 0.00970434107524099, 0.009122080610726531, 0.009510254253736172, 0.008863298182053439, 0.009316167432231352], [0.009186776217894805, 0.008669211360548618, 0.008216342110370705, 0.008410428931875526, 0.008863298182053439, 0.01067477518276509, 0.0, 0.010027819111082357, 0.009574949860904444, 0.009122080610726531, 0.010092514718250631, 0.007051821181341787, 0.008992689396389985, 0.009574949860904444, 0.008604515753380346], [0.008798602574885165, 0.008798602574885165, 0.008022255288865887, 0.008798602574885165, 0.008669211360548618, 0.008345733324707252, 0.010027819111082357, 0.0, 0.009380863039399626, 0.009122080610726531, 0.009380863039399626, 0.008992689396389985, 0.009574949860904444, 0.009510254253736172, 0.00970434107524099], [0.009963123503914085, 0.009380863039399626, 0.009510254253736172, 0.010221905932587178, 0.008345733324707252, 0.009769036682409265, 0.009574949860904444, 0.009380863039399626, 0.0, 0.009639645468072718, 0.009122080610726531, 0.009445558646567898, 0.010351297146923724, 0.009316167432231352, 0.008669211360548618], [0.008669211360548618, 0.008151646503202433, 0.008733906967716892, 0.008798602574885165, 0.009186776217894805, 0.010351297146923724, 0.009122080610726531, 0.009122080610726531, 0.009639645468072718, 0.0, 0.011127644432943003, 0.011645209290289189, 0.010739470789933363, 0.008927993789221713, 0.010157210325418903], [0.008410428931875526, 0.008604515753380346, 0.008798602574885165, 0.008669211360548618, 0.009057385003558259, 0.00970434107524099, 0.010092514718250631, 0.009380863039399626, 0.009122080610726531, 0.011127644432943003, 0.0, 0.010351297146923724, 0.010027819111082357, 0.010933557611438183, 0.00989842789674581], [0.007634081645856246, 0.007957559681697613, 0.00989842789674581, 0.007569386038687973, 0.009057385003558259, 0.009122080610726531, 0.007051821181341787, 0.008992689396389985, 0.009445558646567898, 0.011645209290289189, 0.010351297146923724, 0.0, 0.011968687326130555, 0.011645209290289189, 0.013780164326842207], [0.006987125574173514, 0.006857734359836967, 0.009510254253736172, 0.007634081645856246, 0.008669211360548618, 0.009510254253736172, 0.008992689396389985, 0.009574949860904444, 0.010351297146923724, 0.010739470789933363, 0.010027819111082357, 0.011968687326130555, 0.0, 0.014297729184188394, 0.014168337969851848], [0.006663647538332147, 0.00672834314550042, 0.007698777253024519, 0.009057385003558259, 0.007763472860192793, 0.008863298182053439, 0.009574949860904444, 0.009510254253736172, 0.009316167432231352, 0.008927993789221713, 0.010933557611438183, 0.011645209290289189, 0.014297729184188394, 0.0, 0.016691466649414503], [0.006146082680985961, 0.006663647538332147, 0.009380863039399626, 0.009380863039399626, 0.009316167432231352, 0.009316167432231352, 0.008604515753380346, 0.00970434107524099, 0.008669211360548618, 0.010157210325418903, 0.00989842789674581, 0.013780164326842207, 0.014168337969851848, 0.016691466649414503, 0.0]], "sysname": ["IITB", "SJTU", "PKU", "RAC", "IPN", "AMU", "src", "UFC", "JMGR", "UMC", "NTHU", "CUUI", "NUCLEA", "POST", "CAMB"]}