{"counts": [[0.0, 0.01746304284098999, 0.01905439926295071, 0.013359018384354453, 0.010971983751413375, 0.010469450144478412, 0.010260061141588844, 0.00791490430922568, 0.008543071317894384, 0.006867959294777838, 0.0077055153063361114, 0.007244859499979061, 0.0066585702918882704, 0.006114158884375393], [0.01746304284098999, 0.0, 0.016709242430587544, 0.01390342979186733, 0.012647095774529922, 0.010595083546212154, 0.008668704719628125, 0.008878093722517693, 0.00883621592193978, 0.007161103898823234, 0.006909837095355752, 0.006993592696511579, 0.006909837095355752, 0.007873026508647766], [0.01905439926295071, 0.016709242430587544, 0.0, 0.01252146237279618, 0.011977050965283304, 0.01055320574563424, 0.009925038736965534, 0.008124293312115248, 0.00850119351731647, 0.007202981699401147, 0.007538004104024457, 0.006909837095355752, 0.006742325893044097, 0.006491059089576616], [0.013359018384354453, 0.01390342979186733, 0.01252146237279618, 0.0, 0.01490849700573726, 0.012353951170484526, 0.011307006156036685, 0.008626826919050212, 0.009338749528874743, 0.008208048913271076, 0.00837556011558273, 0.00804053771095942, 0.008584949118472298, 0.007998659910381506], [0.010971983751413375, 0.012647095774529922, 0.011977050965283304, 0.01490849700573726, 0.0, 0.01206080656643913, 0.012353951170484526, 0.010050672138699276, 0.010511327945056326, 0.009590016332342225, 0.007873026508647766, 0.009129360525985175, 0.009338749528874743, 0.009296871728296829], [0.010469450144478412, 0.010595083546212154, 0.01055320574563424, 0.012353951170484526, 0.01206080656643913, 0.0, 0.013987185393023158, 0.01172578416181582, 0.011851417563549562, 0.01021818334101093, 0.008543071317894384, 0.010134427739855102, 0.009213116127141003, 0.009254993927718917], [0.010260061141588844, 0.008668704719628125, 0.009925038736965534, 0.011307006156036685, 0.012353951170484526, 0.013987185393023158, 0.0, 0.012270195569328698, 0.01193517316470539, 0.011223250554880857, 0.011055739352569203, 0.00988316093638762, 0.009045604924829347, 0.011139494953725031], [0.00791490430922568, 0.008878093722517693, 0.008124293312115248, 0.008626826919050212, 0.010050672138699276, 0.01172578416181582, 0.012270195569328698, 0.0, 0.014280329997068554, 0.013610285187821935, 0.013735918589555677, 0.011474517358348339, 0.012186439968172872, 0.012353951170484526], [0.008543071317894384, 0.00883621592193978, 0.00850119351731647, 0.009338749528874743, 0.010511327945056326, 0.011851417563549562, 0.01193517316470539, 0.014280329997068554, 0.0, 0.012688973575107836, 0.012312073369906612, 0.012940240378575317, 0.011642028560659995, 0.01239582897106244], [0.006867959294777838, 0.007161103898823234, 0.007202981699401147, 0.008208048913271076, 0.009590016332342225, 0.01021818334101093, 0.011223250554880857, 0.013610285187821935, 0.012688973575107836, 0.0, 0.015871686419029273, 0.015159763809204741, 0.01423845219649064, 0.015662297416139705], [0.0077055153063361114, 0.006909837095355752, 0.007538004104024457, 0.00837556011558273, 0.007873026508647766, 0.008543071317894384, 0.011055739352569203, 0.013735918589555677, 0.012312073369906612, 0.015871686419029273, 0.0, 0.01700238703463294, 0.015787930817873445, 0.015201641609782655], [0.007244859499979061, 0.006993592696511579, 0.006909837095355752, 0.00804053771095942, 0.009129360525985175, 0.010134427739855102, 0.00988316093638762, 0.011474517358348339, 0.012940240378575317, 0.015159763809204741, 0.01700238703463294, 0.0, 0.016332342225386324, 0.01662548682943172], [0.0066585702918882704, 0.006909837095355752, 0.006742325893044097, 0.008584949118472298, 0.009338749528874743, 0.009213116127141003, 0.009045604924829347, 0.012186439968172872, 0.011642028560659995, 0.01423845219649064, 0.015787930817873445, 0.016332342225386324, 0.0, 0.02387034632941078], [0.006114158884375393, 0.007873026508647766, 0.006491059089576616, 0.007998659910381506, 0.009296871728296829, 0.009254993927718917, 0.011139494953725031, 0.012353951170484526, 0.01239582897106244, 0.015662297416139705, 0.015201641609782655, 0.01662548682943172, 0.02387034632941078, 0.0]], "sysname": ["SOURCE", "IITB", "UFC", "SJTU", "IPN", "RAC", "PKU", "AMU", "UMC", "NTHU", "POST", "CUUI", "NUCLEA", "CAMB"]}