{"sysname": ["CAMB", "NUCLEA", "POST", "CUUI", "AMU", "NTHU", "UMC", "PKU", "RAC", "IPN", "SJTU", "IITB", "UFC", "SOURCE"], "counts": [[0.0, 0.029555050341019812, 0.01645555916423081, 0.015210566201147559, 0.012071018729024574, 0.01342427194976724, 0.011150806538919563, 0.010284724477644256, 0.010663635379452203, 0.008281909710945112, 0.007199307134350979, 0.005900184042438021, 0.007524087907329219, 0.005737793655948901], [0.029555050341019812, 0.0, 0.01759229186965465, 0.013749052722745481, 0.013207751434448413, 0.010609505250622497, 0.011854498213705749, 0.011475587311897802, 0.009418642416368951, 0.008227779582115406, 0.0071451770055212735, 0.0068745263613727405, 0.005521273140630075, 0.006062574428927141], [0.01645555916423081, 0.01759229186965465, 0.0, 0.014994045685828732, 0.013694922593915774, 0.012882970661470174, 0.012071018729024574, 0.011313196925408683, 0.010609505250622497, 0.008660820612753058, 0.008660820612753058, 0.006820396232543034, 0.007578218036158926, 0.00638735520190538], [0.015210566201147559, 0.013749052722745481, 0.014994045685828732, 0.0, 0.0139114431092346, 0.013153621305618708, 0.014398614268701959, 0.013099491176789001, 0.011583847569557215, 0.008660820612753058, 0.008769080870412472, 0.006441485330735087, 0.006224964815416261, 0.007199307134350979], [0.012071018729024574, 0.013207751434448413, 0.013694922593915774, 0.0139114431092346, 0.0, 0.015318826458806972, 0.014615134784020786, 0.012449929630832522, 0.011692107827216629, 0.008281909710945112, 0.009472772545198658, 0.0071451770055212735, 0.007091046876691567, 0.007091046876691567], [0.01342427194976724, 0.010609505250622497, 0.012882970661470174, 0.013153621305618708, 0.015318826458806972, 0.0, 0.014506874526361372, 0.012937100790299881, 0.011259066796578976, 0.008390169968604526, 0.010447114864133376, 0.008985601385731299, 0.0076864782938183395, 0.008173649453285699], [0.011150806538919563, 0.011854498213705749, 0.012071018729024574, 0.014398614268701959, 0.014615134784020786, 0.014506874526361372, 0.0, 0.013207751434448413, 0.011746237956046335, 0.00990581357583631, 0.008552560355093644, 0.008444300097434233, 0.007524087907329219, 0.007253437263180686], [0.010284724477644256, 0.011475587311897802, 0.011313196925408683, 0.013099491176789001, 0.012449929630832522, 0.012937100790299881, 0.013207751434448413, 0.0, 0.013045361047959295, 0.010988416152430442, 0.010988416152430442, 0.008606690483923351, 0.008769080870412472, 0.0071451770055212735], [0.010663635379452203, 0.009418642416368951, 0.010609505250622497, 0.011583847569557215, 0.011692107827216629, 0.011259066796578976, 0.011746237956046335, 0.013045361047959295, 0.0, 0.012504059759662229, 0.01136732705423839, 0.009526902674028365, 0.009635162931687778, 0.009689293060517483], [0.008281909710945112, 0.008227779582115406, 0.008660820612753058, 0.008660820612753058, 0.008281909710945112, 0.008390169968604526, 0.00990581357583631, 0.010988416152430442, 0.012504059759662229, 0.0, 0.015210566201147559, 0.0139114431092346, 0.01407383349572372, 0.013478402078596947], [0.007199307134350979, 0.0071451770055212735, 0.008660820612753058, 0.008769080870412472, 0.009472772545198658, 0.010447114864133376, 0.008552560355093644, 0.010988416152430442, 0.01136732705423839, 0.015210566201147559, 0.0, 0.013099491176789001, 0.013803182851575186, 0.012720580274981054], [0.005900184042438021, 0.0068745263613727405, 0.006820396232543034, 0.006441485330735087, 0.0071451770055212735, 0.008985601385731299, 0.008444300097434233, 0.008606690483923351, 0.009526902674028365, 0.0139114431092346, 0.013099491176789001, 0.0, 0.017050990581357582, 0.01997401753816174], [0.007524087907329219, 0.005521273140630075, 0.007578218036158926, 0.006224964815416261, 0.007091046876691567, 0.0076864782938183395, 0.007524087907329219, 0.008769080870412472, 0.009635162931687778, 0.01407383349572372, 0.013803182851575186, 0.017050990581357582, 0.0, 0.019919887409332034], [0.005737793655948901, 0.006062574428927141, 0.00638735520190538, 0.007199307134350979, 0.007091046876691567, 0.008173649453285699, 0.007253437263180686, 0.0071451770055212735, 0.009689293060517483, 0.013478402078596947, 0.012720580274981054, 0.01997401753816174, 0.019919887409332034, 0.0]]}