{"counts": [[0.0, 0.018286531024045736, 0.016605010929880613, 0.012485286699176056, 0.011140070623843954, 0.010719690600302674, 0.010005044560282495, 0.008954094501429291, 0.008029258449638473, 0.007861106440221961, 0.007692954430805448, 0.007356650411972423, 0.006473852362535732, 0.007020346393139398], [0.018286531024045736, 0.0, 0.016268706911047585, 0.011602488649739364, 0.01172860265680175, 0.01034134857911552, 0.01034134857911552, 0.009626702539095342, 0.008912056499075165, 0.008365562468471498, 0.006726080376660501, 0.007608878426097192, 0.006473852362535732, 0.006852194383722886], [0.016605010929880613, 0.016268706911047585, 0.0, 0.011938792668572389, 0.011350260635614595, 0.012317134689759543, 0.011770640659155876, 0.009584664536741214, 0.008575752480242138, 0.007734992433159576, 0.007104422397847654, 0.006095510341348579, 0.006894232386077013, 0.007272574407264167], [0.012485286699176056, 0.011602488649739364, 0.011938792668572389, 0.0, 0.013241970741550362, 0.01261140070623844, 0.011644526652093493, 0.011980830670926517, 0.008912056499075165, 0.008954094501429291, 0.008491676475533883, 0.00874390448965865, 0.008407600470825626, 0.008323524466117371], [0.011140070623843954, 0.01172860265680175, 0.011350260635614595, 0.013241970741550362, 0.0, 0.013704388767445772, 0.013452160753321002, 0.010089120564990752, 0.01034134857911552, 0.009122246510845805, 0.00899613250378342, 0.009038170506137548, 0.008870018496721036, 0.009374474524970573], [0.010719690600302674, 0.01034134857911552, 0.012317134689759543, 0.01261140070623844, 0.013704388767445772, 0.0, 0.014545148814528334, 0.010887842609719187, 0.01013115856734488, 0.008365562468471498, 0.009374474524970573, 0.009080208508491677, 0.009080208508491677, 0.0097107785438036], [0.010005044560282495, 0.01034134857911552, 0.011770640659155876, 0.011644526652093493, 0.013452160753321002, 0.014545148814528334, 0.0, 0.011350260635614595, 0.011938792668572389, 0.009542626534387085, 0.009878930553220111, 0.009963006557928367, 0.009332436522616444, 0.00899613250378342], [0.008954094501429291, 0.009626702539095342, 0.009584664536741214, 0.011980830670926517, 0.010089120564990752, 0.010887842609719187, 0.011350260635614595, 0.0, 0.01353623675802926, 0.012106944677988903, 0.012317134689759543, 0.010971918614427442, 0.011350260635614595, 0.012401210694467799], [0.008029258449638473, 0.008912056499075165, 0.008575752480242138, 0.008912056499075165, 0.01034134857911552, 0.01013115856734488, 0.011938792668572389, 0.01353623675802926, 0.0, 0.013914578779216412, 0.013662350765091643, 0.013368084748612745, 0.01172860265680175, 0.012401210694467799], [0.007861106440221961, 0.008365562468471498, 0.007734992433159576, 0.008954094501429291, 0.009122246510845805, 0.008365562468471498, 0.009542626534387085, 0.012106944677988903, 0.013914578779216412, 0.0, 0.01706742895577602, 0.014082730788632924, 0.01622666890869346, 0.014503110812174206], [0.007692954430805448, 0.006726080376660501, 0.007104422397847654, 0.008491676475533883, 0.00899613250378342, 0.009374474524970573, 0.009878930553220111, 0.012317134689759543, 0.013662350765091643, 0.01706742895577602, 0.0, 0.014881452833361359, 0.015596098873381536, 0.01576425088279805], [0.007356650411972423, 0.007608878426097192, 0.006095510341348579, 0.00874390448965865, 0.009038170506137548, 0.009080208508491677, 0.009963006557928367, 0.010971918614427442, 0.013368084748612745, 0.014082730788632924, 0.014881452833361359, 0.0, 0.01845468303346225, 0.018706911047587017], [0.006473852362535732, 0.006473852362535732, 0.006894232386077013, 0.008407600470825626, 0.008870018496721036, 0.009080208508491677, 0.009332436522616444, 0.011350260635614595, 0.01172860265680175, 0.01622666890869346, 0.015596098873381536, 0.01845468303346225, 0.0, 0.022364217252396165], [0.007020346393139398, 0.006852194383722886, 0.007272574407264167, 0.008323524466117371, 0.009374474524970573, 0.0097107785438036, 0.00899613250378342, 0.012401210694467799, 0.012401210694467799, 0.014503110812174206, 0.01576425088279805, 0.018706911047587017, 0.022364217252396165, 0.0]], "sysname": ["SOURCE", "UFC", "IITB", "SJTU", "IPN", "RAC", "PKU", "AMU", "UMC", "POST", "NTHU", "CUUI", "NUCLEA", "CAMB"]}