{"sysname": ["SOURCE", "UFC", "IITB", "SJTU", "IPN", "RAC", "PKU", "AMU", "UMC", "POST", "NTHU", "CUUI", "NUCLEA", "CAMB"], "counts": [[0.0, 0.017923698647347042, 0.016332342225386324, 0.01172578416181582, 0.011642028560659995, 0.010846350349679635, 0.011558272959504167, 0.00871058252020604, 0.007956782109803592, 0.007412370702290716, 0.00804053771095942, 0.0076636375057581975, 0.006323547887264961, 0.006491059089576616], [0.017923698647347042, 0.0, 0.017086142635788767, 0.011893295364127476, 0.011348883956614599, 0.01101386155199129, 0.010511327945056326, 0.008878093722517693, 0.008249926713848988, 0.007328615101134889, 0.007161103898823234, 0.00791490430922568, 0.0067004480924661835, 0.0075798819046023706], [0.016332342225386324, 0.017086142635788767, 0.0, 0.012688973575107836, 0.01101386155199129, 0.011055739352569203, 0.01101386155199129, 0.008668704719628125, 0.008124293312115248, 0.007621759705180284, 0.00804053771095942, 0.007161103898823234, 0.0077473931069140245, 0.00745424850286863], [0.01172578416181582, 0.011893295364127476, 0.012688973575107836, 0.0, 0.013400896184932367, 0.013568407387244023, 0.012940240378575317, 0.01009254993927719, 0.008668704719628125, 0.009673771933498053, 0.008291804514426902, 0.008626826919050212, 0.008291804514426902, 0.008166171112693162], [0.011642028560659995, 0.011348883956614599, 0.01101386155199129, 0.013400896184932367, 0.0, 0.01469910800284769, 0.013065873780309057, 0.011390761757192513, 0.009715649734075966, 0.009003727124251435, 0.008878093722517693, 0.008082415511537334, 0.00883621592193978, 0.009045604924829347], [0.010846350349679635, 0.01101386155199129, 0.011055739352569203, 0.013568407387244023, 0.01469910800284769, 0.0, 0.013400896184932367, 0.011558272959504167, 0.010427572343900498, 0.009799405335231794, 0.009506260731186399, 0.007789270907491938, 0.008626826919050212, 0.009045604924829347], [0.011558272959504167, 0.010511327945056326, 0.01101386155199129, 0.012940240378575317, 0.013065873780309057, 0.013400896184932367, 0.0, 0.012186439968172872, 0.010930105950835461, 0.009129360525985175, 0.009003727124251435, 0.00883621592193978, 0.01021818334101093, 0.009590016332342225], [0.00871058252020604, 0.008878093722517693, 0.008668704719628125, 0.01009254993927719, 0.011390761757192513, 0.011558272959504167, 0.012186439968172872, 0.0, 0.014322207797646468, 0.010720716947945894, 0.01160015076008208, 0.012312073369906612, 0.01193517316470539, 0.012563340173374094], [0.007956782109803592, 0.008249926713848988, 0.008124293312115248, 0.008668704719628125, 0.009715649734075966, 0.010427572343900498, 0.010930105950835461, 0.014322207797646468, 0.0, 0.013568407387244023, 0.013233384982620713, 0.013275262783198627, 0.012898362577997403, 0.013359018384354453], [0.007412370702290716, 0.007328615101134889, 0.007621759705180284, 0.009673771933498053, 0.009003727124251435, 0.009799405335231794, 0.009129360525985175, 0.010720716947945894, 0.013568407387244023, 0.0, 0.015536664014405963, 0.01582980861845136, 0.015285397210938481, 0.016667364630009632], [0.00804053771095942, 0.007161103898823234, 0.00804053771095942, 0.008291804514426902, 0.008878093722517693, 0.009506260731186399, 0.009003727124251435, 0.01160015076008208, 0.013233384982620713, 0.015536664014405963, 0.0, 0.016332342225386324, 0.015369152812094309, 0.016164831023074668], [0.0076636375057581975, 0.00791490430922568, 0.007161103898823234, 0.008626826919050212, 0.008082415511537334, 0.007789270907491938, 0.00883621592193978, 0.012312073369906612, 0.013275262783198627, 0.01582980861845136, 0.016332342225386324, 0.0, 0.017839943046191215, 0.01641609782654215], [0.006323547887264961, 0.0067004480924661835, 0.0077473931069140245, 0.008291804514426902, 0.00883621592193978, 0.008626826919050212, 0.01021818334101093, 0.01193517316470539, 0.012898362577997403, 0.015285397210938481, 0.015369152812094309, 0.017839943046191215, 0.0, 0.021399556095313875], [0.006491059089576616, 0.0075798819046023706, 0.00745424850286863, 0.008166171112693162, 0.009045604924829347, 0.009045604924829347, 0.009590016332342225, 0.012563340173374094, 0.013359018384354453, 0.016667364630009632, 0.016164831023074668, 0.01641609782654215, 0.021399556095313875, 0.0]]}