{"sysname": ["IITB", "SJTU", "PKU", "RAC", "IPN", "AMU", "UFC", "JMGR", "src", "UMC", "NTHU", "CUUI", "NUCLEA", "POST", "CAMB"], "counts": [[0.0, 0.01953807336481853, 0.011903991718962283, 0.011903991718962283, 0.008086950896034159, 0.008539820146212072, 0.008992689396389985, 0.009639645468072718, 0.007763472860192793, 0.008410428931875526, 0.007763472860192793, 0.007763472860192793, 0.007181212395678333, 0.007569386038687973, 0.006210778288154234], [0.01953807336481853, 0.0, 0.011386426861616096, 0.010998253218606457, 0.009769036682409265, 0.008798602574885165, 0.008345733324707252, 0.009316167432231352, 0.009574949860904444, 0.007439994824351427, 0.008539820146212072, 0.008992689396389985, 0.00711651678851006, 0.007245908002846606, 0.006534256323995601], [0.011903991718962283, 0.011386426861616096, 0.0, 0.011839296111794009, 0.009769036682409265, 0.009316167432231352, 0.009316167432231352, 0.009316167432231352, 0.007634081645856246, 0.009963123503914085, 0.008927993789221713, 0.008345733324707252, 0.009380863039399626, 0.0073752992171831535, 0.0073752992171831535], [0.011903991718962283, 0.010998253218606457, 0.011839296111794009, 0.0, 0.009057385003558259, 0.00970434107524099, 0.0084751245390438, 0.008410428931875526, 0.00970434107524099, 0.0075046904315197, 0.008669211360548618, 0.009251471825063078, 0.008798602574885165, 0.007634081645856246, 0.008992689396389985], [0.008086950896034159, 0.009769036682409265, 0.009769036682409265, 0.009057385003558259, 0.0, 0.010157210325418903, 0.009833732289577537, 0.010351297146923724, 0.009057385003558259, 0.008604515753380346, 0.009639645468072718, 0.008798602574885165, 0.008733906967716892, 0.009963123503914085, 0.007892864074529339], [0.008539820146212072, 0.008798602574885165, 0.009316167432231352, 0.00970434107524099, 0.010157210325418903, 0.0, 0.010157210325418903, 0.009769036682409265, 0.00989842789674581, 0.008992689396389985, 0.00989842789674581, 0.008345733324707252, 0.009574949860904444, 0.009639645468072718, 0.009316167432231352], [0.008992689396389985, 0.008345733324707252, 0.009316167432231352, 0.0084751245390438, 0.009833732289577537, 0.010157210325418903, 0.0, 0.009769036682409265, 0.008927993789221713, 0.009833732289577537, 0.009380863039399626, 0.007957559681697613, 0.008345733324707252, 0.008151646503202433, 0.009186776217894805], [0.009639645468072718, 0.009316167432231352, 0.009316167432231352, 0.008410428931875526, 0.010351297146923724, 0.009769036682409265, 0.009769036682409265, 0.0, 0.009122080610726531, 0.009769036682409265, 0.010027819111082357, 0.008410428931875526, 0.009639645468072718, 0.007634081645856246, 0.010610079575596816], [0.007763472860192793, 0.009574949860904444, 0.007634081645856246, 0.00970434107524099, 0.009057385003558259, 0.00989842789674581, 0.008927993789221713, 0.009122080610726531, 0.0, 0.00989842789674581, 0.010092514718250631, 0.009769036682409265, 0.008669211360548618, 0.008216342110370705, 0.009057385003558259], [0.008410428931875526, 0.007439994824351427, 0.009963123503914085, 0.0075046904315197, 0.008604515753380346, 0.008992689396389985, 0.009833732289577537, 0.009769036682409265, 0.00989842789674581, 0.0, 0.01106294882577473, 0.011321731254447824, 0.010545383968428544, 0.010933557611438183, 0.01145112246878437], [0.007763472860192793, 0.008539820146212072, 0.008927993789221713, 0.008669211360548618, 0.009639645468072718, 0.00989842789674581, 0.009380863039399626, 0.010027819111082357, 0.010092514718250631, 0.01106294882577473, 0.0, 0.009510254253736172, 0.01067477518276509, 0.010221905932587178, 0.010092514718250631], [0.007763472860192793, 0.008992689396389985, 0.008345733324707252, 0.009251471825063078, 0.008798602574885165, 0.008345733324707252, 0.007957559681697613, 0.008410428931875526, 0.009769036682409265, 0.011321731254447824, 0.009510254253736172, 0.0, 0.01222746975480365, 0.011968687326130555, 0.012874425826486381], [0.007181212395678333, 0.00711651678851006, 0.009380863039399626, 0.008798602574885165, 0.008733906967716892, 0.009574949860904444, 0.008345733324707252, 0.009639645468072718, 0.008669211360548618, 0.010545383968428544, 0.01067477518276509, 0.01222746975480365, 0.0, 0.013909555541178753, 0.0150093808630394], [0.007569386038687973, 0.007245908002846606, 0.0073752992171831535, 0.007634081645856246, 0.009963123503914085, 0.009639645468072718, 0.008151646503202433, 0.007634081645856246, 0.008216342110370705, 0.010933557611438183, 0.010221905932587178, 0.011968687326130555, 0.013909555541178753, 0.0, 0.01701494468525587], [0.006210778288154234, 0.006534256323995601, 0.0073752992171831535, 0.008992689396389985, 0.007892864074529339, 0.009316167432231352, 0.009186776217894805, 0.010610079575596816, 0.009057385003558259, 0.01145112246878437, 0.010092514718250631, 0.012874425826486381, 0.0150093808630394, 0.01701494468525587, 0.0]]}