{"counts": [[0.0, 0.018468110054859918, 0.015913564219607185, 0.012898362577997403, 0.010469450144478412, 0.011390761757192513, 0.01101386155199129, 0.009087482725407261, 0.0077055153063361114, 0.006784203693622011, 0.00711922609824532, 0.0077473931069140245, 0.006784203693622011, 0.006993592696511579], [0.018468110054859918, 0.0, 0.01620670882365258, 0.012982118179153231, 0.011809539762971649, 0.010971983751413375, 0.010469450144478412, 0.008961849323673521, 0.007998659910381506, 0.006491059089576616, 0.008166171112693162, 0.006867959294777838, 0.0066585702918882704, 0.007035470497089493], [0.015913564219607185, 0.01620670882365258, 0.0, 0.012353951170484526, 0.011642028560659995, 0.011516395158926253, 0.011139494953725031, 0.009673771933498053, 0.008961849323673521, 0.008333682315004816, 0.0075798819046023706, 0.006449181288998702, 0.006867959294777838, 0.007161103898823234], [0.012898362577997403, 0.012982118179153231, 0.012353951170484526, 0.0, 0.01285648477741949, 0.012940240378575317, 0.012940240378575317, 0.010636961346790066, 0.008961849323673521, 0.006993592696511579, 0.009506260731186399, 0.0077473931069140245, 0.008291804514426902, 0.008249926713848988], [0.010469450144478412, 0.011809539762971649, 0.011642028560659995, 0.01285648477741949, 0.0, 0.013275262783198627, 0.013987185393023158, 0.010427572343900498, 0.01088822815025755, 0.008333682315004816, 0.00988316093638762, 0.008417437916160644, 0.00883621592193978, 0.009254993927718917], [0.011390761757192513, 0.010971983751413375, 0.011516395158926253, 0.012940240378575317, 0.013275262783198627, 0.0, 0.014029063193601072, 0.010427572343900498, 0.01067883914736798, 0.009631894132920139, 0.009087482725407261, 0.009171238326563089, 0.009338749528874743, 0.009003727124251435], [0.01101386155199129, 0.010469450144478412, 0.011139494953725031, 0.012940240378575317, 0.013987185393023158, 0.014029063193601072, 0.0, 0.01160015076008208, 0.011097617153147117, 0.010385694543322584, 0.009715649734075966, 0.008333682315004816, 0.00850119351731647, 0.009171238326563089], [0.009087482725407261, 0.008961849323673521, 0.009673771933498053, 0.010636961346790066, 0.010427572343900498, 0.010427572343900498, 0.01160015076008208, 0.0, 0.0141128187947569, 0.011851417563549562, 0.012898362577997403, 0.012186439968172872, 0.01252146237279618, 0.011181372754302943], [0.0077055153063361114, 0.007998659910381506, 0.008961849323673521, 0.008961849323673521, 0.01088822815025755, 0.01067883914736798, 0.011097617153147117, 0.0141128187947569, 0.0, 0.01285648477741949, 0.01273085137568575, 0.013694040788977763, 0.01273085137568575, 0.012772729176263663], [0.006784203693622011, 0.006491059089576616, 0.008333682315004816, 0.006993592696511579, 0.008333682315004816, 0.009631894132920139, 0.010385694543322584, 0.011851417563549562, 0.01285648477741949, 0.0, 0.016122953222496756, 0.017714309644457474, 0.015578541814983877, 0.016960509234055027], [0.00711922609824532, 0.008166171112693162, 0.0075798819046023706, 0.009506260731186399, 0.00988316093638762, 0.009087482725407261, 0.009715649734075966, 0.012898362577997403, 0.01273085137568575, 0.016122953222496756, 0.0, 0.014447841199380208, 0.013568407387244023, 0.015913564219607185], [0.0077473931069140245, 0.006867959294777838, 0.006449181288998702, 0.0077473931069140245, 0.008417437916160644, 0.009171238326563089, 0.008333682315004816, 0.012186439968172872, 0.013694040788977763, 0.017714309644457474, 0.014447841199380208, 0.0, 0.018216843251392438, 0.01733740943925625], [0.006784203693622011, 0.0066585702918882704, 0.006867959294777838, 0.008291804514426902, 0.00883621592193978, 0.009338749528874743, 0.00850119351731647, 0.01252146237279618, 0.01273085137568575, 0.015578541814983877, 0.013568407387244023, 0.018216843251392438, 0.0, 0.0233259349218979], [0.006993592696511579, 0.007035470497089493, 0.007161103898823234, 0.008249926713848988, 0.009254993927718917, 0.009003727124251435, 0.009171238326563089, 0.011181372754302943, 0.012772729176263663, 0.016960509234055027, 0.015913564219607185, 0.01733740943925625, 0.0233259349218979, 0.0]], "sysname": ["SOURCE", "UFC", "IITB", "SJTU", "IPN", "RAC", "PKU", "AMU", "UMC", "POST", "NTHU", "CUUI", "NUCLEA", "CAMB"]}