{"sysname": ["SOURCE", "UFC", "IITB", "SJTU", "IPN", "RAC", "PKU", "AMU", "UMC", "NTHU", "POST", "CUUI", "NUCLEA", "CAMB"], "counts": [[0.0, 0.016983352951067766, 0.0174878089793173, 0.012485286699176056, 0.011938792668572389, 0.009542626534387085, 0.010971918614427442, 0.010761728602656801, 0.007777030435513704, 0.006894232386077013, 0.007146460400201783, 0.006936270388431142, 0.006557928367243989, 0.007272574407264167], [0.016983352951067766, 0.0, 0.018160417016983354, 0.012401210694467799, 0.013620312762737515, 0.0097107785438036, 0.010299310576761393, 0.008281486463763242, 0.007734992433159576, 0.007524802421388936, 0.006726080376660501, 0.007734992433159576, 0.0065999663695981165, 0.007020346393139398], [0.0174878089793173, 0.018160417016983354, 0.0, 0.01235917269211367, 0.012022868673280646, 0.010887842609719187, 0.009794854548511854, 0.008029258449638473, 0.008239448461409114, 0.007104422397847654, 0.00790314444257609, 0.006852194383722886, 0.006810156381368757, 0.0074407264166806795], [0.012485286699176056, 0.012401210694467799, 0.01235917269211367, 0.0, 0.013410122750966874, 0.01307381873213385, 0.01261140070623844, 0.01013115856734488, 0.009752816546157726, 0.00853371447788801, 0.009290398520262318, 0.007945182444930216, 0.008323524466117371, 0.007146460400201783], [0.011938792668572389, 0.013620312762737515, 0.012022868673280646, 0.013410122750966874, 0.0, 0.012106944677988903, 0.013368084748612745, 0.010887842609719187, 0.010845804607365058, 0.008407600470825626, 0.008365562468471498, 0.008323524466117371, 0.008491676475533883, 0.007945182444930216], [0.009542626534387085, 0.0097107785438036, 0.010887842609719187, 0.01307381873213385, 0.012106944677988903, 0.0, 0.013704388767445772, 0.012317134689759543, 0.009794854548511854, 0.010887842609719187, 0.01013115856734488, 0.010635614595594417, 0.009290398520262318, 0.009332436522616444], [0.010971918614427442, 0.010299310576761393, 0.009794854548511854, 0.01261140070623844, 0.013368084748612745, 0.013704388767445772, 0.0, 0.011560450647385236, 0.011602488649739364, 0.00920632251555406, 0.010089120564990752, 0.009080208508491677, 0.008827980494366908, 0.010845804607365058], [0.010761728602656801, 0.008281486463763242, 0.008029258449638473, 0.01013115856734488, 0.010887842609719187, 0.012317134689759543, 0.011560450647385236, 0.0, 0.013115856734487978, 0.012527324701530184, 0.011392298637968723, 0.011854716663864133, 0.012317134689759543, 0.012233058685051286], [0.007777030435513704, 0.007734992433159576, 0.008239448461409114, 0.009752816546157726, 0.010845804607365058, 0.009794854548511854, 0.011602488649739364, 0.013115856734487978, 0.0, 0.014713300823944847, 0.012989742727425592, 0.013788464772154027, 0.012863628720363209, 0.012527324701530184], [0.006894232386077013, 0.007524802421388936, 0.007104422397847654, 0.00853371447788801, 0.008407600470825626, 0.010887842609719187, 0.00920632251555406, 0.012527324701530184, 0.014713300823944847, 0.0, 0.01576425088279805, 0.014419034807465949, 0.015007566840423743, 0.016058516899276946], [0.007146460400201783, 0.006726080376660501, 0.00790314444257609, 0.009290398520262318, 0.008365562468471498, 0.01013115856734488, 0.010089120564990752, 0.011392298637968723, 0.012989742727425592, 0.01576425088279805, 0.0, 0.01597444089456869, 0.01597444089456869, 0.016016478896922818], [0.006936270388431142, 0.007734992433159576, 0.006852194383722886, 0.007945182444930216, 0.008323524466117371, 0.010635614595594417, 0.009080208508491677, 0.011854716663864133, 0.013788464772154027, 0.014419034807465949, 0.01597444089456869, 0.0, 0.01736169497225492, 0.0174878089793173], [0.006557928367243989, 0.0065999663695981165, 0.006810156381368757, 0.008323524466117371, 0.008491676475533883, 0.009290398520262318, 0.008827980494366908, 0.012317134689759543, 0.012863628720363209, 0.015007566840423743, 0.01597444089456869, 0.01736169497225492, 0.0, 0.023331091306541114], [0.007272574407264167, 0.007020346393139398, 0.0074407264166806795, 0.007146460400201783, 0.007945182444930216, 0.009332436522616444, 0.010845804607365058, 0.012233058685051286, 0.012527324701530184, 0.016058516899276946, 0.016016478896922818, 0.0174878089793173, 0.023331091306541114, 0.0]]}