{"sysname": ["IITB", "SJTU", "PKU", "RAC", "IPN", "AMU", "JMGR", "UFC", "src", "UMC", "NTHU", "CUUI", "NUCLEA", "POST", "CAMB"], "counts": [[0.0, 0.020185029436501262, 0.01086886200426991, 0.011839296111794009, 0.008345733324707252, 0.008733906967716892, 0.009057385003558259, 0.008539820146212072, 0.008927993789221713, 0.0073752992171831535, 0.007569386038687973, 0.0075046904315197, 0.007439994824351427, 0.00731060361001488, 0.00711651678851006], [0.020185029436501262, 0.0, 0.010739470789933363, 0.009639645468072718, 0.009639645468072718, 0.009510254253736172, 0.009251471825063078, 0.008604515753380346, 0.008927993789221713, 0.008410428931875526, 0.007763472860192793, 0.007892864074529339, 0.0069224299670052405, 0.0075046904315197, 0.008669211360548618], [0.01086886200426991, 0.010739470789933363, 0.0, 0.010415992754091998, 0.009380863039399626, 0.009316167432231352, 0.010027819111082357, 0.008216342110370705, 0.008733906967716892, 0.010092514718250631, 0.008086950896034159, 0.009057385003558259, 0.008798602574885165, 0.00828103771753898, 0.008669211360548618], [0.011839296111794009, 0.009639645468072718, 0.010415992754091998, 0.0, 0.010739470789933363, 0.01125703564727955, 0.009251471825063078, 0.008604515753380346, 0.007763472860192793, 0.008927993789221713, 0.007828168467361066, 0.008798602574885165, 0.00989842789674581, 0.007634081645856246, 0.008992689396389985], [0.008345733324707252, 0.009639645468072718, 0.009380863039399626, 0.010739470789933363, 0.0, 0.011321731254447824, 0.00989842789674581, 0.009574949860904444, 0.008798602574885165, 0.00828103771753898, 0.01048068836126027, 0.008151646503202433, 0.009574949860904444, 0.008345733324707252, 0.007828168467361066], [0.008733906967716892, 0.009510254253736172, 0.009316167432231352, 0.01125703564727955, 0.011321731254447824, 0.0, 0.011645209290289189, 0.009251471825063078, 0.009769036682409265, 0.008022255288865887, 0.008798602574885165, 0.008927993789221713, 0.008733906967716892, 0.008733906967716892, 0.008022255288865887], [0.009057385003558259, 0.009251471825063078, 0.010027819111082357, 0.009251471825063078, 0.00989842789674581, 0.011645209290289189, 0.0, 0.010157210325418903, 0.009251471825063078, 0.009574949860904444, 0.009251471825063078, 0.007245908002846606, 0.008539820146212072, 0.009639645468072718, 0.009510254253736172], [0.008539820146212072, 0.008604515753380346, 0.008216342110370705, 0.008604515753380346, 0.009574949860904444, 0.009251471825063078, 0.010157210325418903, 0.0, 0.008733906967716892, 0.010027819111082357, 0.008992689396389985, 0.0075046904315197, 0.009251471825063078, 0.009510254253736172, 0.009445558646567898], [0.008927993789221713, 0.008927993789221713, 0.008733906967716892, 0.007763472860192793, 0.008798602574885165, 0.009769036682409265, 0.009251471825063078, 0.008733906967716892, 0.0, 0.010545383968428544, 0.009574949860904444, 0.00970434107524099, 0.007698777253024519, 0.00828103771753898, 0.009251471825063078], [0.0073752992171831535, 0.008410428931875526, 0.010092514718250631, 0.008927993789221713, 0.00828103771753898, 0.008022255288865887, 0.009574949860904444, 0.010027819111082357, 0.010545383968428544, 0.0, 0.010804166397101637, 0.01106294882577473, 0.011839296111794009, 0.010610079575596816, 0.009833732289577537], [0.007569386038687973, 0.007763472860192793, 0.008086950896034159, 0.007828168467361066, 0.01048068836126027, 0.008798602574885165, 0.009251471825063078, 0.008992689396389985, 0.009574949860904444, 0.010804166397101637, 0.0, 0.012098078540467102, 0.010804166397101637, 0.01203338293329883, 0.010739470789933363], [0.0075046904315197, 0.007892864074529339, 0.009057385003558259, 0.008798602574885165, 0.008151646503202433, 0.008927993789221713, 0.007245908002846606, 0.0075046904315197, 0.00970434107524099, 0.01106294882577473, 0.012098078540467102, 0.0, 0.013780164326842207, 0.01145112246878437, 0.013262599469496022], [0.007439994824351427, 0.0069224299670052405, 0.008798602574885165, 0.00989842789674581, 0.009574949860904444, 0.008733906967716892, 0.008539820146212072, 0.009251471825063078, 0.007698777253024519, 0.011839296111794009, 0.010804166397101637, 0.013780164326842207, 0.0, 0.012356860969140196, 0.014879989648702853], [0.00731060361001488, 0.0075046904315197, 0.00828103771753898, 0.007634081645856246, 0.008345733324707252, 0.008733906967716892, 0.009639645468072718, 0.009510254253736172, 0.00828103771753898, 0.010610079575596816, 0.01203338293329883, 0.01145112246878437, 0.012356860969140196, 0.0, 0.015526945720385587], [0.00711651678851006, 0.008669211360548618, 0.008669211360548618, 0.008992689396389985, 0.007828168467361066, 0.008022255288865887, 0.009510254253736172, 0.009445558646567898, 0.009251471825063078, 0.009833732289577537, 0.010739470789933363, 0.013262599469496022, 0.014879989648702853, 0.015526945720385587, 0.0]]}