{"counts": [[0.0, 0.01905439926295071, 0.017379287239834163, 0.012563340173374094, 0.012228317768750786, 0.011348883956614599, 0.008124293312115248, 0.008124293312115248, 0.008794338121361866, 0.007873026508647766, 0.007286737300556975, 0.0066166924913103565, 0.007077348297667406, 0.006365425687842875], [0.01905439926295071, 0.0, 0.018342476653126178, 0.012982118179153231, 0.011432639557770427, 0.01009254993927719, 0.00988316093638762, 0.00942250513003057, 0.008249926713848988, 0.006951714895933665, 0.006407303488420788, 0.0066166924913103565, 0.0067004480924661835, 0.006323547887264961], [0.017379287239834163, 0.018342476653126178, 0.0, 0.013359018384354453, 0.010804472549101721, 0.011307006156036685, 0.009841283135809707, 0.008752460320783952, 0.008543071317894384, 0.0076636375057581975, 0.008166171112693162, 0.006909837095355752, 0.005360358473972947, 0.007161103898823234], [0.012563340173374094, 0.012982118179153231, 0.013359018384354453, 0.0, 0.015034130407471, 0.011265128355458771, 0.010846350349679635, 0.009087482725407261, 0.008794338121361866, 0.009003727124251435, 0.008626826919050212, 0.009003727124251435, 0.008919971523095607, 0.007956782109803592], [0.012228317768750786, 0.011432639557770427, 0.010804472549101721, 0.015034130407471, 0.0, 0.01239582897106244, 0.013359018384354453, 0.01055320574563424, 0.010595083546212154, 0.008919971523095607, 0.008166171112693162, 0.009464382930608485, 0.009296871728296829, 0.008459315716738558], [0.011348883956614599, 0.01009254993927719, 0.011307006156036685, 0.011265128355458771, 0.01239582897106244, 0.0, 0.013442773985510281, 0.01193517316470539, 0.011474517358348339, 0.010846350349679635, 0.009254993927718917, 0.00871058252020604, 0.00988316093638762, 0.009213116127141003], [0.008124293312115248, 0.00988316093638762, 0.009841283135809707, 0.010846350349679635, 0.013359018384354453, 0.013442773985510281, 0.0, 0.012228317768750786, 0.010971983751413375, 0.011642028560659995, 0.01067883914736798, 0.01021818334101093, 0.01055320574563424, 0.010971983751413375], [0.008124293312115248, 0.00942250513003057, 0.008752460320783952, 0.009087482725407261, 0.01055320574563424, 0.01193517316470539, 0.012228317768750786, 0.0, 0.015411030612672223, 0.012479584572218268, 0.012018928765861216, 0.01193517316470539, 0.010971983751413375, 0.012228317768750786], [0.008794338121361866, 0.008249926713848988, 0.008543071317894384, 0.008794338121361866, 0.010595083546212154, 0.011474517358348339, 0.010971983751413375, 0.015411030612672223, 0.0, 0.012898362577997403, 0.012270195569328698, 0.011642028560659995, 0.011558272959504167, 0.01469910800284769], [0.007873026508647766, 0.006951714895933665, 0.0076636375057581975, 0.009003727124251435, 0.008919971523095607, 0.010846350349679635, 0.011642028560659995, 0.012479584572218268, 0.012898362577997403, 0.0, 0.015746053017295533, 0.014657230202269778, 0.013484651786088195, 0.014992252606893085], [0.007286737300556975, 0.006407303488420788, 0.008166171112693162, 0.008626826919050212, 0.008166171112693162, 0.009254993927718917, 0.01067883914736798, 0.012018928765861216, 0.012270195569328698, 0.015746053017295533, 0.0, 0.01880313245948323, 0.015411030612672223, 0.015662297416139705], [0.0066166924913103565, 0.0066166924913103565, 0.006909837095355752, 0.009003727124251435, 0.009464382930608485, 0.00871058252020604, 0.01021818334101093, 0.01193517316470539, 0.011642028560659995, 0.014657230202269778, 0.01880313245948323, 0.0, 0.01700238703463294, 0.0159554420201851], [0.007077348297667406, 0.0067004480924661835, 0.005360358473972947, 0.008919971523095607, 0.009296871728296829, 0.00988316093638762, 0.01055320574563424, 0.010971983751413375, 0.011558272959504167, 0.013484651786088195, 0.015411030612672223, 0.01700238703463294, 0.0, 0.024289124335189916], [0.006365425687842875, 0.006323547887264961, 0.007161103898823234, 0.007956782109803592, 0.008459315716738558, 0.009213116127141003, 0.010971983751413375, 0.012228317768750786, 0.01469910800284769, 0.014992252606893085, 0.015662297416139705, 0.0159554420201851, 0.024289124335189916, 0.0]], "sysname": ["SOURCE", "UFC", "IITB", "SJTU", "IPN", "RAC", "PKU", "AMU", "UMC", "NTHU", "POST", "CUUI", "NUCLEA", "CAMB"]}