{"sysname": ["IITB", "SJTU", "PKU", "RAC", "IPN", "AMU", "src", "JMGR", "UFC", "UMC", "NTHU", "CUUI", "NUCLEA", "POST", "CAMB"], "counts": [[0.0, 0.021478941579866725, 0.011839296111794009, 0.009963123503914085, 0.008216342110370705, 0.009057385003558259, 0.008798602574885165, 0.00989842789674581, 0.008022255288865887, 0.007698777253024519, 0.008022255288865887, 0.007763472860192793, 0.007763472860192793, 0.0064048651096590544, 0.006598951931163874], [0.021478941579866725, 0.0, 0.01203338293329883, 0.01028660153975545, 0.00970434107524099, 0.009057385003558259, 0.008927993789221713, 0.007957559681697613, 0.008216342110370705, 0.010157210325418903, 0.0073752992171831535, 0.007051821181341787, 0.00731060361001488, 0.00672834314550042, 0.0073752992171831535], [0.011839296111794009, 0.01203338293329883, 0.0, 0.009769036682409265, 0.010804166397101637, 0.009963123503914085, 0.007245908002846606, 0.009380863039399626, 0.008151646503202433, 0.008604515753380346, 0.009574949860904444, 0.008992689396389985, 0.008151646503202433, 0.008863298182053439, 0.007634081645856246], [0.009963123503914085, 0.01028660153975545, 0.009769036682409265, 0.0, 0.01067477518276509, 0.011192340040111276, 0.009445558646567898, 0.009186776217894805, 0.00828103771753898, 0.008539820146212072, 0.008345733324707252, 0.009510254253736172, 0.009639645468072718, 0.007634081645856246, 0.008539820146212072], [0.008216342110370705, 0.00970434107524099, 0.010804166397101637, 0.01067477518276509, 0.0, 0.01028660153975545, 0.010610079575596816, 0.010157210325418903, 0.008539820146212072, 0.009122080610726531, 0.008992689396389985, 0.008086950896034159, 0.008539820146212072, 0.008216342110370705, 0.007569386038687973], [0.009057385003558259, 0.009057385003558259, 0.009963123503914085, 0.011192340040111276, 0.01028660153975545, 0.0, 0.008798602574885165, 0.009833732289577537, 0.009251471825063078, 0.008733906967716892, 0.009963123503914085, 0.008410428931875526, 0.010092514718250631, 0.007892864074529339, 0.010610079575596816], [0.008798602574885165, 0.008927993789221713, 0.007245908002846606, 0.009445558646567898, 0.010610079575596816, 0.008798602574885165, 0.0, 0.009574949860904444, 0.01086886200426991, 0.009769036682409265, 0.008345733324707252, 0.00970434107524099, 0.008992689396389985, 0.007957559681697613, 0.0075046904315197], [0.00989842789674581, 0.007957559681697613, 0.009380863039399626, 0.009186776217894805, 0.010157210325418903, 0.009833732289577537, 0.009574949860904444, 0.0, 0.011127644432943003, 0.009316167432231352, 0.009833732289577537, 0.009186776217894805, 0.009445558646567898, 0.008345733324707252, 0.009251471825063078], [0.008022255288865887, 0.008216342110370705, 0.008151646503202433, 0.00828103771753898, 0.008539820146212072, 0.009251471825063078, 0.01086886200426991, 0.011127644432943003, 0.0, 0.009963123503914085, 0.008539820146212072, 0.008604515753380346, 0.008022255288865887, 0.010092514718250631, 0.009122080610726531], [0.007698777253024519, 0.010157210325418903, 0.008604515753380346, 0.008539820146212072, 0.009122080610726531, 0.008733906967716892, 0.009769036682409265, 0.009316167432231352, 0.009963123503914085, 0.0, 0.010027819111082357, 0.010739470789933363, 0.010933557611438183, 0.010157210325418903, 0.011839296111794009], [0.008022255288865887, 0.0073752992171831535, 0.009574949860904444, 0.008345733324707252, 0.008992689396389985, 0.009963123503914085, 0.008345733324707252, 0.009833732289577537, 0.008539820146212072, 0.010027819111082357, 0.0, 0.012680339004981563, 0.009574949860904444, 0.011386426861616096, 0.011774600504625737], [0.007763472860192793, 0.007051821181341787, 0.008992689396389985, 0.009510254253736172, 0.008086950896034159, 0.008410428931875526, 0.00970434107524099, 0.009186776217894805, 0.008604515753380346, 0.010739470789933363, 0.012680339004981563, 0.0, 0.01106294882577473, 0.012292165361971922, 0.012356860969140196], [0.007763472860192793, 0.00731060361001488, 0.008151646503202433, 0.009639645468072718, 0.008539820146212072, 0.010092514718250631, 0.008992689396389985, 0.009445558646567898, 0.008022255288865887, 0.010933557611438183, 0.009574949860904444, 0.01106294882577473, 0.0, 0.014750598434366307, 0.014556511612861487], [0.0064048651096590544, 0.00672834314550042, 0.008863298182053439, 0.007634081645856246, 0.008216342110370705, 0.007892864074529339, 0.007957559681697613, 0.008345733324707252, 0.010092514718250631, 0.010157210325418903, 0.011386426861616096, 0.012292165361971922, 0.014750598434366307, 0.0, 0.016756162256582777], [0.006598951931163874, 0.0073752992171831535, 0.007634081645856246, 0.008539820146212072, 0.007569386038687973, 0.010610079575596816, 0.0075046904315197, 0.009251471825063078, 0.009122080610726531, 0.011839296111794009, 0.011774600504625737, 0.012356860969140196, 0.014556511612861487, 0.016756162256582777, 0.0]]}