{"counts": [[0.0, 0.023113565010284724, 0.017159250839016996, 0.01661794955071993, 0.012828840532640468, 0.012016888600194868, 0.012287539244343402, 0.011096676410089856, 0.01039298473530367, 0.008552560355093644, 0.008011259066796578, 0.0074158276496698065, 0.007524087907329219, 0.006549745588394501], [0.023113565010284724, 0.0, 0.016509689293060518, 0.01710512071018729, 0.01488578542816932, 0.012287539244343402, 0.012504059759662229, 0.010934286023600736, 0.009310382158709538, 0.008065389195626285, 0.007740608422648046, 0.006224964815416261, 0.006224964815416261, 0.006170834686586554], [0.017159250839016996, 0.016509689293060518, 0.0, 0.017484031611995236, 0.014452744397531666, 0.012233409115513695, 0.013478402078596947, 0.01071776550828191, 0.011096676410089856, 0.009147991772220417, 0.007740608422648046, 0.005683663527119195, 0.006766266103713327, 0.006495615459564794], [0.01661794955071993, 0.01710512071018729, 0.017484031611995236, 0.0, 0.014290354011042547, 0.012991230919129588, 0.01136732705423839, 0.010014073833495724, 0.009418642416368951, 0.008877341128071885, 0.007632348164988633, 0.008065389195626285, 0.007253437263180686, 0.006333225073075674], [0.012828840532640468, 0.01488578542816932, 0.014452744397531666, 0.014290354011042547, 0.0, 0.014452744397531666, 0.011746237956046335, 0.012395799502002815, 0.00990581357583631, 0.010447114864133376, 0.008823210999242178, 0.007957128937966872, 0.007632348164988633, 0.007794738551477752], [0.012016888600194868, 0.012287539244343402, 0.012233409115513695, 0.012991230919129588, 0.014452744397531666, 0.0, 0.014398614268701959, 0.012071018729024574, 0.012071018729024574, 0.010338854606473963, 0.009147991772220417, 0.006820396232543034, 0.008119519324455992, 0.008931471256901592], [0.012287539244343402, 0.012504059759662229, 0.013478402078596947, 0.01136732705423839, 0.011746237956046335, 0.014398614268701959, 0.0, 0.013803182851575186, 0.012016888600194868, 0.010230594348814551, 0.009851683447006604, 0.008119519324455992, 0.007632348164988633, 0.008660820612753058], [0.011096676410089856, 0.010934286023600736, 0.01071776550828191, 0.010014073833495724, 0.012395799502002815, 0.012071018729024574, 0.013803182851575186, 0.0, 0.012720580274981054, 0.009851683447006604, 0.012071018729024574, 0.008336039839774819, 0.009851683447006604, 0.009202121901050124], [0.01039298473530367, 0.009310382158709538, 0.011096676410089856, 0.009418642416368951, 0.00990581357583631, 0.012071018729024574, 0.012016888600194868, 0.012720580274981054, 0.0, 0.012287539244343402, 0.012287539244343402, 0.010176464219984844, 0.008714950741582765, 0.011637977698386922], [0.008552560355093644, 0.008065389195626285, 0.009147991772220417, 0.008877341128071885, 0.010447114864133376, 0.010338854606473963, 0.010230594348814551, 0.009851683447006604, 0.012287539244343402, 0.0, 0.015156436072317852, 0.013803182851575186, 0.012828840532640468, 0.01071776550828191], [0.008011259066796578, 0.007740608422648046, 0.007740608422648046, 0.007632348164988633, 0.008823210999242178, 0.009147991772220417, 0.009851683447006604, 0.012071018729024574, 0.012287539244343402, 0.015156436072317852, 0.0, 0.013316011692107827, 0.012341669373173108, 0.013099491176789001], [0.0074158276496698065, 0.006224964815416261, 0.005683663527119195, 0.008065389195626285, 0.007957128937966872, 0.006820396232543034, 0.008119519324455992, 0.008336039839774819, 0.010176464219984844, 0.013803182851575186, 0.013316011692107827, 0.0, 0.01835011367327054, 0.018133593157951718], [0.007524087907329219, 0.006224964815416261, 0.006766266103713327, 0.007253437263180686, 0.007632348164988633, 0.008119519324455992, 0.007632348164988633, 0.009851683447006604, 0.008714950741582765, 0.012828840532640468, 0.012341669373173108, 0.01835011367327054, 0.0, 0.018674894446248782], [0.006549745588394501, 0.006170834686586554, 0.006495615459564794, 0.006333225073075674, 0.007794738551477752, 0.008931471256901592, 0.008660820612753058, 0.009202121901050124, 0.011637977698386922, 0.01071776550828191, 0.013099491176789001, 0.018133593157951718, 0.018674894446248782, 0.0]], "sysname": ["CAMB", "NUCLEA", "POST", "CUUI", "NTHU", "AMU", "UMC", "PKU", "RAC", "IPN", "SJTU", "IITB", "UFC", "SOURCE"]}