{"sysname": ["CAMB", "NUCLEA", "POST", "CUUI", "NTHU", "AMU", "UMC", "PKU", "RAC", "IPN", "SJTU", "IITB", "UFC", "SOURCE"], "counts": [[0.0, 0.02977157085633864, 0.016184908520082277, 0.01423622388221284, 0.01488578542816932, 0.012179278986683988, 0.012016888600194868, 0.01136732705423839, 0.010230594348814551, 0.008336039839774819, 0.00703691674786186, 0.006603875717224207, 0.005629533398289488, 0.005791923784778608], [0.02977157085633864, 0.0, 0.01613077839125257, 0.01407383349572372, 0.01342427194976724, 0.012504059759662229, 0.012071018729024574, 0.010988416152430442, 0.009039731514561005, 0.006982786619032153, 0.007578218036158926, 0.006279094944245968, 0.006603875717224207, 0.005358882754140955], [0.016184908520082277, 0.01613077839125257, 0.0, 0.015914257875933743, 0.014615134784020786, 0.014398614268701959, 0.011800368084876042, 0.01120493666774927, 0.011583847569557215, 0.008281909710945112, 0.007632348164988633, 0.0068745263613727405, 0.00671213597488362, 0.006279094944245968], [0.01423622388221284, 0.01407383349572372, 0.015914257875933743, 0.0, 0.012720580274981054, 0.01261232001732164, 0.013694922593915774, 0.013099491176789001, 0.012449929630832522, 0.008390169968604526, 0.008119519324455992, 0.006658005846053913, 0.00703691674786186, 0.007794738551477752], [0.01488578542816932, 0.01342427194976724, 0.014615134784020786, 0.012720580274981054, 0.0, 0.015643607231785213, 0.014182093753383133, 0.011692107827216629, 0.01136732705423839, 0.009039731514561005, 0.008606690483923351, 0.006766266103713327, 0.006982786619032153, 0.0076864782938183395], [0.012179278986683988, 0.012504059759662229, 0.014398614268701959, 0.01261232001732164, 0.015643607231785213, 0.0, 0.0139114431092346, 0.013045361047959295, 0.01071776550828191, 0.008281909710945112, 0.009202121901050124, 0.007957128937966872, 0.006928656490202446, 0.008390169968604526], [0.012016888600194868, 0.012071018729024574, 0.011800368084876042, 0.013694922593915774, 0.014182093753383133, 0.0139114431092346, 0.0, 0.012882970661470174, 0.012937100790299881, 0.010338854606473963, 0.009689293060517483, 0.008119519324455992, 0.007902998809137167, 0.00638735520190538], [0.01136732705423839, 0.010988416152430442, 0.01120493666774927, 0.013099491176789001, 0.011692107827216629, 0.013045361047959295, 0.012882970661470174, 0.0, 0.013694922593915774, 0.012504059759662229, 0.010230594348814551, 0.009310382158709538, 0.007307567392010393, 0.0074158276496698065], [0.010230594348814551, 0.009039731514561005, 0.011583847569557215, 0.012449929630832522, 0.01136732705423839, 0.01071776550828191, 0.012937100790299881, 0.013694922593915774, 0.0, 0.01261232001732164, 0.01071776550828191, 0.009472772545198658, 0.00909386164339071, 0.009147991772220417], [0.008336039839774819, 0.006982786619032153, 0.008281909710945112, 0.008390169968604526, 0.009039731514561005, 0.008281909710945112, 0.010338854606473963, 0.012504059759662229, 0.01261232001732164, 0.0, 0.015914257875933743, 0.014182093753383133, 0.0139114431092346, 0.012071018729024574], [0.00703691674786186, 0.007578218036158926, 0.007632348164988633, 0.008119519324455992, 0.008606690483923351, 0.009202121901050124, 0.009689293060517483, 0.010230594348814551, 0.01071776550828191, 0.015914257875933743, 0.0, 0.015048175814658438, 0.01407383349572372, 0.013099491176789001], [0.006603875717224207, 0.006279094944245968, 0.0068745263613727405, 0.006658005846053913, 0.006766266103713327, 0.007957128937966872, 0.008119519324455992, 0.009310382158709538, 0.009472772545198658, 0.014182093753383133, 0.015048175814658438, 0.0, 0.01710512071018729, 0.01889141496156761], [0.005629533398289488, 0.006603875717224207, 0.00671213597488362, 0.00703691674786186, 0.006982786619032153, 0.006928656490202446, 0.007902998809137167, 0.007307567392010393, 0.00909386164339071, 0.0139114431092346, 0.01407383349572372, 0.01710512071018729, 0.0, 0.022355743206668832], [0.005791923784778608, 0.005358882754140955, 0.006279094944245968, 0.007794738551477752, 0.0076864782938183395, 0.008390169968604526, 0.00638735520190538, 0.0074158276496698065, 0.009147991772220417, 0.012071018729024574, 0.013099491176789001, 0.01889141496156761, 0.022355743206668832, 0.0]]}