{"sysname": ["IITB", "SJTU", "PKU", "RAC", "IPN", "UFC", "src", "JMGR", "AMU", "UMC", "NTHU", "CUUI", "NUCLEA", "POST", "CAMB"], "counts": [[0.0, 0.021996506437212914, 0.00989842789674581, 0.010092514718250631, 0.008669211360548618, 0.010739470789933363, 0.008927993789221713, 0.007569386038687973, 0.009316167432231352, 0.008863298182053439, 0.009380863039399626, 0.0073752992171831535, 0.006663647538332147, 0.006663647538332147, 0.0049815617519570424], [0.021996506437212914, 0.0, 0.012292165361971922, 0.009574949860904444, 0.01086886200426991, 0.008022255288865887, 0.009380863039399626, 0.008539820146212072, 0.007181212395678333, 0.008798602574885165, 0.007245908002846606, 0.00731060361001488, 0.008086950896034159, 0.006146082680985961, 0.007569386038687973], [0.00989842789674581, 0.012292165361971922, 0.0, 0.011709904897457463, 0.009122080610726531, 0.008345733324707252, 0.00970434107524099, 0.010933557611438183, 0.007892864074529339, 0.009445558646567898, 0.007698777253024519, 0.008604515753380346, 0.007698777253024519, 0.008539820146212072, 0.009445558646567898], [0.010092514718250631, 0.009574949860904444, 0.011709904897457463, 0.0, 0.010933557611438183, 0.009057385003558259, 0.008216342110370705, 0.010157210325418903, 0.010998253218606457, 0.008992689396389985, 0.007569386038687973, 0.0084751245390438, 0.008604515753380346, 0.007957559681697613, 0.0084751245390438], [0.008669211360548618, 0.01086886200426991, 0.009122080610726531, 0.010933557611438183, 0.0, 0.009186776217894805, 0.009057385003558259, 0.010092514718250631, 0.009380863039399626, 0.009057385003558259, 0.009122080610726531, 0.008669211360548618, 0.008410428931875526, 0.008927993789221713, 0.008410428931875526], [0.010739470789933363, 0.008022255288865887, 0.008345733324707252, 0.009057385003558259, 0.009186776217894805, 0.0, 0.00989842789674581, 0.008992689396389985, 0.008410428931875526, 0.008216342110370705, 0.009574949860904444, 0.009316167432231352, 0.00970434107524099, 0.008604515753380346, 0.007892864074529339], [0.008927993789221713, 0.009380863039399626, 0.00970434107524099, 0.008216342110370705, 0.009057385003558259, 0.00989842789674581, 0.0, 0.008539820146212072, 0.01028660153975545, 0.010092514718250631, 0.008992689396389985, 0.008022255288865887, 0.009251471825063078, 0.008345733324707252, 0.00828103771753898], [0.007569386038687973, 0.008539820146212072, 0.010933557611438183, 0.010157210325418903, 0.010092514718250631, 0.008992689396389985, 0.008539820146212072, 0.0, 0.011645209290289189, 0.008927993789221713, 0.008669211360548618, 0.00989842789674581, 0.010221905932587178, 0.009574949860904444, 0.009963123503914085], [0.009316167432231352, 0.007181212395678333, 0.007892864074529339, 0.010998253218606457, 0.009380863039399626, 0.008410428931875526, 0.01028660153975545, 0.011645209290289189, 0.0, 0.011968687326130555, 0.010804166397101637, 0.009186776217894805, 0.008669211360548618, 0.008992689396389985, 0.008151646503202433], [0.008863298182053439, 0.008798602574885165, 0.009445558646567898, 0.008992689396389985, 0.009057385003558259, 0.008216342110370705, 0.010092514718250631, 0.008927993789221713, 0.011968687326130555, 0.0, 0.009574949860904444, 0.01086886200426991, 0.009057385003558259, 0.010027819111082357, 0.011192340040111276], [0.009380863039399626, 0.007245908002846606, 0.007698777253024519, 0.007569386038687973, 0.009122080610726531, 0.009574949860904444, 0.008992689396389985, 0.008669211360548618, 0.010804166397101637, 0.009574949860904444, 0.0, 0.011515818075952642, 0.010610079575596816, 0.011580513683120916, 0.011839296111794009], [0.0073752992171831535, 0.00731060361001488, 0.008604515753380346, 0.0084751245390438, 0.008669211360548618, 0.009316167432231352, 0.008022255288865887, 0.00989842789674581, 0.009186776217894805, 0.01086886200426991, 0.011515818075952642, 0.0, 0.012162774147635376, 0.01222746975480365, 0.012745034612149835], [0.006663647538332147, 0.008086950896034159, 0.007698777253024519, 0.008604515753380346, 0.008410428931875526, 0.00970434107524099, 0.009251471825063078, 0.010221905932587178, 0.008669211360548618, 0.009057385003558259, 0.010610079575596816, 0.012162774147635376, 0.0, 0.014168337969851848, 0.016756162256582777], [0.006663647538332147, 0.006146082680985961, 0.008539820146212072, 0.007957559681697613, 0.008927993789221713, 0.008604515753380346, 0.008345733324707252, 0.009574949860904444, 0.008992689396389985, 0.010027819111082357, 0.011580513683120916, 0.01222746975480365, 0.014168337969851848, 0.0, 0.015526945720385587], [0.0049815617519570424, 0.007569386038687973, 0.009445558646567898, 0.0084751245390438, 0.008410428931875526, 0.007892864074529339, 0.00828103771753898, 0.009963123503914085, 0.008151646503202433, 0.011192340040111276, 0.011839296111794009, 0.012745034612149835, 0.016756162256582777, 0.015526945720385587, 0.0]]}