{"sysname": ["SOURCE", "UFC", "IITB", "SJTU", "IPN", "RAC", "PKU", "AMU", "UMC", "NTHU", "POST", "CUUI", "NUCLEA", "CAMB"], "counts": [[0.0, 0.017714309644457474, 0.01721177603752251, 0.014322207797646468, 0.012479584572218268, 0.01009254993927719, 0.010385694543322584, 0.0076636375057581975, 0.008919971523095607, 0.006407303488420788, 0.007244859499979061, 0.006030403283219565, 0.006574814690732443, 0.00711922609824532], [0.017714309644457474, 0.0, 0.017839943046191215, 0.012437706771640354, 0.012479584572218268, 0.010343816742744672, 0.008878093722517693, 0.008124293312115248, 0.008794338121361866, 0.007202981699401147, 0.007998659910381506, 0.006867959294777838, 0.006826081494199924, 0.00745424850286863], [0.01721177603752251, 0.017839943046191215, 0.0, 0.014615352401691864, 0.012102684367017044, 0.010176305540433016, 0.010385694543322584, 0.008333682315004816, 0.0076636375057581975, 0.00711922609824532, 0.005946647682063738, 0.0075798819046023706, 0.007286737300556975, 0.007077348297667406], [0.014322207797646468, 0.012437706771640354, 0.014615352401691864, 0.0, 0.014531596800536036, 0.01206080656643913, 0.011265128355458771, 0.009171238326563089, 0.009715649734075966, 0.008543071317894384, 0.0077055153063361114, 0.00745424850286863, 0.00804053771095942, 0.007789270907491938], [0.012479584572218268, 0.012479584572218268, 0.012102684367017044, 0.014531596800536036, 0.0, 0.012312073369906612, 0.01172578416181582, 0.010469450144478412, 0.009715649734075966, 0.008626826919050212, 0.009548138531764313, 0.009506260731186399, 0.008249926713848988, 0.008333682315004816], [0.01009254993927719, 0.010343816742744672, 0.010176305540433016, 0.01206080656643913, 0.012312073369906612, 0.0, 0.012605217973952008, 0.012228317768750786, 0.012102684367017044, 0.010301938942166758, 0.01021818334101093, 0.010260061141588844, 0.009464382930608485, 0.009673771933498053], [0.010385694543322584, 0.008878093722517693, 0.010385694543322584, 0.011265128355458771, 0.01172578416181582, 0.012605217973952008, 0.0, 0.01273085137568575, 0.011809539762971649, 0.01160015076008208, 0.010469450144478412, 0.011181372754302943, 0.010134427739855102, 0.010176305540433016], [0.0076636375057581975, 0.008124293312115248, 0.008333682315004816, 0.009171238326563089, 0.010469450144478412, 0.012228317768750786, 0.01273085137568575, 0.0, 0.013191507182042799, 0.013652162988399849, 0.013149629381464885, 0.011348883956614599, 0.012186439968172872, 0.012270195569328698], [0.008919971523095607, 0.008794338121361866, 0.0076636375057581975, 0.009715649734075966, 0.009715649734075966, 0.012102684367017044, 0.011809539762971649, 0.013191507182042799, 0.0, 0.014070940994178986, 0.01193517316470539, 0.012814606976841576, 0.011809539762971649, 0.012940240378575317], [0.006407303488420788, 0.007202981699401147, 0.00711922609824532, 0.008543071317894384, 0.008626826919050212, 0.010301938942166758, 0.01160015076008208, 0.013652162988399849, 0.014070940994178986, 0.0, 0.015076008208048913, 0.015034130407471, 0.014866619205159345, 0.015201641609782655], [0.007244859499979061, 0.007998659910381506, 0.005946647682063738, 0.0077055153063361114, 0.009548138531764313, 0.01021818334101093, 0.010469450144478412, 0.013149629381464885, 0.01193517316470539, 0.015076008208048913, 0.0, 0.016332342225386324, 0.015452908413250137, 0.016248586624230496], [0.006030403283219565, 0.006867959294777838, 0.0075798819046023706, 0.00745424850286863, 0.009506260731186399, 0.010260061141588844, 0.011181372754302943, 0.011348883956614599, 0.012814606976841576, 0.015034130407471, 0.016332342225386324, 0.0, 0.017044264835210855, 0.01675112023116546], [0.006574814690732443, 0.006826081494199924, 0.007286737300556975, 0.00804053771095942, 0.008249926713848988, 0.009464382930608485, 0.010134427739855102, 0.012186439968172872, 0.011809539762971649, 0.014866619205159345, 0.015452908413250137, 0.017044264835210855, 0.0, 0.02320030152016416], [0.00711922609824532, 0.00745424850286863, 0.007077348297667406, 0.007789270907491938, 0.008333682315004816, 0.009673771933498053, 0.010176305540433016, 0.012270195569328698, 0.012940240378575317, 0.015201641609782655, 0.016248586624230496, 0.01675112023116546, 0.02320030152016416, 0.0]]}