{"counts": [[0.0, 0.022708158116063918, 0.01048068836126027, 0.011386426861616096, 0.009186776217894805, 0.009122080610726531, 0.009316167432231352, 0.007698777253024519, 0.008863298182053439, 0.0075046904315197, 0.008151646503202433, 0.006793038752668693, 0.006016691466649415, 0.006987125574173514, 0.0064048651096590544], [0.022708158116063918, 0.0, 0.01086886200426991, 0.010092514718250631, 0.009122080610726531, 0.009316167432231352, 0.009057385003558259, 0.008798602574885165, 0.008733906967716892, 0.008345733324707252, 0.007957559681697613, 0.00731060361001488, 0.007051821181341787, 0.007569386038687973, 0.006987125574173514], [0.01048068836126027, 0.01086886200426991, 0.0, 0.01028660153975545, 0.01106294882577473, 0.009057385003558259, 0.008669211360548618, 0.008992689396389985, 0.01028660153975545, 0.008669211360548618, 0.008410428931875526, 0.008410428931875526, 0.010027819111082357, 0.007569386038687973, 0.008604515753380346], [0.011386426861616096, 0.010092514718250631, 0.01028660153975545, 0.0, 0.01125703564727955, 0.008151646503202433, 0.008669211360548618, 0.009251471825063078, 0.010027819111082357, 0.009574949860904444, 0.00828103771753898, 0.009122080610726531, 0.007892864074529339, 0.008086950896034159, 0.009380863039399626], [0.009186776217894805, 0.009122080610726531, 0.01106294882577473, 0.01125703564727955, 0.0, 0.010157210325418903, 0.010157210325418903, 0.009445558646567898, 0.009574949860904444, 0.008863298182053439, 0.00828103771753898, 0.00828103771753898, 0.008151646503202433, 0.00828103771753898, 0.008151646503202433], [0.009122080610726531, 0.009316167432231352, 0.009057385003558259, 0.008151646503202433, 0.010157210325418903, 0.0, 0.009769036682409265, 0.009057385003558259, 0.008733906967716892, 0.009122080610726531, 0.008992689396389985, 0.008798602574885165, 0.008863298182053439, 0.008410428931875526, 0.009639645468072718], [0.009316167432231352, 0.009057385003558259, 0.008669211360548618, 0.008669211360548618, 0.010157210325418903, 0.009769036682409265, 0.0, 0.008539820146212072, 0.008604515753380346, 0.011709904897457463, 0.009769036682409265, 0.009574949860904444, 0.009769036682409265, 0.009639645468072718, 0.009122080610726531], [0.007698777253024519, 0.008798602574885165, 0.008992689396389985, 0.009251471825063078, 0.009445558646567898, 0.009057385003558259, 0.008539820146212072, 0.0, 0.01048068836126027, 0.008733906967716892, 0.009574949860904444, 0.008992689396389985, 0.008863298182053439, 0.009057385003558259, 0.008798602574885165], [0.008863298182053439, 0.008733906967716892, 0.01028660153975545, 0.010027819111082357, 0.009574949860904444, 0.008733906967716892, 0.008604515753380346, 0.01048068836126027, 0.0, 0.009380863039399626, 0.008992689396389985, 0.009057385003558259, 0.009380863039399626, 0.009769036682409265, 0.010092514718250631], [0.0075046904315197, 0.008345733324707252, 0.008669211360548618, 0.009574949860904444, 0.008863298182053439, 0.009122080610726531, 0.011709904897457463, 0.008733906967716892, 0.009380863039399626, 0.0, 0.011580513683120916, 0.011321731254447824, 0.010027819111082357, 0.009574949860904444, 0.00989842789674581], [0.008151646503202433, 0.007957559681697613, 0.008410428931875526, 0.00828103771753898, 0.00828103771753898, 0.008992689396389985, 0.009769036682409265, 0.009574949860904444, 0.008992689396389985, 0.011580513683120916, 0.0, 0.011968687326130555, 0.01028660153975545, 0.01048068836126027, 0.010998253218606457], [0.006793038752668693, 0.00731060361001488, 0.008410428931875526, 0.009122080610726531, 0.00828103771753898, 0.008798602574885165, 0.009574949860904444, 0.008992689396389985, 0.009057385003558259, 0.011321731254447824, 0.011968687326130555, 0.0, 0.013068512647991202, 0.011127644432943003, 0.013068512647991202], [0.006016691466649415, 0.007051821181341787, 0.010027819111082357, 0.007892864074529339, 0.008151646503202433, 0.008863298182053439, 0.009769036682409265, 0.008863298182053439, 0.009380863039399626, 0.010027819111082357, 0.01028660153975545, 0.013068512647991202, 0.0, 0.015138772077375946, 0.015591641327553859], [0.006987125574173514, 0.007569386038687973, 0.007569386038687973, 0.008086950896034159, 0.00828103771753898, 0.008410428931875526, 0.009639645468072718, 0.009057385003558259, 0.009769036682409265, 0.009574949860904444, 0.01048068836126027, 0.011127644432943003, 0.015138772077375946, 0.0, 0.015656336934722133], [0.0064048651096590544, 0.006987125574173514, 0.008604515753380346, 0.009380863039399626, 0.008151646503202433, 0.009639645468072718, 0.009122080610726531, 0.008798602574885165, 0.010092514718250631, 0.00989842789674581, 0.010998253218606457, 0.013068512647991202, 0.015591641327553859, 0.015656336934722133, 0.0]], "sysname": ["IITB", "SJTU", "PKU", "RAC", "IPN", "UFC", "AMU", "src", "JMGR", "UMC", "NTHU", "CUUI", "NUCLEA", "POST", "CAMB"]}