{"counts": [[0.0, 0.018076341012275097, 0.017193542962838405, 0.012317134689759543, 0.010509500588532034, 0.011560450647385236, 0.009752816546157726, 0.00924836051790819, 0.008239448461409114, 0.00765091642845132, 0.006894232386077013, 0.006852194383722886, 0.0069783083907852695, 0.007819068437867832], [0.018076341012275097, 0.0, 0.017740036993442072, 0.012106944677988903, 0.011644526652093493, 0.010971918614427442, 0.01013115856734488, 0.007608878426097192, 0.008407600470825626, 0.007272574407264167, 0.00676811837901463, 0.008029258449638473, 0.007356650411972423, 0.006684042374306373], [0.017193542962838405, 0.017740036993442072, 0.0, 0.012443248696821927, 0.011602488649739364, 0.00992096855557424, 0.010089120564990752, 0.00920632251555406, 0.00924836051790819, 0.007777030435513704, 0.007608878426097192, 0.006431814360181604, 0.006684042374306373, 0.00676811837901463], [0.012317134689759543, 0.012106944677988903, 0.012443248696821927, 0.0, 0.01462922481923659, 0.013326046746258619, 0.01147637464267698, 0.010593576593240289, 0.00966874054144947, 0.008912056499075165, 0.008365562468471498, 0.0074407264166806795, 0.008239448461409114, 0.007692954430805448], [0.010509500588532034, 0.011644526652093493, 0.011602488649739364, 0.01462922481923659, 0.0, 0.013914578779216412, 0.012863628720363209, 0.01101395661678157, 0.011350260635614595, 0.008954094501429291, 0.008239448461409114, 0.00924836051790819, 0.00878594249201278, 0.007861106440221961], [0.011560450647385236, 0.010971918614427442, 0.00992096855557424, 0.013326046746258619, 0.013914578779216412, 0.0, 0.011938792668572389, 0.010845804607365058, 0.01147637464267698, 0.01034134857911552, 0.009542626534387085, 0.009164284513199932, 0.008912056499075165, 0.00920632251555406], [0.009752816546157726, 0.01013115856734488, 0.010089120564990752, 0.01147637464267698, 0.012863628720363209, 0.011938792668572389, 0.0, 0.012401210694467799, 0.012317134689759543, 0.011434336640322852, 0.010383386581469648, 0.010929880612073315, 0.008701866487304524, 0.011308222633260468], [0.00924836051790819, 0.007608878426097192, 0.00920632251555406, 0.010593576593240289, 0.01101395661678157, 0.010845804607365058, 0.012401210694467799, 0.0, 0.01303178072977972, 0.01328400874390449, 0.011392298637968723, 0.012443248696821927, 0.011980830670926517, 0.012443248696821927], [0.008239448461409114, 0.008407600470825626, 0.00924836051790819, 0.00966874054144947, 0.011350260635614595, 0.01147637464267698, 0.012317134689759543, 0.01303178072977972, 0.0, 0.013115856734487978, 0.013452160753321002, 0.012106944677988903, 0.011896754666218262, 0.011560450647385236], [0.00765091642845132, 0.007272574407264167, 0.007777030435513704, 0.008912056499075165, 0.008954094501429291, 0.01034134857911552, 0.011434336640322852, 0.01328400874390449, 0.013115856734487978, 0.0, 0.014503110812174206, 0.015259794854548512, 0.014208844795695308, 0.014755338826298973], [0.006894232386077013, 0.00676811837901463, 0.007608878426097192, 0.008365562468471498, 0.008239448461409114, 0.009542626534387085, 0.010383386581469648, 0.011392298637968723, 0.013452160753321002, 0.014503110812174206, 0.0, 0.01710946695813015, 0.017235580965192534, 0.015848326887506307], [0.006852194383722886, 0.008029258449638473, 0.006431814360181604, 0.0074407264166806795, 0.00924836051790819, 0.009164284513199932, 0.010929880612073315, 0.012443248696821927, 0.012106944677988903, 0.015259794854548512, 0.01710946695813015, 0.0, 0.015722212880443922, 0.016689086934588867], [0.0069783083907852695, 0.007356650411972423, 0.006684042374306373, 0.008239448461409114, 0.00878594249201278, 0.008912056499075165, 0.008701866487304524, 0.011980830670926517, 0.011896754666218262, 0.014208844795695308, 0.017235580965192534, 0.015722212880443922, 0.0, 0.024886497393643854], [0.007819068437867832, 0.006684042374306373, 0.00676811837901463, 0.007692954430805448, 0.007861106440221961, 0.00920632251555406, 0.011308222633260468, 0.012443248696821927, 0.011560450647385236, 0.014755338826298973, 0.015848326887506307, 0.016689086934588867, 0.024886497393643854, 0.0]], "sysname": ["SOURCE", "UFC", "IITB", "SJTU", "IPN", "RAC", "PKU", "AMU", "UMC", "NTHU", "CUUI", "POST", "NUCLEA", "CAMB"]}