{"counts": [[0.0, 0.013857312980404893, 0.013099491176789001, 0.012071018729024574, 0.011150806538919563, 0.010934286023600736, 0.01055537512179279, 0.01071776550828191, 0.011096676410089856, 0.010284724477644256, 0.009959943704666017, 0.01039298473530367, 0.009364512287539244, 0.009689293060517483], [0.013857312980404893, 0.0, 0.012558189888491935, 0.014398614268701959, 0.009797553318176897, 0.011746237956046335, 0.01006820396232543, 0.009364512287539244, 0.00974342318934719, 0.009418642416368951, 0.010176464219984844, 0.011583847569557215, 0.010771895637111617, 0.009472772545198658], [0.013099491176789001, 0.012558189888491935, 0.0, 0.011746237956046335, 0.012991230919129588, 0.010284724477644256, 0.012016888600194868, 0.011096676410089856, 0.00909386164339071, 0.009526902674028365, 0.009797553318176897, 0.009959943704666017, 0.010122334091155137, 0.010014073833495724], [0.012071018729024574, 0.014398614268701959, 0.011746237956046335, 0.0, 0.011313196925408683, 0.011800368084876042, 0.009689293060517483, 0.010447114864133376, 0.00990581357583631, 0.010230594348814551, 0.011529717440727508, 0.010771895637111617, 0.010663635379452203, 0.010826025765941324], [0.011150806538919563, 0.009797553318176897, 0.012991230919129588, 0.011313196925408683, 0.0, 0.012179278986683988, 0.011800368084876042, 0.009418642416368951, 0.010880155894771029, 0.01104254628126015, 0.010501244992963083, 0.012504059759662229, 0.010934286023600736, 0.01136732705423839], [0.010934286023600736, 0.011746237956046335, 0.010284724477644256, 0.011800368084876042, 0.012179278986683988, 0.0, 0.011692107827216629, 0.01006820396232543, 0.011854498213705749, 0.012071018729024574, 0.010934286023600736, 0.011800368084876042, 0.00974342318934719, 0.00990581357583631], [0.01055537512179279, 0.01006820396232543, 0.012016888600194868, 0.009689293060517483, 0.011800368084876042, 0.011692107827216629, 0.0, 0.012991230919129588, 0.01104254628126015, 0.00990581357583631, 0.010609505250622497, 0.010663635379452203, 0.011854498213705749, 0.01136732705423839], [0.01071776550828191, 0.009364512287539244, 0.011096676410089856, 0.010447114864133376, 0.009418642416368951, 0.01006820396232543, 0.012991230919129588, 0.0, 0.011313196925408683, 0.010934286023600736, 0.01120493666774927, 0.012016888600194868, 0.010176464219984844, 0.010122334091155137], [0.011096676410089856, 0.00974342318934719, 0.00909386164339071, 0.00990581357583631, 0.010880155894771029, 0.011854498213705749, 0.01104254628126015, 0.011313196925408683, 0.0, 0.010771895637111617, 0.01104254628126015, 0.010988416152430442, 0.012016888600194868, 0.012882970661470174], [0.010284724477644256, 0.009418642416368951, 0.009526902674028365, 0.010230594348814551, 0.01104254628126015, 0.012071018729024574, 0.00990581357583631, 0.010934286023600736, 0.010771895637111617, 0.0, 0.011475587311897802, 0.010934286023600736, 0.011529717440727508, 0.012125148857854281], [0.009959943704666017, 0.010176464219984844, 0.009797553318176897, 0.011529717440727508, 0.010501244992963083, 0.010934286023600736, 0.010609505250622497, 0.01120493666774927, 0.01104254628126015, 0.011475587311897802, 0.0, 0.010501244992963083, 0.010771895637111617, 0.01136732705423839], [0.01039298473530367, 0.011583847569557215, 0.009959943704666017, 0.010771895637111617, 0.012504059759662229, 0.011800368084876042, 0.010663635379452203, 0.012016888600194868, 0.010988416152430442, 0.010934286023600736, 0.010501244992963083, 0.0, 0.011475587311897802, 0.011313196925408683], [0.009364512287539244, 0.010771895637111617, 0.010122334091155137, 0.010663635379452203, 0.010934286023600736, 0.00974342318934719, 0.011854498213705749, 0.010176464219984844, 0.012016888600194868, 0.011529717440727508, 0.010771895637111617, 0.011475587311897802, 0.0, 0.011800368084876042], [0.009689293060517483, 0.009472772545198658, 0.010014073833495724, 0.010826025765941324, 0.01136732705423839, 0.00990581357583631, 0.01136732705423839, 0.010122334091155137, 0.012882970661470174, 0.012125148857854281, 0.01136732705423839, 0.011313196925408683, 0.011800368084876042, 0.0]], "sysname": ["PKU", "AMU", "RAC", "NUCLEA", "CAMB", "POST", "UMC", "SOURCE", "NTHU", "UFC", "IITB", "CUUI", "IPN", "SJTU"]}