{"counts": [[0.0, 0.016689086934588867, 0.016268706911047585, 0.01307381873213385, 0.012106944677988903, 0.010635614595594417, 0.01172860265680175, 0.008954094501429291, 0.007777030435513704, 0.00765091642845132, 0.006894232386077013, 0.006852194383722886, 0.00676811837901463, 0.007356650411972423], [0.016689086934588867, 0.0, 0.017277618967546662, 0.013157894736842105, 0.011140070623843954, 0.010593576593240289, 0.010677652597948546, 0.009038170506137548, 0.00899613250378342, 0.007272574407264167, 0.007356650411972423, 0.007272574407264167, 0.006726080376660501, 0.0069783083907852695], [0.016268706911047585, 0.017277618967546662, 0.0, 0.013157894736842105, 0.012064906675634774, 0.011055994619135699, 0.01055153859088616, 0.008912056499075165, 0.008365562468471498, 0.006684042374306373, 0.007819068437867832, 0.006810156381368757, 0.006810156381368757, 0.007398688414326551], [0.01307381873213385, 0.013157894736842105, 0.013157894736842105, 0.0, 0.013410122750966874, 0.011980830670926517, 0.011812678661510005, 0.009752816546157726, 0.00878594249201278, 0.008827980494366908, 0.009332436522616444, 0.007482764419034807, 0.008365562468471498, 0.00878594249201278], [0.012106944677988903, 0.011140070623843954, 0.012064906675634774, 0.013410122750966874, 0.0, 0.01416680679334118, 0.012695476710946696, 0.010593576593240289, 0.00920632251555406, 0.00924836051790819, 0.008491676475533883, 0.00945855052967883, 0.008954094501429291, 0.009500588532032958], [0.010635614595594417, 0.010593576593240289, 0.011055994619135699, 0.011980830670926517, 0.01416680679334118, 0.0, 0.014461072809820077, 0.011938792668572389, 0.00945855052967883, 0.00899613250378342, 0.00899613250378342, 0.00992096855557424, 0.0097107785438036, 0.009164284513199932], [0.01172860265680175, 0.010677652597948546, 0.01055153859088616, 0.011812678661510005, 0.012695476710946696, 0.014461072809820077, 0.0, 0.011938792668572389, 0.010467462586177905, 0.010047082562636624, 0.009290398520262318, 0.009878930553220111, 0.009878930553220111, 0.009164284513199932], [0.008954094501429291, 0.009038170506137548, 0.008912056499075165, 0.009752816546157726, 0.010593576593240289, 0.011938792668572389, 0.011938792668572389, 0.0, 0.014040692786278796, 0.012401210694467799, 0.011182108626198083, 0.01147637464267698, 0.011770640659155876, 0.01282159071800908], [0.007777030435513704, 0.00899613250378342, 0.008365562468471498, 0.00878594249201278, 0.00920632251555406, 0.00945855052967883, 0.010467462586177905, 0.014040692786278796, 0.0, 0.014419034807465949, 0.013662350765091643, 0.01303178072977972, 0.013115856734487978, 0.014040692786278796], [0.00765091642845132, 0.007272574407264167, 0.006684042374306373, 0.008827980494366908, 0.00924836051790819, 0.00899613250378342, 0.010047082562636624, 0.012401210694467799, 0.014419034807465949, 0.0, 0.015175718849840255, 0.016310744913401714, 0.014461072809820077, 0.015469984866319153], [0.006894232386077013, 0.007356650411972423, 0.007819068437867832, 0.009332436522616444, 0.008491676475533883, 0.00899613250378342, 0.009290398520262318, 0.011182108626198083, 0.013662350765091643, 0.015175718849840255, 0.0, 0.016268706911047585, 0.017235580965192534, 0.0164368589204641], [0.006852194383722886, 0.007272574407264167, 0.006810156381368757, 0.007482764419034807, 0.00945855052967883, 0.00992096855557424, 0.009878930553220111, 0.01147637464267698, 0.01303178072977972, 0.016310744913401714, 0.016268706911047585, 0.0, 0.016941314948713638, 0.016478896922818228], [0.00676811837901463, 0.006726080376660501, 0.006810156381368757, 0.008365562468471498, 0.008954094501429291, 0.0097107785438036, 0.009878930553220111, 0.011770640659155876, 0.013115856734487978, 0.014461072809820077, 0.017235580965192534, 0.016941314948713638, 0.0, 0.020220279132335633], [0.007356650411972423, 0.0069783083907852695, 0.007398688414326551, 0.00878594249201278, 0.009500588532032958, 0.009164284513199932, 0.009164284513199932, 0.01282159071800908, 0.014040692786278796, 0.015469984866319153, 0.0164368589204641, 0.016478896922818228, 0.020220279132335633, 0.0]], "sysname": ["SOURCE", "UFC", "IITB", "SJTU", "IPN", "RAC", "PKU", "AMU", "UMC", "NTHU", "POST", "CUUI", "NUCLEA", "CAMB"]}