{"sysname": ["IITB", "SJTU", "PKU", "RAC", "IPN", "JMGR", "AMU", "UFC", "src", "NTHU", "UMC", "CUUI", "NUCLEA", "POST", "CAMB"], "counts": [[0.0, 0.021543637187035, 0.010739470789933363, 0.010610079575596816, 0.009316167432231352, 0.008539820146212072, 0.010610079575596816, 0.008086950896034159, 0.006987125574173514, 0.007051821181341787, 0.008669211360548618, 0.007698777253024519, 0.0069224299670052405, 0.007181212395678333, 0.006987125574173514], [0.021543637187035, 0.0, 0.01086886200426991, 0.010610079575596816, 0.009057385003558259, 0.009769036682409265, 0.008798602574885165, 0.008345733324707252, 0.009251471825063078, 0.007957559681697613, 0.008216342110370705, 0.007181212395678333, 0.007245908002846606, 0.0075046904315197, 0.006598951931163874], [0.010739470789933363, 0.01086886200426991, 0.0, 0.013133208255159476, 0.010610079575596816, 0.009574949860904444, 0.008669211360548618, 0.009057385003558259, 0.008151646503202433, 0.009445558646567898, 0.009122080610726531, 0.007698777253024519, 0.008669211360548618, 0.008022255288865887, 0.007181212395678333], [0.010610079575596816, 0.010610079575596816, 0.013133208255159476, 0.0, 0.009769036682409265, 0.010933557611438183, 0.008669211360548618, 0.009122080610726531, 0.008669211360548618, 0.007957559681697613, 0.009251471825063078, 0.008798602574885165, 0.00731060361001488, 0.007763472860192793, 0.008216342110370705], [0.009316167432231352, 0.009057385003558259, 0.010610079575596816, 0.009769036682409265, 0.0, 0.009963123503914085, 0.010157210325418903, 0.010027819111082357, 0.008669211360548618, 0.008733906967716892, 0.009963123503914085, 0.009057385003558259, 0.00828103771753898, 0.007439994824351427, 0.008927993789221713], [0.008539820146212072, 0.009769036682409265, 0.009574949860904444, 0.010933557611438183, 0.009963123503914085, 0.0, 0.009251471825063078, 0.009316167432231352, 0.010610079575596816, 0.008216342110370705, 0.008863298182053439, 0.008539820146212072, 0.010157210325418903, 0.008992689396389985, 0.00970434107524099], [0.010610079575596816, 0.008798602574885165, 0.008669211360548618, 0.008669211360548618, 0.010157210325418903, 0.009251471825063078, 0.0, 0.010027819111082357, 0.010221905932587178, 0.009251471825063078, 0.008927993789221713, 0.009122080610726531, 0.009380863039399626, 0.009769036682409265, 0.009186776217894805], [0.008086950896034159, 0.008345733324707252, 0.009057385003558259, 0.009122080610726531, 0.010027819111082357, 0.009316167432231352, 0.010027819111082357, 0.0, 0.009186776217894805, 0.00989842789674581, 0.008604515753380346, 0.0084751245390438, 0.009316167432231352, 0.009445558646567898, 0.008086950896034159], [0.006987125574173514, 0.009251471825063078, 0.008151646503202433, 0.008669211360548618, 0.008669211360548618, 0.010610079575596816, 0.010221905932587178, 0.009186776217894805, 0.0, 0.008669211360548618, 0.009186776217894805, 0.009316167432231352, 0.009510254253736172, 0.008992689396389985, 0.01086886200426991], [0.007051821181341787, 0.007957559681697613, 0.009445558646567898, 0.007957559681697613, 0.008733906967716892, 0.008216342110370705, 0.009251471825063078, 0.00989842789674581, 0.008669211360548618, 0.0, 0.011774600504625737, 0.011968687326130555, 0.010998253218606457, 0.01028660153975545, 0.012162774147635376], [0.008669211360548618, 0.008216342110370705, 0.009122080610726531, 0.009251471825063078, 0.009963123503914085, 0.008863298182053439, 0.008927993789221713, 0.008604515753380346, 0.009186776217894805, 0.011774600504625737, 0.0, 0.010545383968428544, 0.011580513683120916, 0.010610079575596816, 0.009833732289577537], [0.007698777253024519, 0.007181212395678333, 0.007698777253024519, 0.008798602574885165, 0.009057385003558259, 0.008539820146212072, 0.009122080610726531, 0.0084751245390438, 0.009316167432231352, 0.011968687326130555, 0.010545383968428544, 0.0, 0.013262599469496022, 0.011709904897457463, 0.013133208255159476], [0.0069224299670052405, 0.007245908002846606, 0.008669211360548618, 0.00731060361001488, 0.00828103771753898, 0.010157210325418903, 0.009380863039399626, 0.009316167432231352, 0.009510254253736172, 0.010998253218606457, 0.011580513683120916, 0.013262599469496022, 0.0, 0.012486252183476742, 0.013909555541178753], [0.007181212395678333, 0.0075046904315197, 0.008022255288865887, 0.007763472860192793, 0.007439994824351427, 0.008992689396389985, 0.009769036682409265, 0.009445558646567898, 0.008992689396389985, 0.01028660153975545, 0.010610079575596816, 0.011709904897457463, 0.012486252183476742, 0.0, 0.017273727113928963], [0.006987125574173514, 0.006598951931163874, 0.007181212395678333, 0.008216342110370705, 0.008927993789221713, 0.00970434107524099, 0.009186776217894805, 0.008086950896034159, 0.01086886200426991, 0.012162774147635376, 0.009833732289577537, 0.013133208255159476, 0.013909555541178753, 0.017273727113928963, 0.0]]}