{"counts": [[0.0, 0.019096277063528625, 0.01733740943925625, 0.013023995979731145, 0.012270195569328698, 0.011642028560659995, 0.010762594748523808, 0.00711922609824532, 0.007496126303446543, 0.007496126303446543, 0.006114158884375393, 0.007202981699401147, 0.005946647682063738, 0.006574814690732443], [0.019096277063528625, 0.0, 0.017714309644457474, 0.013317140583776541, 0.011977050965283304, 0.011348883956614599, 0.00942250513003057, 0.007496126303446543, 0.009213116127141003, 0.006867959294777838, 0.0066166924913103565, 0.006909837095355752, 0.0066585702918882704, 0.006239792286109134], [0.01733740943925625, 0.017714309644457474, 0.0, 0.013735918589555677, 0.011977050965283304, 0.010008794338121362, 0.010511327945056326, 0.008417437916160644, 0.00883621592193978, 0.00711922609824532, 0.007035470497089493, 0.006574814690732443, 0.006784203693622011, 0.0075798819046023706], [0.013023995979731145, 0.013317140583776541, 0.013735918589555677, 0.0, 0.012940240378575317, 0.011809539762971649, 0.012563340173374094, 0.009254993927718917, 0.009213116127141003, 0.007789270907491938, 0.008417437916160644, 0.008961849323673521, 0.008584949118472298, 0.007873026508647766], [0.012270195569328698, 0.011977050965283304, 0.011977050965283304, 0.012940240378575317, 0.0, 0.01273085137568575, 0.012898362577997403, 0.011181372754302943, 0.011265128355458771, 0.009338749528874743, 0.008752460320783952, 0.00837556011558273, 0.008584949118472298, 0.008543071317894384], [0.011642028560659995, 0.011348883956614599, 0.010008794338121362, 0.011809539762971649, 0.01273085137568575, 0.0, 0.013400896184932367, 0.011390761757192513, 0.010720716947945894, 0.010176305540433016, 0.009506260731186399, 0.010511327945056326, 0.008878093722517693, 0.009464382930608485], [0.010762594748523808, 0.00942250513003057, 0.010511327945056326, 0.012563340173374094, 0.012898362577997403, 0.013400896184932367, 0.0, 0.012479584572218268, 0.011516395158926253, 0.010050672138699276, 0.010846350349679635, 0.010134427739855102, 0.008333682315004816, 0.01009254993927719], [0.00711922609824532, 0.007496126303446543, 0.008417437916160644, 0.009254993927718917, 0.011181372754302943, 0.011390761757192513, 0.012479584572218268, 0.0, 0.014824741404581432, 0.013735918589555677, 0.013065873780309057, 0.011474517358348339, 0.012228317768750786, 0.012647095774529922], [0.007496126303446543, 0.009213116127141003, 0.00883621592193978, 0.009213116127141003, 0.011265128355458771, 0.010720716947945894, 0.011516395158926253, 0.014824741404581432, 0.0, 0.013861551991289418, 0.013149629381464885, 0.01160015076008208, 0.012144562167594958, 0.012312073369906612], [0.007496126303446543, 0.006867959294777838, 0.00711922609824532, 0.007789270907491938, 0.009338749528874743, 0.010176305540433016, 0.010050672138699276, 0.013735918589555677, 0.013861551991289418, 0.0, 0.015746053017295533, 0.015327275011516395, 0.014364085598224382, 0.01490849700573726], [0.006114158884375393, 0.0066166924913103565, 0.007035470497089493, 0.008417437916160644, 0.008752460320783952, 0.009506260731186399, 0.010846350349679635, 0.013065873780309057, 0.013149629381464885, 0.015746053017295533, 0.0, 0.015787930817873445, 0.016792998031743372, 0.015704175216717617], [0.007202981699401147, 0.006909837095355752, 0.006574814690732443, 0.008961849323673521, 0.00837556011558273, 0.010511327945056326, 0.010134427739855102, 0.011474517358348339, 0.01160015076008208, 0.015327275011516395, 0.015787930817873445, 0.0, 0.017086142635788767, 0.01742116504041208], [0.005946647682063738, 0.0066585702918882704, 0.006784203693622011, 0.008584949118472298, 0.008584949118472298, 0.008878093722517693, 0.008333682315004816, 0.012228317768750786, 0.012144562167594958, 0.014364085598224382, 0.016792998031743372, 0.017086142635788767, 0.0, 0.02479165794212488], [0.006574814690732443, 0.006239792286109134, 0.0075798819046023706, 0.007873026508647766, 0.008543071317894384, 0.009464382930608485, 0.01009254993927719, 0.012647095774529922, 0.012312073369906612, 0.01490849700573726, 0.015704175216717617, 0.01742116504041208, 0.02479165794212488, 0.0]], "sysname": ["SOURCE", "UFC", "IITB", "SJTU", "IPN", "RAC", "PKU", "AMU", "UMC", "NTHU", "POST", "CUUI", "NUCLEA", "CAMB"]}