{"counts": [[0.0, 0.01752984698167143, 0.017908189002858583, 0.013326046746258619, 0.01147637464267698, 0.009836892550865983, 0.010215234572053136, 0.007608878426097192, 0.008407600470825626, 0.008365562468471498, 0.0074407264166806795, 0.006557928367243989, 0.006894232386077013, 0.006642004371952245], [0.01752984698167143, 0.0, 0.01895913906171179, 0.012695476710946696, 0.012653438708592568, 0.010005044560282495, 0.009878930553220111, 0.008197410459054985, 0.008617790482596267, 0.007692954430805448, 0.00651589036488986, 0.006684042374306373, 0.006894232386077013, 0.006726080376660501], [0.017908189002858583, 0.01895913906171179, 0.0, 0.013704388767445772, 0.011644526652093493, 0.010299310576761393, 0.010215234572053136, 0.008281486463763242, 0.008617790482596267, 0.00790314444257609, 0.007104422397847654, 0.006642004371952245, 0.005591054313099041, 0.00651589036488986], [0.013326046746258619, 0.012695476710946696, 0.013704388767445772, 0.0, 0.01303178072977972, 0.012106944677988903, 0.01080376660501093, 0.010887842609719187, 0.00920632251555406, 0.009878930553220111, 0.008197410459054985, 0.008575752480242138, 0.008071296451992602, 0.007482764419034807], [0.01147637464267698, 0.012653438708592568, 0.011644526652093493, 0.01303178072977972, 0.0, 0.01261140070623844, 0.01235917269211367, 0.01080376660501093, 0.010845804607365058, 0.009542626534387085, 0.009626702539095342, 0.008407600470825626, 0.008659828484950395, 0.009164284513199932], [0.009836892550865983, 0.010005044560282495, 0.010299310576761393, 0.012106944677988903, 0.01261140070623844, 0.0, 0.01437699680511182, 0.01261140070623844, 0.00992096855557424, 0.010173196569699007, 0.00992096855557424, 0.00992096855557424, 0.008827980494366908, 0.010509500588532034], [0.010215234572053136, 0.009878930553220111, 0.010215234572053136, 0.01080376660501093, 0.01235917269211367, 0.01437699680511182, 0.0, 0.011812678661510005, 0.012064906675634774, 0.010173196569699007, 0.011055994619135699, 0.009963006557928367, 0.010299310576761393, 0.0097107785438036], [0.007608878426097192, 0.008197410459054985, 0.008281486463763242, 0.010887842609719187, 0.01080376660501093, 0.01261140070623844, 0.011812678661510005, 0.0, 0.014250882798049437, 0.012317134689759543, 0.011140070623843954, 0.012064906675634774, 0.012947704725071464, 0.011770640659155876], [0.008407600470825626, 0.008617790482596267, 0.008617790482596267, 0.00920632251555406, 0.010845804607365058, 0.00992096855557424, 0.012064906675634774, 0.014250882798049437, 0.0, 0.012443248696821927, 0.013746426769799898, 0.011686564654447621, 0.01307381873213385, 0.012989742727425592], [0.008365562468471498, 0.007692954430805448, 0.00790314444257609, 0.009878930553220111, 0.009542626534387085, 0.010173196569699007, 0.010173196569699007, 0.012317134689759543, 0.012443248696821927, 0.0, 0.014797376828653102, 0.014965528838069614, 0.013788464772154027, 0.015049604842777871], [0.0074407264166806795, 0.00651589036488986, 0.007104422397847654, 0.008197410459054985, 0.009626702539095342, 0.00992096855557424, 0.011055994619135699, 0.011140070623843954, 0.013746426769799898, 0.014797376828653102, 0.0, 0.01757188498402556, 0.014587186816882461, 0.01593240289221456], [0.006557928367243989, 0.006684042374306373, 0.006642004371952245, 0.008575752480242138, 0.008407600470825626, 0.00992096855557424, 0.009963006557928367, 0.012064906675634774, 0.011686564654447621, 0.014965528838069614, 0.01757188498402556, 0.0, 0.01736169497225492, 0.017403732974609048], [0.006894232386077013, 0.006894232386077013, 0.005591054313099041, 0.008071296451992602, 0.008659828484950395, 0.008827980494366908, 0.010299310576761393, 0.012947704725071464, 0.01307381873213385, 0.013788464772154027, 0.014587186816882461, 0.01736169497225492, 0.0, 0.024255927358331934], [0.006642004371952245, 0.006726080376660501, 0.00651589036488986, 0.007482764419034807, 0.009164284513199932, 0.010509500588532034, 0.0097107785438036, 0.011770640659155876, 0.012989742727425592, 0.015049604842777871, 0.01593240289221456, 0.017403732974609048, 0.024255927358331934, 0.0]], "sysname": ["SOURCE", "UFC", "IITB", "SJTU", "IPN", "RAC", "PKU", "AMU", "UMC", "NTHU", "POST", "CUUI", "NUCLEA", "CAMB"]}