{"counts": [[0.0, 0.022449375687390825, 0.010221905932587178, 0.009574949860904444, 0.010415992754091998, 0.008345733324707252, 0.008863298182053439, 0.010351297146923724, 0.007957559681697613, 0.006793038752668693, 0.007634081645856246, 0.006598951931163874, 0.0084751245390438, 0.007634081645856246, 0.006081387073817688], [0.022449375687390825, 0.0, 0.010933557611438183, 0.009445558646567898, 0.00989842789674581, 0.008669211360548618, 0.007892864074529339, 0.009316167432231352, 0.008863298182053439, 0.008410428931875526, 0.00828103771753898, 0.008669211360548618, 0.0069224299670052405, 0.006146082680985961, 0.00711651678851006], [0.010221905932587178, 0.010933557611438183, 0.0, 0.01028660153975545, 0.010610079575596816, 0.009769036682409265, 0.009251471825063078, 0.009186776217894805, 0.009639645468072718, 0.009057385003558259, 0.007698777253024519, 0.008539820146212072, 0.008216342110370705, 0.008669211360548618, 0.008927993789221713], [0.009574949860904444, 0.009445558646567898, 0.01028660153975545, 0.0, 0.011192340040111276, 0.009510254253736172, 0.00828103771753898, 0.009639645468072718, 0.009510254253736172, 0.010157210325418903, 0.008151646503202433, 0.0084751245390438, 0.009445558646567898, 0.007892864074529339, 0.008669211360548618], [0.010415992754091998, 0.00989842789674581, 0.010610079575596816, 0.011192340040111276, 0.0, 0.009769036682409265, 0.009057385003558259, 0.008669211360548618, 0.009251471825063078, 0.008863298182053439, 0.008992689396389985, 0.009057385003558259, 0.007763472860192793, 0.008410428931875526, 0.0084751245390438], [0.008345733324707252, 0.008669211360548618, 0.009769036682409265, 0.009510254253736172, 0.009769036682409265, 0.0, 0.010610079575596816, 0.009510254253736172, 0.007828168467361066, 0.008539820146212072, 0.009833732289577537, 0.008733906967716892, 0.009574949860904444, 0.008927993789221713, 0.007828168467361066], [0.008863298182053439, 0.007892864074529339, 0.009251471825063078, 0.00828103771753898, 0.009057385003558259, 0.010610079575596816, 0.0, 0.009833732289577537, 0.010739470789933363, 0.010933557611438183, 0.009186776217894805, 0.009510254253736172, 0.008733906967716892, 0.008992689396389985, 0.010092514718250631], [0.010351297146923724, 0.009316167432231352, 0.009186776217894805, 0.009639645468072718, 0.008669211360548618, 0.009510254253736172, 0.009833732289577537, 0.0, 0.008992689396389985, 0.010998253218606457, 0.009380863039399626, 0.007569386038687973, 0.009251471825063078, 0.009122080610726531, 0.01086886200426991], [0.007957559681697613, 0.008863298182053439, 0.009639645468072718, 0.009510254253736172, 0.009251471825063078, 0.007828168467361066, 0.010739470789933363, 0.008992689396389985, 0.0, 0.009316167432231352, 0.009574949860904444, 0.009380863039399626, 0.008669211360548618, 0.008151646503202433, 0.009186776217894805], [0.006793038752668693, 0.008410428931875526, 0.009057385003558259, 0.010157210325418903, 0.008863298182053439, 0.008539820146212072, 0.010933557611438183, 0.010998253218606457, 0.009316167432231352, 0.0, 0.010221905932587178, 0.010092514718250631, 0.010610079575596816, 0.010739470789933363, 0.01048068836126027], [0.007634081645856246, 0.00828103771753898, 0.007698777253024519, 0.008151646503202433, 0.008992689396389985, 0.009833732289577537, 0.009186776217894805, 0.009380863039399626, 0.009574949860904444, 0.010221905932587178, 0.0, 0.011839296111794009, 0.010157210325418903, 0.011580513683120916, 0.011774600504625737], [0.006598951931163874, 0.008669211360548618, 0.008539820146212072, 0.0084751245390438, 0.009057385003558259, 0.008733906967716892, 0.009510254253736172, 0.007569386038687973, 0.009380863039399626, 0.010092514718250631, 0.011839296111794009, 0.0, 0.012486252183476742, 0.012421556576308468, 0.011903991718962283], [0.0084751245390438, 0.0069224299670052405, 0.008216342110370705, 0.009445558646567898, 0.007763472860192793, 0.009574949860904444, 0.008733906967716892, 0.009251471825063078, 0.008669211360548618, 0.010610079575596816, 0.010157210325418903, 0.012486252183476742, 0.0, 0.014103642362683574, 0.015268163291712492], [0.007634081645856246, 0.006146082680985961, 0.008669211360548618, 0.007892864074529339, 0.008410428931875526, 0.008927993789221713, 0.008992689396389985, 0.009122080610726531, 0.008151646503202433, 0.010739470789933363, 0.011580513683120916, 0.012421556576308468, 0.014103642362683574, 0.0, 0.015397554506049039], [0.006081387073817688, 0.00711651678851006, 0.008927993789221713, 0.008669211360548618, 0.0084751245390438, 0.007828168467361066, 0.010092514718250631, 0.01086886200426991, 0.009186776217894805, 0.01048068836126027, 0.011774600504625737, 0.011903991718962283, 0.015268163291712492, 0.015397554506049039, 0.0]], "sysname": ["IITB", "SJTU", "PKU", "RAC", "IPN", "UFC", "AMU", "JMGR", "src", "UMC", "NTHU", "CUUI", "NUCLEA", "POST", "CAMB"]}