{"sysname": ["SOURCE", "UFC", "IITB", "SJTU", "IPN", "RAC", "PKU", "AMU", "UMC", "NTHU", "POST", "CUUI", "NUCLEA", "CAMB"], "counts": [[0.0, 0.018174965450814522, 0.016918631433477115, 0.01390342979186733, 0.010343816742744672, 0.011097617153147117, 0.009380627329452657, 0.009799405335231794, 0.007286737300556975, 0.007328615101134889, 0.006951714895933665, 0.007161103898823234, 0.006826081494199924, 0.006742325893044097], [0.018174965450814522, 0.0, 0.018342476653126178, 0.013359018384354453, 0.011390761757192513, 0.009841283135809707, 0.010134427739855102, 0.008543071317894384, 0.008249926713848988, 0.006993592696511579, 0.007286737300556975, 0.006951714895933665, 0.007621759705180284, 0.006030403283219565], [0.016918631433477115, 0.018342476653126178, 0.0, 0.012814606976841576, 0.012270195569328698, 0.009925038736965534, 0.010050672138699276, 0.009841283135809707, 0.007998659910381506, 0.007412370702290716, 0.007370492901712802, 0.007035470497089493, 0.00711922609824532, 0.006449181288998702], [0.01390342979186733, 0.013359018384354453, 0.012814606976841576, 0.0, 0.013526529586666109, 0.013107751580886971, 0.01101386155199129, 0.008752460320783952, 0.010301938942166758, 0.008584949118472298, 0.00804053771095942, 0.00791490430922568, 0.008584949118472298, 0.007998659910381506], [0.010343816742744672, 0.011390761757192513, 0.012270195569328698, 0.013526529586666109, 0.0, 0.013694040788977763, 0.012563340173374094, 0.009464382930608485, 0.010008794338121362, 0.009799405335231794, 0.009590016332342225, 0.009003727124251435, 0.009506260731186399, 0.009548138531764313], [0.011097617153147117, 0.009841283135809707, 0.009925038736965534, 0.013107751580886971, 0.013694040788977763, 0.0, 0.013065873780309057, 0.011516395158926253, 0.011348883956614599, 0.01055320574563424, 0.00883621592193978, 0.009087482725407261, 0.009631894132920139, 0.00975752753465388], [0.009380627329452657, 0.010134427739855102, 0.010050672138699276, 0.01101386155199129, 0.012563340173374094, 0.013065873780309057, 0.0, 0.011977050965283304, 0.011683906361237908, 0.01088822815025755, 0.009548138531764313, 0.011474517358348339, 0.01009254993927719, 0.010469450144478412], [0.009799405335231794, 0.008543071317894384, 0.009841283135809707, 0.008752460320783952, 0.009464382930608485, 0.011516395158926253, 0.011977050965283304, 0.0, 0.014405963398802294, 0.012018928765861216, 0.013442773985510281, 0.011265128355458771, 0.012186439968172872, 0.011558272959504167], [0.007286737300556975, 0.008249926713848988, 0.007998659910381506, 0.010301938942166758, 0.010008794338121362, 0.011348883956614599, 0.011683906361237908, 0.014405963398802294, 0.0, 0.01377779639013359, 0.013191507182042799, 0.013149629381464885, 0.01101386155199129, 0.013149629381464885], [0.007328615101134889, 0.006993592696511579, 0.007412370702290716, 0.008584949118472298, 0.009799405335231794, 0.01055320574563424, 0.01088822815025755, 0.012018928765861216, 0.01377779639013359, 0.0, 0.015411030612672223, 0.01562041961556179, 0.01490849700573726, 0.014531596800536036], [0.006951714895933665, 0.007286737300556975, 0.007370492901712802, 0.00804053771095942, 0.009590016332342225, 0.00883621592193978, 0.009548138531764313, 0.013442773985510281, 0.013191507182042799, 0.015411030612672223, 0.0, 0.01721177603752251, 0.014489718999958122, 0.01662548682943172], [0.007161103898823234, 0.006951714895933665, 0.007035470497089493, 0.00791490430922568, 0.009003727124251435, 0.009087482725407261, 0.011474517358348339, 0.011265128355458771, 0.013149629381464885, 0.01562041961556179, 0.01721177603752251, 0.0, 0.015076008208048913, 0.017128020436366683], [0.006826081494199924, 0.007621759705180284, 0.00711922609824532, 0.008584949118472298, 0.009506260731186399, 0.009631894132920139, 0.01009254993927719, 0.012186439968172872, 0.01101386155199129, 0.01490849700573726, 0.014489718999958122, 0.015076008208048913, 0.0, 0.02395410193056661], [0.006742325893044097, 0.006030403283219565, 0.006449181288998702, 0.007998659910381506, 0.009548138531764313, 0.00975752753465388, 0.010469450144478412, 0.011558272959504167, 0.013149629381464885, 0.014531596800536036, 0.01662548682943172, 0.017128020436366683, 0.02395410193056661, 0.0]]}