{"sysname": ["CAMB", "NUCLEA", "CUUI", "POST", "NTHU", "UMC", "AMU", "PKU", "RAC", "IPN", "SJTU", "IITB", "UFC", "SOURCE"], "counts": [[0.0, 0.02414203745804915, 0.01759229186965465, 0.01683447006603876, 0.013965573238064306, 0.012828840532640468, 0.011637977698386922, 0.010988416152430442, 0.009364512287539244, 0.007902998809137167, 0.008390169968604526, 0.007307567392010393, 0.006441485330735087, 0.006658005846053913], [0.02414203745804915, 0.0, 0.017159250839016996, 0.015589477102955504, 0.014127963624553427, 0.012504059759662229, 0.011259066796578976, 0.009202121901050124, 0.01006820396232543, 0.008714950741582765, 0.008390169968604526, 0.00638735520190538, 0.006766266103713327, 0.00703691674786186], [0.01759229186965465, 0.017159250839016996, 0.0, 0.01775468225614377, 0.014615134784020786, 0.012071018729024574, 0.012287539244343402, 0.01120493666774927, 0.009797553318176897, 0.007902998809137167, 0.007794738551477752, 0.00703691674786186, 0.006062574428927141, 0.006658005846053913], [0.01683447006603876, 0.015589477102955504, 0.01775468225614377, 0.0, 0.014506874526361372, 0.012666450146151347, 0.012341669373173108, 0.011096676410089856, 0.009526902674028365, 0.009418642416368951, 0.008552560355093644, 0.006333225073075674, 0.0073616975208401, 0.006441485330735087], [0.013965573238064306, 0.014127963624553427, 0.014615134784020786, 0.014506874526361372, 0.0, 0.015264696329977265, 0.013965573238064306, 0.011854498213705749, 0.011854498213705749, 0.008390169968604526, 0.008877341128071885, 0.007091046876691567, 0.007253437263180686, 0.006224964815416261], [0.012828840532640468, 0.012504059759662229, 0.012071018729024574, 0.012666450146151347, 0.015264696329977265, 0.0, 0.014127963624553427, 0.01261232001732164, 0.01104254628126015, 0.009418642416368951, 0.009039731514561005, 0.007957128937966872, 0.008065389195626285, 0.008552560355093644], [0.011637977698386922, 0.011259066796578976, 0.012287539244343402, 0.012341669373173108, 0.013965573238064306, 0.014127963624553427, 0.0, 0.011475587311897802, 0.011800368084876042, 0.010934286023600736, 0.009689293060517483, 0.009581032802858071, 0.008769080870412472, 0.007902998809137167], [0.010988416152430442, 0.009202121901050124, 0.01120493666774927, 0.011096676410089856, 0.011854498213705749, 0.01261232001732164, 0.011475587311897802, 0.0, 0.012937100790299881, 0.01136732705423839, 0.010934286023600736, 0.010338854606473963, 0.009472772545198658, 0.009039731514561005], [0.009364512287539244, 0.01006820396232543, 0.009797553318176897, 0.009526902674028365, 0.011854498213705749, 0.01104254628126015, 0.011800368084876042, 0.012937100790299881, 0.0, 0.011637977698386922, 0.011583847569557215, 0.010771895637111617, 0.01006820396232543, 0.01055537512179279], [0.007902998809137167, 0.008714950741582765, 0.007902998809137167, 0.009418642416368951, 0.008390169968604526, 0.009418642416368951, 0.010934286023600736, 0.01136732705423839, 0.011637977698386922, 0.0, 0.014615134784020786, 0.012937100790299881, 0.013370141820937534, 0.013640792465086067], [0.008390169968604526, 0.008390169968604526, 0.007794738551477752, 0.008552560355093644, 0.008877341128071885, 0.009039731514561005, 0.009689293060517483, 0.010934286023600736, 0.011583847569557215, 0.014615134784020786, 0.0, 0.01261232001732164, 0.012882970661470174, 0.01407383349572372], [0.007307567392010393, 0.00638735520190538, 0.00703691674786186, 0.006333225073075674, 0.007091046876691567, 0.007957128937966872, 0.009581032802858071, 0.010338854606473963, 0.010771895637111617, 0.012937100790299881, 0.01261232001732164, 0.0, 0.01775468225614377, 0.01683447006603876], [0.006441485330735087, 0.006766266103713327, 0.006062574428927141, 0.0073616975208401, 0.007253437263180686, 0.008065389195626285, 0.008769080870412472, 0.009472772545198658, 0.01006820396232543, 0.013370141820937534, 0.012882970661470174, 0.01775468225614377, 0.0, 0.018133593157951718], [0.006658005846053913, 0.00703691674786186, 0.006658005846053913, 0.006441485330735087, 0.006224964815416261, 0.008552560355093644, 0.007902998809137167, 0.009039731514561005, 0.01055537512179279, 0.013640792465086067, 0.01407383349572372, 0.01683447006603876, 0.018133593157951718, 0.0]]}