{"sysname": ["SOURCE", "UFC", "IITB", "SJTU", "IPN", "RAC", "PKU", "AMU", "UMC", "NTHU", "POST", "CUUI", "NUCLEA", "CAMB"], "counts": [[0.0, 0.01752984698167143, 0.01799226500756684, 0.013452160753321002, 0.012022868673280646, 0.010593576593240289, 0.008617790482596267, 0.008365562468471498, 0.008449638473179755, 0.0074407264166806795, 0.0074407264166806795, 0.007314612409618295, 0.006431814360181604, 0.006852194383722886], [0.01752984698167143, 0.0, 0.017445770976963176, 0.011812678661510005, 0.01172860265680175, 0.011602488649739364, 0.010635614595594417, 0.008239448461409114, 0.008155372456700857, 0.007482764419034807, 0.00765091642845132, 0.007482764419034807, 0.00718849840255591, 0.006642004371952245], [0.01799226500756684, 0.017445770976963176, 0.0, 0.013578274760383386, 0.01214898268034303, 0.01147637464267698, 0.008323524466117371, 0.008239448461409114, 0.00878594249201278, 0.007356650411972423, 0.0069783083907852695, 0.007272574407264167, 0.007314612409618295, 0.005969396334286194], [0.013452160753321002, 0.011812678661510005, 0.013578274760383386, 0.0, 0.013157894736842105, 0.012401210694467799, 0.011980830670926517, 0.0097107785438036, 0.00920632251555406, 0.009416512527324701, 0.009332436522616444, 0.007861106440221961, 0.007398688414326551, 0.007692954430805448], [0.012022868673280646, 0.01172860265680175, 0.01214898268034303, 0.013157894736842105, 0.0, 0.011644526652093493, 0.012989742727425592, 0.010677652597948546, 0.010509500588532034, 0.00878594249201278, 0.009332436522616444, 0.00945855052967883, 0.009164284513199932, 0.008449638473179755], [0.010593576593240289, 0.011602488649739364, 0.01147637464267698, 0.012401210694467799, 0.011644526652093493, 0.0, 0.013704388767445772, 0.011980830670926517, 0.010845804607365058, 0.00966874054144947, 0.010005044560282495, 0.009122246510845805, 0.00920632251555406, 0.00920632251555406], [0.008617790482596267, 0.010635614595594417, 0.008323524466117371, 0.011980830670926517, 0.012989742727425592, 0.013704388767445772, 0.0, 0.012443248696821927, 0.012233058685051286, 0.010971918614427442, 0.010257272574407264, 0.010047082562636624, 0.010215234572053136, 0.010509500588532034], [0.008365562468471498, 0.008239448461409114, 0.008239448461409114, 0.0097107785438036, 0.010677652597948546, 0.011980830670926517, 0.012443248696821927, 0.0, 0.014713300823944847, 0.01172860265680175, 0.011560450647385236, 0.012106944677988903, 0.012905666722717337, 0.01235917269211367], [0.008449638473179755, 0.008155372456700857, 0.00878594249201278, 0.00920632251555406, 0.010509500588532034, 0.010845804607365058, 0.012233058685051286, 0.014713300823944847, 0.0, 0.012527324701530184, 0.011434336640322852, 0.013452160753321002, 0.011560450647385236, 0.013452160753321002], [0.0074407264166806795, 0.007482764419034807, 0.007356650411972423, 0.009416512527324701, 0.00878594249201278, 0.00966874054144947, 0.010971918614427442, 0.01172860265680175, 0.012527324701530184, 0.0, 0.015890364889860432, 0.01580628888515218, 0.014503110812174206, 0.015638136875735665], [0.0074407264166806795, 0.00765091642845132, 0.0069783083907852695, 0.009332436522616444, 0.009332436522616444, 0.010005044560282495, 0.010257272574407264, 0.011560450647385236, 0.011434336640322852, 0.015890364889860432, 0.0, 0.0164368589204641, 0.01437699680511182, 0.017277618967546662], [0.007314612409618295, 0.007482764419034807, 0.007272574407264167, 0.007861106440221961, 0.00945855052967883, 0.009122246510845805, 0.010047082562636624, 0.012106944677988903, 0.013452160753321002, 0.01580628888515218, 0.0164368589204641, 0.0, 0.015848326887506307, 0.016058516899276946], [0.006431814360181604, 0.00718849840255591, 0.007314612409618295, 0.007398688414326551, 0.009164284513199932, 0.00920632251555406, 0.010215234572053136, 0.012905666722717337, 0.011560450647385236, 0.014503110812174206, 0.01437699680511182, 0.015848326887506307, 0.0, 0.02476038338658147], [0.006852194383722886, 0.006642004371952245, 0.005969396334286194, 0.007692954430805448, 0.008449638473179755, 0.00920632251555406, 0.010509500588532034, 0.01235917269211367, 0.013452160753321002, 0.015638136875735665, 0.017277618967546662, 0.016058516899276946, 0.02476038338658147, 0.0]]}