{"counts": [[0.0, 0.017881820846769127, 0.017169898236944595, 0.013191507182042799, 0.01160015076008208, 0.010846350349679635, 0.010343816742744672, 0.008878093722517693, 0.008249926713848988, 0.007202981699401147, 0.007412370702290716, 0.006323547887264961, 0.006491059089576616, 0.007161103898823234], [0.017881820846769127, 0.0, 0.01641609782654215, 0.013945307592445244, 0.011977050965283304, 0.010846350349679635, 0.009506260731186399, 0.008291804514426902, 0.009213116127141003, 0.008166171112693162, 0.006239792286109134, 0.007286737300556975, 0.006156036684953306, 0.006993592696511579], [0.017169898236944595, 0.01641609782654215, 0.0, 0.013987185393023158, 0.012898362577997403, 0.010176305540433016, 0.009380627329452657, 0.00791490430922568, 0.008333682315004816, 0.007035470497089493, 0.007621759705180284, 0.007244859499979061, 0.0077055153063361114, 0.00711922609824532], [0.013191507182042799, 0.013945307592445244, 0.013987185393023158, 0.0, 0.013694040788977763, 0.011558272959504167, 0.01193517316470539, 0.009506260731186399, 0.008919971523095607, 0.008208048913271076, 0.008249926713848988, 0.008333682315004816, 0.008584949118472298, 0.007789270907491938], [0.01160015076008208, 0.011977050965283304, 0.012898362577997403, 0.013694040788977763, 0.0, 0.014447841199380208, 0.01206080656643913, 0.009631894132920139, 0.010762594748523808, 0.009631894132920139, 0.00871058252020604, 0.008249926713848988, 0.008752460320783952, 0.008124293312115248], [0.010846350349679635, 0.010846350349679635, 0.010176305540433016, 0.011558272959504167, 0.014447841199380208, 0.0, 0.012898362577997403, 0.011474517358348339, 0.01067883914736798, 0.009506260731186399, 0.009715649734075966, 0.009213116127141003, 0.010762594748523808, 0.009087482725407261], [0.010343816742744672, 0.009506260731186399, 0.009380627329452657, 0.01193517316470539, 0.01206080656643913, 0.012898362577997403, 0.0, 0.011558272959504167, 0.01172578416181582, 0.010762594748523808, 0.011139494953725031, 0.010720716947945894, 0.009590016332342225, 0.011055739352569203], [0.008878093722517693, 0.008291804514426902, 0.00791490430922568, 0.009506260731186399, 0.009631894132920139, 0.011474517358348339, 0.011558272959504167, 0.0, 0.015327275011516395, 0.013400896184932367, 0.012270195569328698, 0.01239582897106244, 0.011809539762971649, 0.012688973575107836], [0.008249926713848988, 0.009213116127141003, 0.008333682315004816, 0.008919971523095607, 0.010762594748523808, 0.01067883914736798, 0.01172578416181582, 0.015327275011516395, 0.0, 0.012186439968172872, 0.011558272959504167, 0.012940240378575317, 0.012186439968172872, 0.013065873780309057], [0.007202981699401147, 0.008166171112693162, 0.007035470497089493, 0.008208048913271076, 0.009631894132920139, 0.009506260731186399, 0.010762594748523808, 0.013400896184932367, 0.012186439968172872, 0.0, 0.015871686419029273, 0.015536664014405963, 0.014824741404581432, 0.01490849700573726], [0.007412370702290716, 0.006239792286109134, 0.007621759705180284, 0.008249926713848988, 0.00871058252020604, 0.009715649734075966, 0.011139494953725031, 0.012270195569328698, 0.011558272959504167, 0.015871686419029273, 0.0, 0.016918631433477115, 0.0159554420201851, 0.016499853427697976], [0.006323547887264961, 0.007286737300556975, 0.007244859499979061, 0.008333682315004816, 0.008249926713848988, 0.009213116127141003, 0.010720716947945894, 0.01239582897106244, 0.012940240378575317, 0.015536664014405963, 0.016918631433477115, 0.0, 0.015536664014405963, 0.016960509234055027], [0.006491059089576616, 0.006156036684953306, 0.0077055153063361114, 0.008584949118472298, 0.008752460320783952, 0.010762594748523808, 0.009590016332342225, 0.011809539762971649, 0.012186439968172872, 0.014824741404581432, 0.0159554420201851, 0.015536664014405963, 0.0, 0.022907156916118766], [0.007161103898823234, 0.006993592696511579, 0.00711922609824532, 0.007789270907491938, 0.008124293312115248, 0.009087482725407261, 0.011055739352569203, 0.012688973575107836, 0.013065873780309057, 0.01490849700573726, 0.016499853427697976, 0.016960509234055027, 0.022907156916118766, 0.0]], "sysname": ["SOURCE", "UFC", "IITB", "SJTU", "IPN", "RAC", "PKU", "AMU", "UMC", "NTHU", "POST", "CUUI", "NUCLEA", "CAMB"]}