{"sysname": ["IITB", "SJTU", "PKU", "RAC", "IPN", "UFC", "JMGR", "src", "AMU", "UMC", "NTHU", "CUUI", "NUCLEA", "POST", "CAMB"], "counts": [[0.0, 0.021414245972698455, 0.01067477518276509, 0.009769036682409265, 0.009963123503914085, 0.008604515753380346, 0.00828103771753898, 0.00828103771753898, 0.008216342110370705, 0.008151646503202433, 0.008216342110370705, 0.008151646503202433, 0.008086950896034159, 0.005693213430808048, 0.007828168467361066], [0.021414245972698455, 0.0, 0.011968687326130555, 0.00989842789674581, 0.008992689396389985, 0.008733906967716892, 0.008733906967716892, 0.008992689396389985, 0.008539820146212072, 0.008798602574885165, 0.007698777253024519, 0.006987125574173514, 0.00672834314550042, 0.007892864074529339, 0.007569386038687973], [0.01067477518276509, 0.011968687326130555, 0.0, 0.011127644432943003, 0.011321731254447824, 0.008863298182053439, 0.009445558646567898, 0.008151646503202433, 0.009251471825063078, 0.009251471825063078, 0.008927993789221713, 0.008604515753380346, 0.008022255288865887, 0.008410428931875526, 0.007181212395678333], [0.009769036682409265, 0.00989842789674581, 0.011127644432943003, 0.0, 0.009445558646567898, 0.01028660153975545, 0.00989842789674581, 0.009122080610726531, 0.010610079575596816, 0.007634081645856246, 0.010610079575596816, 0.0084751245390438, 0.007634081645856246, 0.0084751245390438, 0.0084751245390438], [0.009963123503914085, 0.008992689396389985, 0.011321731254447824, 0.009445558646567898, 0.0, 0.009833732289577537, 0.009445558646567898, 0.008410428931875526, 0.009833732289577537, 0.008992689396389985, 0.009057385003558259, 0.008733906967716892, 0.008669211360548618, 0.008863298182053439, 0.008927993789221713], [0.008604515753380346, 0.008733906967716892, 0.008863298182053439, 0.01028660153975545, 0.009833732289577537, 0.0, 0.010092514718250631, 0.009963123503914085, 0.009639645468072718, 0.008927993789221713, 0.0084751245390438, 0.008863298182053439, 0.008927993789221713, 0.007569386038687973, 0.0084751245390438], [0.00828103771753898, 0.008733906967716892, 0.009445558646567898, 0.00989842789674581, 0.009445558646567898, 0.010092514718250631, 0.0, 0.009574949860904444, 0.009510254253736172, 0.009963123503914085, 0.009639645468072718, 0.008345733324707252, 0.010610079575596816, 0.009445558646567898, 0.009057385003558259], [0.00828103771753898, 0.008992689396389985, 0.008151646503202433, 0.009122080610726531, 0.008410428931875526, 0.009963123503914085, 0.009574949860904444, 0.0, 0.00989842789674581, 0.009251471825063078, 0.008863298182053439, 0.009316167432231352, 0.008992689396389985, 0.009186776217894805, 0.008669211360548618], [0.008216342110370705, 0.008539820146212072, 0.009251471825063078, 0.010610079575596816, 0.009833732289577537, 0.009639645468072718, 0.009510254253736172, 0.00989842789674581, 0.0, 0.01125703564727955, 0.008863298182053439, 0.008733906967716892, 0.008863298182053439, 0.009380863039399626, 0.00989842789674581], [0.008151646503202433, 0.008798602574885165, 0.009251471825063078, 0.007634081645856246, 0.008992689396389985, 0.008927993789221713, 0.009963123503914085, 0.009251471825063078, 0.01125703564727955, 0.0, 0.010092514718250631, 0.011192340040111276, 0.010415992754091998, 0.010351297146923724, 0.01028660153975545], [0.008216342110370705, 0.007698777253024519, 0.008927993789221713, 0.010610079575596816, 0.009057385003558259, 0.0084751245390438, 0.009639645468072718, 0.008863298182053439, 0.008863298182053439, 0.010092514718250631, 0.0, 0.009963123503914085, 0.011903991718962283, 0.01067477518276509, 0.011839296111794009], [0.008151646503202433, 0.006987125574173514, 0.008604515753380346, 0.0084751245390438, 0.008733906967716892, 0.008863298182053439, 0.008345733324707252, 0.009316167432231352, 0.008733906967716892, 0.011192340040111276, 0.009963123503914085, 0.0, 0.013715468719673935, 0.011774600504625737, 0.013133208255159476], [0.008086950896034159, 0.00672834314550042, 0.008022255288865887, 0.007634081645856246, 0.008669211360548618, 0.008927993789221713, 0.010610079575596816, 0.008992689396389985, 0.008863298182053439, 0.010415992754091998, 0.011903991718962283, 0.013715468719673935, 0.0, 0.012680339004981563, 0.013780164326842207], [0.005693213430808048, 0.007892864074529339, 0.008410428931875526, 0.0084751245390438, 0.008863298182053439, 0.007569386038687973, 0.009445558646567898, 0.009186776217894805, 0.009380863039399626, 0.010351297146923724, 0.01067477518276509, 0.011774600504625737, 0.012680339004981563, 0.0, 0.017079640292424144], [0.007828168467361066, 0.007569386038687973, 0.007181212395678333, 0.0084751245390438, 0.008927993789221713, 0.0084751245390438, 0.009057385003558259, 0.008669211360548618, 0.00989842789674581, 0.01028660153975545, 0.011839296111794009, 0.013133208255159476, 0.013780164326842207, 0.017079640292424144, 0.0]]}