{"sysname": ["SOURCE", "UFC", "IITB", "SJTU", "IPN", "RAC", "PKU", "AMU", "UMC", "NTHU", "POST", "CUUI", "NUCLEA", "CAMB"], "counts": [[0.0, 0.0196406884710415, 0.017379287239834163, 0.013442773985510281, 0.010469450144478412, 0.01055320574563424, 0.01009254993927719, 0.009003727124251435, 0.008961849323673521, 0.006867959294777838, 0.006993592696511579, 0.006742325893044097, 0.005821014280329997, 0.006365425687842875], [0.0196406884710415, 0.0, 0.016960509234055027, 0.012437706771640354, 0.010846350349679635, 0.010636961346790066, 0.010134427739855102, 0.008208048913271076, 0.009213116127141003, 0.007035470497089493, 0.007873026508647766, 0.006993592696511579, 0.006784203693622011, 0.006239792286109134], [0.017379287239834163, 0.016960509234055027, 0.0, 0.013107751580886971, 0.011683906361237908, 0.010720716947945894, 0.010385694543322584, 0.008459315716738558, 0.00804053771095942, 0.007328615101134889, 0.00804053771095942, 0.007161103898823234, 0.006867959294777838, 0.007161103898823234], [0.013442773985510281, 0.012437706771640354, 0.013107751580886971, 0.0, 0.013065873780309057, 0.013233384982620713, 0.012102684367017044, 0.00975752753465388, 0.007831148708069852, 0.009548138531764313, 0.008166171112693162, 0.008124293312115248, 0.008459315716738558, 0.008124293312115248], [0.010469450144478412, 0.010846350349679635, 0.011683906361237908, 0.013065873780309057, 0.0, 0.01390342979186733, 0.013819674190711504, 0.010595083546212154, 0.01055320574563424, 0.00975752753465388, 0.009841283135809707, 0.008417437916160644, 0.009213116127141003, 0.00837556011558273], [0.01055320574563424, 0.010636961346790066, 0.010720716947945894, 0.013233384982620713, 0.01390342979186733, 0.0, 0.013568407387244023, 0.011683906361237908, 0.011516395158926253, 0.008584949118472298, 0.008794338121361866, 0.009715649734075966, 0.008584949118472298, 0.010008794338121362], [0.01009254993927719, 0.010134427739855102, 0.010385694543322584, 0.012102684367017044, 0.013819674190711504, 0.013568407387244023, 0.0, 0.010762594748523808, 0.011223250554880857, 0.010176305540433016, 0.010343816742744672, 0.00988316093638762, 0.009966916537543448, 0.009548138531764313], [0.009003727124251435, 0.008208048913271076, 0.008459315716738558, 0.00975752753465388, 0.010595083546212154, 0.011683906361237908, 0.010762594748523808, 0.0, 0.0141128187947569, 0.012437706771640354, 0.012270195569328698, 0.011851417563549562, 0.012605217973952008, 0.013735918589555677], [0.008961849323673521, 0.009213116127141003, 0.00804053771095942, 0.007831148708069852, 0.01055320574563424, 0.011516395158926253, 0.011223250554880857, 0.0141128187947569, 0.0, 0.013694040788977763, 0.013065873780309057, 0.012982118179153231, 0.012102684367017044, 0.012270195569328698], [0.006867959294777838, 0.007035470497089493, 0.007328615101134889, 0.009548138531764313, 0.00975752753465388, 0.008584949118472298, 0.010176305540433016, 0.012437706771640354, 0.013694040788977763, 0.0, 0.014866619205159345, 0.015913564219607185, 0.015536664014405963, 0.01582980861845136], [0.006993592696511579, 0.007873026508647766, 0.00804053771095942, 0.008166171112693162, 0.009841283135809707, 0.008794338121361866, 0.010343816742744672, 0.012270195569328698, 0.013065873780309057, 0.014866619205159345, 0.0, 0.01562041961556179, 0.015536664014405963, 0.016164831023074668], [0.006742325893044097, 0.006993592696511579, 0.007161103898823234, 0.008124293312115248, 0.008417437916160644, 0.009715649734075966, 0.00988316093638762, 0.011851417563549562, 0.012982118179153231, 0.015913564219607185, 0.01562041961556179, 0.0, 0.017044264835210855, 0.01767243184387956], [0.005821014280329997, 0.006784203693622011, 0.006867959294777838, 0.008459315716738558, 0.009213116127141003, 0.008584949118472298, 0.009966916537543448, 0.012605217973952008, 0.012102684367017044, 0.015536664014405963, 0.015536664014405963, 0.017044264835210855, 0.0, 0.022781523514385026], [0.006365425687842875, 0.006239792286109134, 0.007161103898823234, 0.008124293312115248, 0.00837556011558273, 0.010008794338121362, 0.009548138531764313, 0.013735918589555677, 0.012270195569328698, 0.01582980861845136, 0.016164831023074668, 0.01767243184387956, 0.022781523514385026, 0.0]]}