{"sysname": ["IITB", "SJTU", "PKU", "RAC", "IPN", "AMU", "UFC", "src", "JMGR", "UMC", "NTHU", "CUUI", "NUCLEA", "POST", "CAMB"], "counts": [[0.0, 0.01940868215048198, 0.00970434107524099, 0.010221905932587178, 0.00970434107524099, 0.010610079575596816, 0.009186776217894805, 0.009574949860904444, 0.008345733324707252, 0.007892864074529339, 0.007181212395678333, 0.00828103771753898, 0.007181212395678333, 0.0059519958594811415, 0.00828103771753898], [0.01940868215048198, 0.0, 0.012098078540467102, 0.010092514718250631, 0.009445558646567898, 0.008927993789221713, 0.008733906967716892, 0.009186776217894805, 0.009186776217894805, 0.009186776217894805, 0.007698777253024519, 0.007957559681697613, 0.0075046904315197, 0.007245908002846606, 0.006857734359836967], [0.00970434107524099, 0.012098078540467102, 0.0, 0.011127644432943003, 0.010933557611438183, 0.010415992754091998, 0.007957559681697613, 0.008086950896034159, 0.008669211360548618, 0.008604515753380346, 0.008669211360548618, 0.008539820146212072, 0.008410428931875526, 0.00970434107524099, 0.008022255288865887], [0.010221905932587178, 0.010092514718250631, 0.011127644432943003, 0.0, 0.00970434107524099, 0.010092514718250631, 0.009251471825063078, 0.008539820146212072, 0.010027819111082357, 0.008669211360548618, 0.009316167432231352, 0.008151646503202433, 0.008733906967716892, 0.0073752992171831535, 0.009380863039399626], [0.00970434107524099, 0.009445558646567898, 0.010933557611438183, 0.00970434107524099, 0.0, 0.010545383968428544, 0.0084751245390438, 0.008927993789221713, 0.009769036682409265, 0.009769036682409265, 0.009186776217894805, 0.008733906967716892, 0.008022255288865887, 0.007634081645856246, 0.008604515753380346], [0.010610079575596816, 0.008927993789221713, 0.010415992754091998, 0.010092514718250631, 0.010545383968428544, 0.0, 0.010415992754091998, 0.008604515753380346, 0.008604515753380346, 0.009445558646567898, 0.009639645468072718, 0.009186776217894805, 0.008410428931875526, 0.008410428931875526, 0.008992689396389985], [0.009186776217894805, 0.008733906967716892, 0.007957559681697613, 0.009251471825063078, 0.0084751245390438, 0.010415992754091998, 0.0, 0.009445558646567898, 0.010092514718250631, 0.008086950896034159, 0.009380863039399626, 0.0075046904315197, 0.007828168467361066, 0.01086886200426991, 0.009574949860904444], [0.009574949860904444, 0.009186776217894805, 0.008086950896034159, 0.008539820146212072, 0.008927993789221713, 0.008604515753380346, 0.009445558646567898, 0.0, 0.009833732289577537, 0.009833732289577537, 0.009316167432231352, 0.009251471825063078, 0.009769036682409265, 0.007763472860192793, 0.008992689396389985], [0.008345733324707252, 0.009186776217894805, 0.008669211360548618, 0.010027819111082357, 0.009769036682409265, 0.008604515753380346, 0.010092514718250631, 0.009833732289577537, 0.0, 0.010804166397101637, 0.00970434107524099, 0.009445558646567898, 0.009186776217894805, 0.010092514718250631, 0.00828103771753898], [0.007892864074529339, 0.009186776217894805, 0.008604515753380346, 0.008669211360548618, 0.009769036682409265, 0.009445558646567898, 0.008086950896034159, 0.009833732289577537, 0.010804166397101637, 0.0, 0.010545383968428544, 0.009445558646567898, 0.011968687326130555, 0.00828103771753898, 0.012356860969140196], [0.007181212395678333, 0.007698777253024519, 0.008669211360548618, 0.009316167432231352, 0.009186776217894805, 0.009639645468072718, 0.009380863039399626, 0.009316167432231352, 0.00970434107524099, 0.010545383968428544, 0.0, 0.010804166397101637, 0.010998253218606457, 0.01125703564727955, 0.01125703564727955], [0.00828103771753898, 0.007957559681697613, 0.008539820146212072, 0.008151646503202433, 0.008733906967716892, 0.009186776217894805, 0.0075046904315197, 0.009251471825063078, 0.009445558646567898, 0.009445558646567898, 0.010804166397101637, 0.0, 0.012874425826486381, 0.01365077311250566, 0.012356860969140196], [0.007181212395678333, 0.0075046904315197, 0.008410428931875526, 0.008733906967716892, 0.008022255288865887, 0.008410428931875526, 0.007828168467361066, 0.009769036682409265, 0.009186776217894805, 0.011968687326130555, 0.010998253218606457, 0.012874425826486381, 0.0, 0.014491816005693213, 0.014750598434366307], [0.0059519958594811415, 0.007245908002846606, 0.00970434107524099, 0.0073752992171831535, 0.007634081645856246, 0.008410428931875526, 0.01086886200426991, 0.007763472860192793, 0.010092514718250631, 0.00828103771753898, 0.01125703564727955, 0.01365077311250566, 0.014491816005693213, 0.0, 0.014491816005693213], [0.00828103771753898, 0.006857734359836967, 0.008022255288865887, 0.009380863039399626, 0.008604515753380346, 0.008992689396389985, 0.009574949860904444, 0.008992689396389985, 0.00828103771753898, 0.012356860969140196, 0.01125703564727955, 0.012356860969140196, 0.014750598434366307, 0.014491816005693213, 0.0]]}