{"sysname": ["SOURCE", "UFC", "IITB", "SJTU", "IPN", "RAC", "PKU", "AMU", "UMC", "NTHU", "POST", "CUUI", "NUCLEA", "CAMB"], "counts": [[0.0, 0.018328569026399864, 0.016478896922818228, 0.01303178072977972, 0.011770640659155876, 0.010173196569699007, 0.010089120564990752, 0.008197410459054985, 0.008575752480242138, 0.007314612409618295, 0.008071296451992602, 0.006810156381368757, 0.00676811837901463, 0.007230536404910039], [0.018328569026399864, 0.0, 0.017655960988733815, 0.01261140070623844, 0.011938792668572389, 0.01101395661678157, 0.010215234572053136, 0.008659828484950395, 0.00790314444257609, 0.007272574407264167, 0.007146460400201783, 0.006473852362535732, 0.006389776357827476, 0.00676811837901463], [0.016478896922818228, 0.017655960988733815, 0.0, 0.01307381873213385, 0.011308222633260468, 0.009836892550865983, 0.010593576593240289, 0.008197410459054985, 0.00874390448965865, 0.007945182444930216, 0.007524802421388936, 0.006642004371952245, 0.008239448461409114, 0.007272574407264167], [0.01303178072977972, 0.01261140070623844, 0.01307381873213385, 0.0, 0.014292920800403565, 0.011644526652093493, 0.01147637464267698, 0.01080376660501093, 0.00945855052967883, 0.008323524466117371, 0.00718849840255591, 0.008659828484950395, 0.008659828484950395, 0.00874390448965865], [0.011770640659155876, 0.011938792668572389, 0.011308222633260468, 0.014292920800403565, 0.0, 0.013326046746258619, 0.01303178072977972, 0.011308222633260468, 0.0097107785438036, 0.008449638473179755, 0.009584664536741214, 0.009122246510845805, 0.008323524466117371, 0.008281486463763242], [0.010173196569699007, 0.01101395661678157, 0.009836892550865983, 0.011644526652093493, 0.013326046746258619, 0.0, 0.014334958802757694, 0.012233058685051286, 0.01080376660501093, 0.010257272574407264, 0.009500588532032958, 0.010047082562636624, 0.009080208508491677, 0.008912056499075165], [0.010089120564990752, 0.010215234572053136, 0.010593576593240289, 0.01147637464267698, 0.01303178072977972, 0.014334958802757694, 0.0, 0.011938792668572389, 0.01147637464267698, 0.010635614595594417, 0.00920632251555406, 0.008912056499075165, 0.010257272574407264, 0.010047082562636624], [0.008197410459054985, 0.008659828484950395, 0.008197410459054985, 0.01080376660501093, 0.011308222633260468, 0.012233058685051286, 0.011938792668572389, 0.0, 0.014965528838069614, 0.012317134689759543, 0.012317134689759543, 0.012233058685051286, 0.011055994619135699, 0.010929880612073315], [0.008575752480242138, 0.00790314444257609, 0.00874390448965865, 0.00945855052967883, 0.0097107785438036, 0.01080376660501093, 0.01147637464267698, 0.014965528838069614, 0.0, 0.01172860265680175, 0.013199932739196233, 0.01307381873213385, 0.011560450647385236, 0.013788464772154027], [0.007314612409618295, 0.007272574407264167, 0.007945182444930216, 0.008323524466117371, 0.008449638473179755, 0.010257272574407264, 0.010635614595594417, 0.012317134689759543, 0.01172860265680175, 0.0, 0.016941314948713638, 0.015890364889860432, 0.015175718849840255, 0.015259794854548512], [0.008071296451992602, 0.007146460400201783, 0.007524802421388936, 0.00718849840255591, 0.009584664536741214, 0.009500588532032958, 0.00920632251555406, 0.012317134689759543, 0.013199932739196233, 0.016941314948713638, 0.0, 0.016142592903985203, 0.014881452833361359, 0.016562972927526485], [0.006810156381368757, 0.006473852362535732, 0.006642004371952245, 0.008659828484950395, 0.009122246510845805, 0.010047082562636624, 0.008912056499075165, 0.012233058685051286, 0.01307381873213385, 0.015890364889860432, 0.016142592903985203, 0.0, 0.016983352951067766, 0.016941314948713638], [0.00676811837901463, 0.006389776357827476, 0.008239448461409114, 0.008659828484950395, 0.008323524466117371, 0.009080208508491677, 0.010257272574407264, 0.011055994619135699, 0.011560450647385236, 0.015175718849840255, 0.014881452833361359, 0.016983352951067766, 0.0, 0.023751471330082395], [0.007230536404910039, 0.00676811837901463, 0.007272574407264167, 0.00874390448965865, 0.008281486463763242, 0.008912056499075165, 0.010047082562636624, 0.010929880612073315, 0.013788464772154027, 0.015259794854548512, 0.016562972927526485, 0.016941314948713638, 0.023751471330082395, 0.0]]}