{"counts": [[0.0, 0.018635621257171574, 0.017086142635788767, 0.01469910800284769, 0.011307006156036685, 0.010427572343900498, 0.009631894132920139, 0.00850119351731647, 0.008626826919050212, 0.007370492901712802, 0.0075798819046023706, 0.005946647682063738, 0.006239792286109134, 0.006030403283219565], [0.018635621257171574, 0.0, 0.018216843251392438, 0.01252146237279618, 0.010511327945056326, 0.01101386155199129, 0.00883621592193978, 0.008459315716738558, 0.007956782109803592, 0.008919971523095607, 0.006281670086687047, 0.008417437916160644, 0.006574814690732443, 0.0066585702918882704], [0.017086142635788767, 0.018216843251392438, 0.0, 0.011809539762971649, 0.011767661962393735, 0.011390761757192513, 0.010804472549101721, 0.008626826919050212, 0.007161103898823234, 0.007412370702290716, 0.007538004104024457, 0.007202981699401147, 0.0066585702918882704, 0.00791490430922568], [0.01469910800284769, 0.01252146237279618, 0.011809539762971649, 0.0, 0.014154696595334812, 0.012353951170484526, 0.011181372754302943, 0.009799405335231794, 0.009338749528874743, 0.008668704719628125, 0.008459315716738558, 0.007831148708069852, 0.009171238326563089, 0.0077473931069140245], [0.011307006156036685, 0.010511327945056326, 0.011767661962393735, 0.014154696595334812, 0.0, 0.012437706771640354, 0.012228317768750786, 0.01160015076008208, 0.011809539762971649, 0.00942250513003057, 0.00883621592193978, 0.0077473931069140245, 0.00988316093638762, 0.008249926713848988], [0.010427572343900498, 0.01101386155199129, 0.011390761757192513, 0.012353951170484526, 0.012437706771640354, 0.0, 0.012018928765861216, 0.010846350349679635, 0.011348883956614599, 0.010427572343900498, 0.010008794338121362, 0.009715649734075966, 0.009129360525985175, 0.010636961346790066], [0.009631894132920139, 0.00883621592193978, 0.010804472549101721, 0.011181372754302943, 0.012228317768750786, 0.012018928765861216, 0.0, 0.01273085137568575, 0.012437706771640354, 0.011055739352569203, 0.01021818334101093, 0.010260061141588844, 0.010176305540433016, 0.011809539762971649], [0.00850119351731647, 0.008459315716738558, 0.008626826919050212, 0.009799405335231794, 0.01160015076008208, 0.010846350349679635, 0.01273085137568575, 0.0, 0.014489718999958122, 0.012688973575107836, 0.011893295364127476, 0.012186439968172872, 0.011307006156036685, 0.012102684367017044], [0.008626826919050212, 0.007956782109803592, 0.007161103898823234, 0.009338749528874743, 0.011809539762971649, 0.011348883956614599, 0.012437706771640354, 0.014489718999958122, 0.0, 0.012228317768750786, 0.012688973575107836, 0.013107751580886971, 0.01206080656643913, 0.01160015076008208], [0.007370492901712802, 0.008919971523095607, 0.007412370702290716, 0.008668704719628125, 0.00942250513003057, 0.010427572343900498, 0.011055739352569203, 0.012688973575107836, 0.012228317768750786, 0.0, 0.014657230202269778, 0.015201641609782655, 0.01457347460111395, 0.015327275011516395], [0.0075798819046023706, 0.006281670086687047, 0.007538004104024457, 0.008459315716738558, 0.00883621592193978, 0.010008794338121362, 0.01021818334101093, 0.011893295364127476, 0.012688973575107836, 0.014657230202269778, 0.0, 0.017044264835210855, 0.01641609782654215, 0.016583609028853804], [0.005946647682063738, 0.008417437916160644, 0.007202981699401147, 0.007831148708069852, 0.0077473931069140245, 0.009715649734075966, 0.010260061141588844, 0.012186439968172872, 0.013107751580886971, 0.015201641609782655, 0.017044264835210855, 0.0, 0.01662548682943172, 0.016164831023074668], [0.006239792286109134, 0.006574814690732443, 0.0066585702918882704, 0.009171238326563089, 0.00988316093638762, 0.009129360525985175, 0.010176305540433016, 0.011307006156036685, 0.01206080656643913, 0.01457347460111395, 0.01641609782654215, 0.01662548682943172, 0.0, 0.022572134511495458], [0.006030403283219565, 0.0066585702918882704, 0.00791490430922568, 0.0077473931069140245, 0.008249926713848988, 0.010636961346790066, 0.011809539762971649, 0.012102684367017044, 0.01160015076008208, 0.015327275011516395, 0.016583609028853804, 0.016164831023074668, 0.022572134511495458, 0.0]], "sysname": ["SOURCE", "UFC", "IITB", "SJTU", "IPN", "RAC", "PKU", "AMU", "UMC", "NTHU", "POST", "CUUI", "NUCLEA", "CAMB"]}