{"counts": [[0.0, 0.021608332794203274, 0.01086886200426991, 0.008992689396389985, 0.009963123503914085, 0.010092514718250631, 0.00828103771753898, 0.007569386038687973, 0.007828168467361066, 0.009057385003558259, 0.007245908002846606, 0.007763472860192793, 0.007569386038687973, 0.007698777253024519, 0.006340169502490781], [0.021608332794203274, 0.0, 0.01048068836126027, 0.011127644432943003, 0.009380863039399626, 0.009251471825063078, 0.007828168467361066, 0.009122080610726531, 0.008669211360548618, 0.0084751245390438, 0.008216342110370705, 0.007181212395678333, 0.007828168467361066, 0.00731060361001488, 0.006663647538332147], [0.01086886200426991, 0.01048068836126027, 0.0, 0.01028660153975545, 0.01086886200426991, 0.008733906967716892, 0.008669211360548618, 0.009057385003558259, 0.009057385003558259, 0.008927993789221713, 0.009057385003558259, 0.009186776217894805, 0.008604515753380346, 0.008410428931875526, 0.009122080610726531], [0.008992689396389985, 0.011127644432943003, 0.01028660153975545, 0.0, 0.01106294882577473, 0.008669211360548618, 0.008863298182053439, 0.010804166397101637, 0.008216342110370705, 0.009445558646567898, 0.008604515753380346, 0.008151646503202433, 0.009510254253736172, 0.007634081645856246, 0.010221905932587178], [0.009963123503914085, 0.009380863039399626, 0.01086886200426991, 0.01106294882577473, 0.0, 0.009510254253736172, 0.009380863039399626, 0.008151646503202433, 0.009251471825063078, 0.010351297146923724, 0.009057385003558259, 0.007698777253024519, 0.007439994824351427, 0.008798602574885165, 0.008992689396389985], [0.010092514718250631, 0.009251471825063078, 0.008733906967716892, 0.008669211360548618, 0.009510254253736172, 0.0, 0.008927993789221713, 0.010221905932587178, 0.009769036682409265, 0.008410428931875526, 0.007957559681697613, 0.009639645468072718, 0.008863298182053439, 0.009186776217894805, 0.0073752992171831535], [0.00828103771753898, 0.007828168467361066, 0.008669211360548618, 0.008863298182053439, 0.009380863039399626, 0.008927993789221713, 0.0, 0.009445558646567898, 0.010415992754091998, 0.009316167432231352, 0.010092514718250631, 0.008604515753380346, 0.009316167432231352, 0.008151646503202433, 0.009316167432231352], [0.007569386038687973, 0.009122080610726531, 0.009057385003558259, 0.010804166397101637, 0.008151646503202433, 0.010221905932587178, 0.009445558646567898, 0.0, 0.01106294882577473, 0.009639645468072718, 0.010739470789933363, 0.008539820146212072, 0.009574949860904444, 0.009251471825063078, 0.008410428931875526], [0.007828168467361066, 0.008669211360548618, 0.009057385003558259, 0.008216342110370705, 0.009251471825063078, 0.009769036682409265, 0.010415992754091998, 0.01106294882577473, 0.0, 0.009251471825063078, 0.009186776217894805, 0.009963123503914085, 0.009639645468072718, 0.009316167432231352, 0.01125703564727955], [0.009057385003558259, 0.0084751245390438, 0.008927993789221713, 0.009445558646567898, 0.010351297146923724, 0.008410428931875526, 0.009316167432231352, 0.009639645468072718, 0.009251471825063078, 0.0, 0.010027819111082357, 0.010415992754091998, 0.01086886200426991, 0.010351297146923724, 0.010545383968428544], [0.007245908002846606, 0.008216342110370705, 0.009057385003558259, 0.008604515753380346, 0.009057385003558259, 0.007957559681697613, 0.010092514718250631, 0.010739470789933363, 0.009186776217894805, 0.010027819111082357, 0.0, 0.011839296111794009, 0.009833732289577537, 0.010221905932587178, 0.012292165361971922], [0.007763472860192793, 0.007181212395678333, 0.009186776217894805, 0.008151646503202433, 0.007698777253024519, 0.009639645468072718, 0.008604515753380346, 0.008539820146212072, 0.009963123503914085, 0.010415992754091998, 0.011839296111794009, 0.0, 0.012680339004981563, 0.012680339004981563, 0.011968687326130555], [0.007569386038687973, 0.007828168467361066, 0.008604515753380346, 0.009510254253736172, 0.007439994824351427, 0.008863298182053439, 0.009316167432231352, 0.009574949860904444, 0.009639645468072718, 0.01086886200426991, 0.009833732289577537, 0.012680339004981563, 0.0, 0.013974251148347027, 0.014491816005693213], [0.007698777253024519, 0.00731060361001488, 0.008410428931875526, 0.007634081645856246, 0.008798602574885165, 0.009186776217894805, 0.008151646503202433, 0.009251471825063078, 0.009316167432231352, 0.010351297146923724, 0.010221905932587178, 0.012680339004981563, 0.013974251148347027, 0.0, 0.014750598434366307], [0.006340169502490781, 0.006663647538332147, 0.009122080610726531, 0.010221905932587178, 0.008992689396389985, 0.0073752992171831535, 0.009316167432231352, 0.008410428931875526, 0.01125703564727955, 0.010545383968428544, 0.012292165361971922, 0.011968687326130555, 0.014491816005693213, 0.014750598434366307, 0.0]], "sysname": ["IITB", "SJTU", "PKU", "RAC", "IPN", "src", "UFC", "JMGR", "AMU", "UMC", "NTHU", "CUUI", "NUCLEA", "POST", "CAMB"]}