{"sysname": ["SOURCE", "UFC", "IITB", "SJTU", "IPN", "RAC", "PKU", "AMU", "UMC", "NTHU", "POST", "CUUI", "NUCLEA", "CAMB"], "counts": [[0.0, 0.019001177064065917, 0.017908189002858583, 0.01282159071800908, 0.011308222633260468, 0.01080376660501093, 0.01034134857911552, 0.00874390448965865, 0.008239448461409114, 0.007608878426097192, 0.006431814360181604, 0.006179586346056835, 0.0065999663695981165, 0.006011434336640323], [0.019001177064065917, 0.0, 0.01799226500756684, 0.012863628720363209, 0.012737514713300825, 0.010677652597948546, 0.009122246510845805, 0.007524802421388936, 0.008281486463763242, 0.007272574407264167, 0.006431814360181604, 0.0074407264166806795, 0.007104422397847654, 0.00630570035311922], [0.017908189002858583, 0.01799226500756684, 0.0, 0.012653438708592568, 0.013410122750966874, 0.010089120564990752, 0.009290398520262318, 0.00790314444257609, 0.007230536404910039, 0.007020346393139398, 0.008281486463763242, 0.007566840423743064, 0.007104422397847654, 0.006810156381368757], [0.01282159071800908, 0.012863628720363209, 0.012653438708592568, 0.0, 0.013620312762737515, 0.011938792668572389, 0.010929880612073315, 0.010047082562636624, 0.010089120564990752, 0.008954094501429291, 0.00853371447788801, 0.008701866487304524, 0.008197410459054985, 0.008323524466117371], [0.011308222633260468, 0.012737514713300825, 0.013410122750966874, 0.013620312762737515, 0.0, 0.01256936270388431, 0.012737514713300825, 0.010215234572053136, 0.010299310576761393, 0.010173196569699007, 0.008239448461409114, 0.007945182444930216, 0.007945182444930216, 0.008281486463763242], [0.01080376660501093, 0.010677652597948546, 0.010089120564990752, 0.011938792668572389, 0.01256936270388431, 0.0, 0.013368084748612745, 0.011308222633260468, 0.010929880612073315, 0.010005044560282495, 0.010971918614427442, 0.009038170506137548, 0.010047082562636624, 0.009374474524970573], [0.01034134857911552, 0.009122246510845805, 0.009290398520262318, 0.010929880612073315, 0.012737514713300825, 0.013368084748612745, 0.0, 0.012191020682697158, 0.012233058685051286, 0.011602488649739364, 0.010929880612073315, 0.010383386581469648, 0.010173196569699007, 0.0097107785438036], [0.00874390448965865, 0.007524802421388936, 0.00790314444257609, 0.010047082562636624, 0.010215234572053136, 0.011308222633260468, 0.012191020682697158, 0.0, 0.013620312762737515, 0.014040692786278796, 0.011812678661510005, 0.013241970741550362, 0.01214898268034303, 0.01256936270388431], [0.008239448461409114, 0.008281486463763242, 0.007230536404910039, 0.010089120564990752, 0.010299310576761393, 0.010929880612073315, 0.012233058685051286, 0.013620312762737515, 0.0, 0.01307381873213385, 0.014250882798049437, 0.01235917269211367, 0.011098032621489827, 0.01353623675802926], [0.007608878426097192, 0.007272574407264167, 0.007020346393139398, 0.008954094501429291, 0.010173196569699007, 0.010005044560282495, 0.011602488649739364, 0.014040692786278796, 0.01307381873213385, 0.0, 0.014208844795695308, 0.014587186816882461, 0.014755338826298973, 0.014124768790987053], [0.006431814360181604, 0.006431814360181604, 0.008281486463763242, 0.00853371447788801, 0.008239448461409114, 0.010971918614427442, 0.010929880612073315, 0.011812678661510005, 0.014250882798049437, 0.014208844795695308, 0.0, 0.016773162939297124, 0.015133680847486128, 0.01639482091810997], [0.006179586346056835, 0.0074407264166806795, 0.007566840423743064, 0.008701866487304524, 0.007945182444930216, 0.009038170506137548, 0.010383386581469648, 0.013241970741550362, 0.01235917269211367, 0.014587186816882461, 0.016773162939297124, 0.0, 0.016100554901631075, 0.018160417016983354], [0.0065999663695981165, 0.007104422397847654, 0.007104422397847654, 0.008197410459054985, 0.007945182444930216, 0.010047082562636624, 0.010173196569699007, 0.01214898268034303, 0.011098032621489827, 0.014755338826298973, 0.015133680847486128, 0.016100554901631075, 0.0, 0.024886497393643854], [0.006011434336640323, 0.00630570035311922, 0.006810156381368757, 0.008323524466117371, 0.008281486463763242, 0.009374474524970573, 0.0097107785438036, 0.01256936270388431, 0.01353623675802926, 0.014124768790987053, 0.01639482091810997, 0.018160417016983354, 0.024886497393643854, 0.0]]}