{"counts": [[0.0, 0.01767243184387956, 0.016667364630009632, 0.011851417563549562, 0.010050672138699276, 0.011307006156036685, 0.010971983751413375, 0.008543071317894384, 0.008626826919050212, 0.007956782109803592, 0.00850119351731647, 0.007370492901712802, 0.006114158884375393, 0.006826081494199924], [0.01767243184387956, 0.0, 0.017839943046191215, 0.012479584572218268, 0.011055739352569203, 0.01088822815025755, 0.010636961346790066, 0.00850119351731647, 0.008333682315004816, 0.007831148708069852, 0.0066166924913103565, 0.007077348297667406, 0.006993592696511579, 0.0076636375057581975], [0.016667364630009632, 0.017839943046191215, 0.0, 0.012605217973952008, 0.012018928765861216, 0.010930105950835461, 0.009925038736965534, 0.009506260731186399, 0.007789270907491938, 0.007496126303446543, 0.006532936890154529, 0.0067004480924661835, 0.007956782109803592, 0.007621759705180284], [0.011851417563549562, 0.012479584572218268, 0.012605217973952008, 0.0, 0.01239582897106244, 0.012605217973952008, 0.012437706771640354, 0.010343816742744672, 0.01055320574563424, 0.008961849323673521, 0.00850119351731647, 0.00942250513003057, 0.0077055153063361114, 0.008249926713848988], [0.010050672138699276, 0.011055739352569203, 0.012018928765861216, 0.01239582897106244, 0.0, 0.014029063193601072, 0.014824741404581432, 0.010595083546212154, 0.009338749528874743, 0.009715649734075966, 0.010050672138699276, 0.008752460320783952, 0.008333682315004816, 0.009715649734075966], [0.011307006156036685, 0.01088822815025755, 0.010930105950835461, 0.012605217973952008, 0.014029063193601072, 0.0, 0.013275262783198627, 0.01206080656643913, 0.009506260731186399, 0.009548138531764313, 0.010050672138699276, 0.008543071317894384, 0.008584949118472298, 0.009590016332342225], [0.010971983751413375, 0.010636961346790066, 0.009925038736965534, 0.012437706771640354, 0.014824741404581432, 0.013275262783198627, 0.0, 0.01088822815025755, 0.010720716947945894, 0.009631894132920139, 0.009631894132920139, 0.01067883914736798, 0.009045604924829347, 0.010008794338121362], [0.008543071317894384, 0.00850119351731647, 0.009506260731186399, 0.010343816742744672, 0.010595083546212154, 0.01206080656643913, 0.01088822815025755, 0.0, 0.013861551991289418, 0.013023995979731145, 0.012563340173374094, 0.012563340173374094, 0.012270195569328698, 0.010385694543322584], [0.008626826919050212, 0.008333682315004816, 0.007789270907491938, 0.01055320574563424, 0.009338749528874743, 0.009506260731186399, 0.010720716947945894, 0.013861551991289418, 0.0, 0.013526529586666109, 0.013484651786088195, 0.013400896184932367, 0.012898362577997403, 0.013610285187821935], [0.007956782109803592, 0.007831148708069852, 0.007496126303446543, 0.008961849323673521, 0.009715649734075966, 0.009548138531764313, 0.009631894132920139, 0.013023995979731145, 0.013526529586666109, 0.0, 0.014782863604003518, 0.013861551991289418, 0.01562041961556179, 0.014782863604003518], [0.00850119351731647, 0.0066166924913103565, 0.006532936890154529, 0.00850119351731647, 0.010050672138699276, 0.010050672138699276, 0.009631894132920139, 0.012563340173374094, 0.013484651786088195, 0.014782863604003518, 0.0, 0.015997319820763013, 0.015201641609782655, 0.015913564219607185], [0.007370492901712802, 0.007077348297667406, 0.0067004480924661835, 0.00942250513003057, 0.008752460320783952, 0.008543071317894384, 0.01067883914736798, 0.012563340173374094, 0.013400896184932367, 0.013861551991289418, 0.015997319820763013, 0.0, 0.01700238703463294, 0.015913564219607185], [0.006114158884375393, 0.006993592696511579, 0.007956782109803592, 0.0077055153063361114, 0.008333682315004816, 0.008584949118472298, 0.009045604924829347, 0.012270195569328698, 0.012898362577997403, 0.01562041961556179, 0.015201641609782655, 0.01700238703463294, 0.0, 0.023577201725365385], [0.006826081494199924, 0.0076636375057581975, 0.007621759705180284, 0.008249926713848988, 0.009715649734075966, 0.009590016332342225, 0.010008794338121362, 0.010385694543322584, 0.013610285187821935, 0.014782863604003518, 0.015913564219607185, 0.015913564219607185, 0.023577201725365385, 0.0]], "sysname": ["SOURCE", "UFC", "IITB", "SJTU", "IPN", "RAC", "PKU", "AMU", "UMC", "POST", "NTHU", "CUUI", "NUCLEA", "CAMB"]}