{"counts": [[0.0, 0.02012033382933299, 0.010933557611438183, 0.009769036682409265, 0.00989842789674581, 0.009251471825063078, 0.008733906967716892, 0.008410428931875526, 0.009251471825063078, 0.008086950896034159, 0.0069224299670052405, 0.008022255288865887, 0.007245908002846606, 0.0075046904315197, 0.0069224299670052405], [0.02012033382933299, 0.0, 0.011192340040111276, 0.011839296111794009, 0.010027819111082357, 0.008733906967716892, 0.008863298182053439, 0.008086950896034159, 0.008345733324707252, 0.007892864074529339, 0.007763472860192793, 0.007439994824351427, 0.007828168467361066, 0.007698777253024519, 0.00672834314550042], [0.010933557611438183, 0.011192340040111276, 0.0, 0.011580513683120916, 0.009186776217894805, 0.00989842789674581, 0.009574949860904444, 0.008216342110370705, 0.00970434107524099, 0.009574949860904444, 0.009186776217894805, 0.0075046904315197, 0.008669211360548618, 0.007569386038687973, 0.009122080610726531], [0.009769036682409265, 0.011839296111794009, 0.011580513683120916, 0.0, 0.009445558646567898, 0.009186776217894805, 0.008863298182053439, 0.00989842789674581, 0.009251471825063078, 0.008669211360548618, 0.00828103771753898, 0.009316167432231352, 0.008733906967716892, 0.008345733324707252, 0.008151646503202433], [0.00989842789674581, 0.010027819111082357, 0.009186776217894805, 0.009445558646567898, 0.0, 0.011386426861616096, 0.01048068836126027, 0.00970434107524099, 0.009122080610726531, 0.008539820146212072, 0.009510254253736172, 0.0075046904315197, 0.007957559681697613, 0.008345733324707252, 0.009510254253736172], [0.009251471825063078, 0.008733906967716892, 0.00989842789674581, 0.009186776217894805, 0.011386426861616096, 0.0, 0.009963123503914085, 0.00970434107524099, 0.009639645468072718, 0.008863298182053439, 0.010092514718250631, 0.0084751245390438, 0.008733906967716892, 0.008992689396389985, 0.009510254253736172], [0.008733906967716892, 0.008863298182053439, 0.009574949860904444, 0.008863298182053439, 0.01048068836126027, 0.009963123503914085, 0.0, 0.009639645468072718, 0.01086886200426991, 0.009510254253736172, 0.008733906967716892, 0.010351297146923724, 0.009251471825063078, 0.008669211360548618, 0.008733906967716892], [0.008410428931875526, 0.008086950896034159, 0.008216342110370705, 0.00989842789674581, 0.00970434107524099, 0.00970434107524099, 0.009639645468072718, 0.0, 0.008604515753380346, 0.009122080610726531, 0.009510254253736172, 0.009380863039399626, 0.008604515753380346, 0.008604515753380346, 0.010027819111082357], [0.009251471825063078, 0.008345733324707252, 0.00970434107524099, 0.009251471825063078, 0.009122080610726531, 0.009639645468072718, 0.01086886200426991, 0.008604515753380346, 0.0, 0.0084751245390438, 0.010027819111082357, 0.00828103771753898, 0.007569386038687973, 0.00828103771753898, 0.009316167432231352], [0.008086950896034159, 0.007892864074529339, 0.009574949860904444, 0.008669211360548618, 0.008539820146212072, 0.008863298182053439, 0.009510254253736172, 0.009122080610726531, 0.0084751245390438, 0.0, 0.009510254253736172, 0.01125703564727955, 0.012615643397813289, 0.011127644432943003, 0.01222746975480365], [0.0069224299670052405, 0.007763472860192793, 0.009186776217894805, 0.00828103771753898, 0.009510254253736172, 0.010092514718250631, 0.008733906967716892, 0.009510254253736172, 0.010027819111082357, 0.009510254253736172, 0.0, 0.010739470789933363, 0.011839296111794009, 0.011192340040111276, 0.01028660153975545], [0.008022255288865887, 0.007439994824351427, 0.0075046904315197, 0.009316167432231352, 0.0075046904315197, 0.0084751245390438, 0.010351297146923724, 0.009380863039399626, 0.00828103771753898, 0.01125703564727955, 0.010739470789933363, 0.0, 0.012162774147635376, 0.013327295076664294, 0.012098078540467102], [0.007245908002846606, 0.007828168467361066, 0.008669211360548618, 0.008733906967716892, 0.007957559681697613, 0.008733906967716892, 0.009251471825063078, 0.008604515753380346, 0.007569386038687973, 0.012615643397813289, 0.011839296111794009, 0.012162774147635376, 0.0, 0.01345668629100084, 0.014556511612861487], [0.0075046904315197, 0.007698777253024519, 0.007569386038687973, 0.008345733324707252, 0.008345733324707252, 0.008992689396389985, 0.008669211360548618, 0.008604515753380346, 0.00828103771753898, 0.011127644432943003, 0.011192340040111276, 0.013327295076664294, 0.01345668629100084, 0.0, 0.014556511612861487], [0.0069224299670052405, 0.00672834314550042, 0.009122080610726531, 0.008151646503202433, 0.009510254253736172, 0.009510254253736172, 0.008733906967716892, 0.010027819111082357, 0.009316167432231352, 0.01222746975480365, 0.01028660153975545, 0.012098078540467102, 0.014556511612861487, 0.014556511612861487, 0.0]], "sysname": ["IITB", "SJTU", "PKU", "RAC", "IPN", "AMU", "JMGR", "UFC", "src", "UMC", "NTHU", "CUUI", "NUCLEA", "POST", "CAMB"]}