{"counts": [[0.0, 0.018286531024045736, 0.017025390953421895, 0.012106944677988903, 0.011560450647385236, 0.010719690600302674, 0.011560450647385236, 0.008659828484950395, 0.007861106440221961, 0.006642004371952245, 0.0070623843954935265, 0.0070623843954935265, 0.006894232386077013, 0.00676811837901463], [0.018286531024045736, 0.0, 0.016647048932234742, 0.011392298637968723, 0.010845804607365058, 0.011392298637968723, 0.010299310576761393, 0.00878594249201278, 0.008701866487304524, 0.00718849840255591, 0.007987220447284345, 0.007819068437867832, 0.006473852362535732, 0.0065999663695981165], [0.017025390953421895, 0.016647048932234742, 0.0, 0.011896754666218262, 0.01101395661678157, 0.010845804607365058, 0.011518412645031109, 0.008701866487304524, 0.008912056499075165, 0.007692954430805448, 0.007566840423743064, 0.006642004371952245, 0.007104422397847654, 0.007524802421388936], [0.012106944677988903, 0.011392298637968723, 0.011896754666218262, 0.0, 0.013830502774508155, 0.012653438708592568, 0.012989742727425592, 0.011644526652093493, 0.010047082562636624, 0.008575752480242138, 0.007987220447284345, 0.00874390448965865, 0.007398688414326551, 0.008449638473179755], [0.011560450647385236, 0.010845804607365058, 0.01101395661678157, 0.013830502774508155, 0.0, 0.013241970741550362, 0.013704388767445772, 0.010719690600302674, 0.009963006557928367, 0.00966874054144947, 0.008870018496721036, 0.009122246510845805, 0.009626702539095342, 0.008659828484950395], [0.010719690600302674, 0.011392298637968723, 0.010845804607365058, 0.012653438708592568, 0.013241970741550362, 0.0, 0.013410122750966874, 0.010971918614427442, 0.010593576593240289, 0.009878930553220111, 0.008870018496721036, 0.009080208508491677, 0.0097107785438036, 0.009542626534387085], [0.011560450647385236, 0.010299310576761393, 0.011518412645031109, 0.012989742727425592, 0.013704388767445772, 0.013410122750966874, 0.0, 0.01101395661678157, 0.010509500588532034, 0.008659828484950395, 0.009836892550865983, 0.010677652597948546, 0.010047082562636624, 0.008912056499075165], [0.008659828484950395, 0.00878594249201278, 0.008701866487304524, 0.011644526652093493, 0.010719690600302674, 0.010971918614427442, 0.01101395661678157, 0.0, 0.014461072809820077, 0.012695476710946696, 0.012275096687405415, 0.011812678661510005, 0.011644526652093493, 0.01172860265680175], [0.007861106440221961, 0.008701866487304524, 0.008912056499075165, 0.010047082562636624, 0.009963006557928367, 0.010593576593240289, 0.010509500588532034, 0.014461072809820077, 0.0, 0.012947704725071464, 0.014587186816882461, 0.011980830670926517, 0.012106944677988903, 0.012989742727425592], [0.006642004371952245, 0.00718849840255591, 0.007692954430805448, 0.008575752480242138, 0.00966874054144947, 0.009878930553220111, 0.008659828484950395, 0.012695476710946696, 0.012947704725071464, 0.0, 0.015680174878089793, 0.015259794854548512, 0.01597444089456869, 0.01710946695813015], [0.0070623843954935265, 0.007987220447284345, 0.007566840423743064, 0.007987220447284345, 0.008870018496721036, 0.008870018496721036, 0.009836892550865983, 0.012275096687405415, 0.014587186816882461, 0.015680174878089793, 0.0, 0.015890364889860432, 0.015259794854548512, 0.015890364889860432], [0.0070623843954935265, 0.007819068437867832, 0.006642004371952245, 0.00874390448965865, 0.009122246510845805, 0.009080208508491677, 0.010677652597948546, 0.011812678661510005, 0.011980830670926517, 0.015259794854548512, 0.015890364889860432, 0.0, 0.01593240289221456, 0.01731965696990079], [0.006894232386077013, 0.006473852362535732, 0.007104422397847654, 0.007398688414326551, 0.009626702539095342, 0.0097107785438036, 0.010047082562636624, 0.011644526652093493, 0.012106944677988903, 0.01597444089456869, 0.015259794854548512, 0.01593240289221456, 0.0, 0.023078863292416343], [0.00676811837901463, 0.0065999663695981165, 0.007524802421388936, 0.008449638473179755, 0.008659828484950395, 0.009542626534387085, 0.008912056499075165, 0.01172860265680175, 0.012989742727425592, 0.01710946695813015, 0.015890364889860432, 0.01731965696990079, 0.023078863292416343, 0.0]], "sysname": ["SOURCE", "UFC", "IITB", "SJTU", "IPN", "RAC", "PKU", "AMU", "UMC", "NTHU", "POST", "CUUI", "NUCLEA", "CAMB"]}