{"sysname": ["IITB", "SJTU", "PKU", "RAC", "IPN", "AMU", "UFC", "JMGR", "src", "UMC", "NTHU", "CUUI", "NUCLEA", "POST", "CAMB"], "counts": [[0.0, 0.01914989972180889, 0.011709904897457463, 0.008733906967716892, 0.00970434107524099, 0.008216342110370705, 0.00970434107524099, 0.009380863039399626, 0.008216342110370705, 0.008410428931875526, 0.008733906967716892, 0.008733906967716892, 0.006081387073817688, 0.007051821181341787, 0.0073752992171831535], [0.01914989972180889, 0.0, 0.011127644432943003, 0.010933557611438183, 0.00970434107524099, 0.008863298182053439, 0.009639645468072718, 0.009122080610726531, 0.008927993789221713, 0.009122080610726531, 0.007698777253024519, 0.007828168467361066, 0.007569386038687973, 0.007051821181341787, 0.006598951931163874], [0.011709904897457463, 0.011127644432943003, 0.0, 0.010351297146923724, 0.01048068836126027, 0.00970434107524099, 0.009186776217894805, 0.009380863039399626, 0.008733906967716892, 0.008410428931875526, 0.007763472860192793, 0.008151646503202433, 0.009510254253736172, 0.0084751245390438, 0.007828168467361066], [0.008733906967716892, 0.010933557611438183, 0.010351297146923724, 0.0, 0.010351297146923724, 0.010027819111082357, 0.009833732289577537, 0.010545383968428544, 0.010157210325418903, 0.00731060361001488, 0.00989842789674581, 0.00711651678851006, 0.008733906967716892, 0.008345733324707252, 0.008216342110370705], [0.00970434107524099, 0.00970434107524099, 0.01048068836126027, 0.010351297146923724, 0.0, 0.009769036682409265, 0.00828103771753898, 0.009833732289577537, 0.00989842789674581, 0.010221905932587178, 0.008798602574885165, 0.007957559681697613, 0.008539820146212072, 0.008086950896034159, 0.007763472860192793], [0.008216342110370705, 0.008863298182053439, 0.00970434107524099, 0.010027819111082357, 0.009769036682409265, 0.0, 0.010933557611438183, 0.009639645468072718, 0.00989842789674581, 0.008539820146212072, 0.01145112246878437, 0.009510254253736172, 0.009639645468072718, 0.007957559681697613, 0.008539820146212072], [0.00970434107524099, 0.009639645468072718, 0.009186776217894805, 0.009833732289577537, 0.00828103771753898, 0.010933557611438183, 0.0, 0.008927993789221713, 0.009251471825063078, 0.00828103771753898, 0.008216342110370705, 0.007439994824351427, 0.009510254253736172, 0.00828103771753898, 0.008992689396389985], [0.009380863039399626, 0.009122080610726531, 0.009380863039399626, 0.010545383968428544, 0.009833732289577537, 0.009639645468072718, 0.008927993789221713, 0.0, 0.010804166397101637, 0.010027819111082357, 0.008733906967716892, 0.009122080610726531, 0.009769036682409265, 0.008151646503202433, 0.009639645468072718], [0.008216342110370705, 0.008927993789221713, 0.008733906967716892, 0.010157210325418903, 0.00989842789674581, 0.00989842789674581, 0.009251471825063078, 0.010804166397101637, 0.0, 0.008669211360548618, 0.008539820146212072, 0.008539820146212072, 0.007634081645856246, 0.008345733324707252, 0.009510254253736172], [0.008410428931875526, 0.009122080610726531, 0.008410428931875526, 0.00731060361001488, 0.010221905932587178, 0.008539820146212072, 0.00828103771753898, 0.010027819111082357, 0.008669211360548618, 0.0, 0.01048068836126027, 0.011386426861616096, 0.010610079575596816, 0.011321731254447824, 0.011515818075952642], [0.008733906967716892, 0.007698777253024519, 0.007763472860192793, 0.00989842789674581, 0.008798602574885165, 0.01145112246878437, 0.008216342110370705, 0.008733906967716892, 0.008539820146212072, 0.01048068836126027, 0.0, 0.011903991718962283, 0.01086886200426991, 0.010739470789933363, 0.011515818075952642], [0.008733906967716892, 0.007828168467361066, 0.008151646503202433, 0.00711651678851006, 0.007957559681697613, 0.009510254253736172, 0.007439994824351427, 0.009122080610726531, 0.008539820146212072, 0.011386426861616096, 0.011903991718962283, 0.0, 0.011709904897457463, 0.012939121433654655, 0.01423303357702012], [0.006081387073817688, 0.007569386038687973, 0.009510254253736172, 0.008733906967716892, 0.008539820146212072, 0.009639645468072718, 0.009510254253736172, 0.009769036682409265, 0.007634081645856246, 0.010610079575596816, 0.01086886200426991, 0.011709904897457463, 0.0, 0.014685902827198033, 0.014879989648702853], [0.007051821181341787, 0.007051821181341787, 0.0084751245390438, 0.008345733324707252, 0.008086950896034159, 0.007957559681697613, 0.00828103771753898, 0.008151646503202433, 0.008345733324707252, 0.011321731254447824, 0.010739470789933363, 0.012939121433654655, 0.014685902827198033, 0.0, 0.015656336934722133], [0.0073752992171831535, 0.006598951931163874, 0.007828168467361066, 0.008216342110370705, 0.007763472860192793, 0.008539820146212072, 0.008992689396389985, 0.009639645468072718, 0.009510254253736172, 0.011515818075952642, 0.011515818075952642, 0.01423303357702012, 0.014879989648702853, 0.015656336934722133, 0.0]]}