{"counts": [[0.0, 0.017025390953421895, 0.019211367075836556, 0.014082730788632924, 0.01307381873213385, 0.010593576593240289, 0.009626702539095342, 0.007524802421388936, 0.007608878426097192, 0.006642004371952245, 0.0070623843954935265, 0.006852194383722886, 0.006053472338994451, 0.006557928367243989], [0.017025390953421895, 0.0, 0.018202455019337482, 0.012275096687405415, 0.011518412645031109, 0.010719690600302674, 0.01101395661678157, 0.007524802421388936, 0.008197410459054985, 0.008491676475533883, 0.007987220447284345, 0.007692954430805448, 0.006684042374306373, 0.005717168320161426], [0.019211367075836556, 0.018202455019337482, 0.0, 0.012191020682697158, 0.011896754666218262, 0.01080376660501093, 0.010509500588532034, 0.008827980494366908, 0.007945182444930216, 0.007230536404910039, 0.006557928367243989, 0.00630570035311922, 0.006263662350765092, 0.00765091642845132], [0.014082730788632924, 0.012275096687405415, 0.012191020682697158, 0.0, 0.01349419875567513, 0.012317134689759543, 0.011518412645031109, 0.010383386581469648, 0.010383386581469648, 0.008239448461409114, 0.00899613250378342, 0.00765091642845132, 0.007692954430805448, 0.008071296451992602], [0.01307381873213385, 0.011518412645031109, 0.011896754666218262, 0.01349419875567513, 0.0, 0.013578274760383386, 0.012275096687405415, 0.010173196569699007, 0.010005044560282495, 0.009374474524970573, 0.008659828484950395, 0.008701866487304524, 0.008407600470825626, 0.008827980494366908], [0.010593576593240289, 0.010719690600302674, 0.01080376660501093, 0.012317134689759543, 0.013578274760383386, 0.0, 0.013998654783924667, 0.011980830670926517, 0.011140070623843954, 0.009878930553220111, 0.008449638473179755, 0.009080208508491677, 0.008912056499075165, 0.010257272574407264], [0.009626702539095342, 0.01101395661678157, 0.010509500588532034, 0.011518412645031109, 0.012275096687405415, 0.013998654783924667, 0.0, 0.01214898268034303, 0.012022868673280646, 0.010215234572053136, 0.010425424583823777, 0.00924836051790819, 0.009290398520262318, 0.010425424583823777], [0.007524802421388936, 0.007524802421388936, 0.008827980494366908, 0.010383386581469648, 0.010173196569699007, 0.011980830670926517, 0.01214898268034303, 0.0, 0.016310744913401714, 0.013241970741550362, 0.012989742727425592, 0.011308222633260468, 0.012106944677988903, 0.011140070623843954], [0.007608878426097192, 0.008197410459054985, 0.007945182444930216, 0.010383386581469648, 0.010005044560282495, 0.011140070623843954, 0.012022868673280646, 0.016310744913401714, 0.0, 0.011644526652093493, 0.012064906675634774, 0.012064906675634774, 0.012989742727425592, 0.012947704725071464], [0.006642004371952245, 0.008491676475533883, 0.007230536404910039, 0.008239448461409114, 0.009374474524970573, 0.009878930553220111, 0.010215234572053136, 0.013241970741550362, 0.011644526652093493, 0.0, 0.016605010929880613, 0.016310744913401714, 0.01483941483100723, 0.014545148814528334], [0.0070623843954935265, 0.007987220447284345, 0.006557928367243989, 0.00899613250378342, 0.008659828484950395, 0.008449638473179755, 0.010425424583823777, 0.012989742727425592, 0.012064906675634774, 0.016605010929880613, 0.0, 0.017277618967546662, 0.01580628888515218, 0.015512022868673281], [0.006852194383722886, 0.007692954430805448, 0.00630570035311922, 0.00765091642845132, 0.008701866487304524, 0.009080208508491677, 0.00924836051790819, 0.011308222633260468, 0.012064906675634774, 0.016310744913401714, 0.017277618967546662, 0.0, 0.0174878089793173, 0.01799226500756684], [0.006053472338994451, 0.006684042374306373, 0.006263662350765092, 0.007692954430805448, 0.008407600470825626, 0.008912056499075165, 0.009290398520262318, 0.012106944677988903, 0.012989742727425592, 0.01483941483100723, 0.01580628888515218, 0.0174878089793173, 0.0, 0.024466117370102573], [0.006557928367243989, 0.005717168320161426, 0.00765091642845132, 0.008071296451992602, 0.008827980494366908, 0.010257272574407264, 0.010425424583823777, 0.011140070623843954, 0.012947704725071464, 0.014545148814528334, 0.015512022868673281, 0.01799226500756684, 0.024466117370102573, 0.0]], "sysname": ["SOURCE", "UFC", "IITB", "SJTU", "IPN", "RAC", "PKU", "AMU", "UMC", "NTHU", "POST", "CUUI", "NUCLEA", "CAMB"]}