{"counts": [[0.0, 0.019473177268729845, 0.01884501026006114, 0.011181372754302943, 0.011474517358348339, 0.010762594748523808, 0.010260061141588844, 0.008752460320783952, 0.008208048913271076, 0.0077055153063361114, 0.0067004480924661835, 0.006993592696511579, 0.005527869676284602, 0.006407303488420788], [0.019473177268729845, 0.0, 0.01767243184387956, 0.014029063193601072, 0.010636961346790066, 0.010511327945056326, 0.009631894132920139, 0.008124293312115248, 0.008543071317894384, 0.007370492901712802, 0.007956782109803592, 0.0066166924913103565, 0.006114158884375393, 0.006072281083797479], [0.01884501026006114, 0.01767243184387956, 0.0, 0.013359018384354453, 0.011558272959504167, 0.01067883914736798, 0.009799405335231794, 0.00850119351731647, 0.008208048913271076, 0.008208048913271076, 0.007412370702290716, 0.006574814690732443, 0.006491059089576616, 0.006030403283219565], [0.011181372754302943, 0.014029063193601072, 0.013359018384354453, 0.0, 0.01390342979186733, 0.011809539762971649, 0.011265128355458771, 0.008919971523095607, 0.00975752753465388, 0.009003727124251435, 0.008417437916160644, 0.009045604924829347, 0.008291804514426902, 0.008124293312115248], [0.011474517358348339, 0.010636961346790066, 0.011558272959504167, 0.01390342979186733, 0.0, 0.013107751580886971, 0.011977050965283304, 0.012018928765861216, 0.009631894132920139, 0.009338749528874743, 0.00942250513003057, 0.009338749528874743, 0.009590016332342225, 0.008794338121361866], [0.010762594748523808, 0.010511327945056326, 0.01067883914736798, 0.011809539762971649, 0.013107751580886971, 0.0, 0.0141128187947569, 0.011893295364127476, 0.011181372754302943, 0.010008794338121362, 0.009003727124251435, 0.009380627329452657, 0.009464382930608485, 0.010176305540433016], [0.010260061141588844, 0.009631894132920139, 0.009799405335231794, 0.011265128355458771, 0.011977050965283304, 0.0141128187947569, 0.0, 0.012018928765861216, 0.012647095774529922, 0.01088822815025755, 0.009464382930608485, 0.00975752753465388, 0.010301938942166758, 0.011181372754302943], [0.008752460320783952, 0.008124293312115248, 0.00850119351731647, 0.008919971523095607, 0.012018928765861216, 0.011893295364127476, 0.012018928765861216, 0.0, 0.015327275011516395, 0.012353951170484526, 0.013359018384354453, 0.011809539762971649, 0.011851417563549562, 0.011181372754302943], [0.008208048913271076, 0.008543071317894384, 0.008208048913271076, 0.00975752753465388, 0.009631894132920139, 0.011181372754302943, 0.012647095774529922, 0.015327275011516395, 0.0, 0.012186439968172872, 0.012018928765861216, 0.012479584572218268, 0.011642028560659995, 0.013065873780309057], [0.0077055153063361114, 0.007370492901712802, 0.008208048913271076, 0.009003727124251435, 0.009338749528874743, 0.010008794338121362, 0.01088822815025755, 0.012353951170484526, 0.012186439968172872, 0.0, 0.016834875832321287, 0.014280329997068554, 0.014196574395912726, 0.01457347460111395], [0.0067004480924661835, 0.007956782109803592, 0.007412370702290716, 0.008417437916160644, 0.00942250513003057, 0.009003727124251435, 0.009464382930608485, 0.013359018384354453, 0.012018928765861216, 0.016834875832321287, 0.0, 0.01582980861845136, 0.015369152812094309, 0.015746053017295533], [0.006993592696511579, 0.0066166924913103565, 0.006574814690732443, 0.009045604924829347, 0.009338749528874743, 0.009380627329452657, 0.00975752753465388, 0.011809539762971649, 0.012479584572218268, 0.014280329997068554, 0.01582980861845136, 0.0, 0.017086142635788767, 0.018342476653126178], [0.005527869676284602, 0.006114158884375393, 0.006491059089576616, 0.008291804514426902, 0.009590016332342225, 0.009464382930608485, 0.010301938942166758, 0.011851417563549562, 0.011642028560659995, 0.014196574395912726, 0.015369152812094309, 0.017086142635788767, 0.0, 0.024833535742702792], [0.006407303488420788, 0.006072281083797479, 0.006030403283219565, 0.008124293312115248, 0.008794338121361866, 0.010176305540433016, 0.011181372754302943, 0.011181372754302943, 0.013065873780309057, 0.01457347460111395, 0.015746053017295533, 0.018342476653126178, 0.024833535742702792, 0.0]], "sysname": ["SOURCE", "UFC", "IITB", "SJTU", "IPN", "RAC", "PKU", "AMU", "UMC", "NTHU", "POST", "CUUI", "NUCLEA", "CAMB"]}