{"counts": [[0.0, 0.0159554420201851, 0.0159554420201851, 0.012312073369906612, 0.012898362577997403, 0.011474517358348339, 0.01067883914736798, 0.008124293312115248, 0.008082415511537334, 0.008961849323673521, 0.006826081494199924, 0.00804053771095942, 0.006993592696511579, 0.006449181288998702], [0.0159554420201851, 0.0, 0.015746053017295533, 0.012270195569328698, 0.011767661962393735, 0.011642028560659995, 0.01088822815025755, 0.00850119351731647, 0.008584949118472298, 0.008417437916160644, 0.007538004104024457, 0.006784203693622011, 0.007077348297667406, 0.008417437916160644], [0.0159554420201851, 0.015746053017295533, 0.0, 0.01172578416181582, 0.011977050965283304, 0.012605217973952008, 0.011558272959504167, 0.009966916537543448, 0.008291804514426902, 0.00619791448553122, 0.007202981699401147, 0.0077473931069140245, 0.006867959294777838, 0.008124293312115248], [0.012312073369906612, 0.012270195569328698, 0.01172578416181582, 0.0, 0.013484651786088195, 0.014154696595334812, 0.011977050965283304, 0.010804472549101721, 0.009338749528874743, 0.008333682315004816, 0.00804053771095942, 0.008459315716738558, 0.007873026508647766, 0.00883621592193978], [0.012898362577997403, 0.011767661962393735, 0.011977050965283304, 0.013484651786088195, 0.0, 0.013442773985510281, 0.013275262783198627, 0.011139494953725031, 0.008919971523095607, 0.009631894132920139, 0.008794338121361866, 0.009087482725407261, 0.008082415511537334, 0.008291804514426902], [0.011474517358348339, 0.011642028560659995, 0.012605217973952008, 0.014154696595334812, 0.013442773985510281, 0.0, 0.013359018384354453, 0.010930105950835461, 0.010301938942166758, 0.008291804514426902, 0.00871058252020604, 0.009548138531764313, 0.008919971523095607, 0.009254993927718917], [0.01067883914736798, 0.01088822815025755, 0.011558272959504167, 0.011977050965283304, 0.013275262783198627, 0.013359018384354453, 0.0, 0.011139494953725031, 0.010720716947945894, 0.010469450144478412, 0.009129360525985175, 0.009171238326563089, 0.00975752753465388, 0.00883621592193978], [0.008124293312115248, 0.00850119351731647, 0.009966916537543448, 0.010804472549101721, 0.011139494953725031, 0.010930105950835461, 0.011139494953725031, 0.0, 0.013442773985510281, 0.013191507182042799, 0.01193517316470539, 0.01172578416181582, 0.011097617153147117, 0.012479584572218268], [0.008082415511537334, 0.008584949118472298, 0.008291804514426902, 0.009338749528874743, 0.008919971523095607, 0.010301938942166758, 0.010720716947945894, 0.013442773985510281, 0.0, 0.014196574395912726, 0.014489718999958122, 0.012228317768750786, 0.013149629381464885, 0.013568407387244023], [0.008961849323673521, 0.008417437916160644, 0.00619791448553122, 0.008333682315004816, 0.009631894132920139, 0.008291804514426902, 0.010469450144478412, 0.013191507182042799, 0.014196574395912726, 0.0, 0.01608107542191884, 0.013191507182042799, 0.015787930817873445, 0.015494786213828049], [0.006826081494199924, 0.007538004104024457, 0.007202981699401147, 0.00804053771095942, 0.008794338121361866, 0.00871058252020604, 0.009129360525985175, 0.01193517316470539, 0.014489718999958122, 0.01608107542191884, 0.0, 0.01641609782654215, 0.01662548682943172, 0.01608107542191884], [0.00804053771095942, 0.006784203693622011, 0.0077473931069140245, 0.008459315716738558, 0.009087482725407261, 0.009548138531764313, 0.009171238326563089, 0.01172578416181582, 0.012228317768750786, 0.013191507182042799, 0.01641609782654215, 0.0, 0.017756187445035387, 0.0168767536328992], [0.006993592696511579, 0.007077348297667406, 0.006867959294777838, 0.007873026508647766, 0.008082415511537334, 0.008919971523095607, 0.00975752753465388, 0.011097617153147117, 0.013149629381464885, 0.015787930817873445, 0.01662548682943172, 0.017756187445035387, 0.0, 0.02102265589011265], [0.006449181288998702, 0.008417437916160644, 0.008124293312115248, 0.00883621592193978, 0.008291804514426902, 0.009254993927718917, 0.00883621592193978, 0.012479584572218268, 0.013568407387244023, 0.015494786213828049, 0.01608107542191884, 0.0168767536328992, 0.02102265589011265, 0.0]], "sysname": ["SOURCE", "UFC", "IITB", "SJTU", "RAC", "PKU", "IPN", "AMU", "UMC", "POST", "NTHU", "CUUI", "NUCLEA", "CAMB"]}