{"sysname": ["SOURCE", "UFC", "IITB", "SJTU", "RAC", "PKU", "IPN", "AMU", "UMC", "POST", "NTHU", "CUUI", "NUCLEA", "CAMB"], "counts": [[0.0, 0.016058516899276946, 0.016478896922818228, 0.012317134689759543, 0.01034134857911552, 0.011980830670926517, 0.011560450647385236, 0.009416512527324701, 0.007987220447284345, 0.008197410459054985, 0.00676811837901463, 0.006852194383722886, 0.007692954430805448, 0.007398688414326551], [0.016058516899276946, 0.0, 0.014671262821590718, 0.012191020682697158, 0.012275096687405415, 0.010887842609719187, 0.01034134857911552, 0.009878930553220111, 0.008407600470825626, 0.007777030435513704, 0.00765091642845132, 0.007482764419034807, 0.008197410459054985, 0.007987220447284345], [0.016478896922818228, 0.014671262821590718, 0.0, 0.011308222633260468, 0.01261140070623844, 0.011980830670926517, 0.010971918614427442, 0.008617790482596267, 0.008575752480242138, 0.008239448461409114, 0.007734992433159576, 0.007272574407264167, 0.008365562468471498, 0.007566840423743064], [0.012317134689759543, 0.012191020682697158, 0.011308222633260468, 0.0, 0.013662350765091643, 0.012527324701530184, 0.012443248696821927, 0.010887842609719187, 0.009374474524970573, 0.009164284513199932, 0.00878594249201278, 0.008365562468471498, 0.008281486463763242, 0.008239448461409114], [0.01034134857911552, 0.012275096687405415, 0.01261140070623844, 0.013662350765091643, 0.0, 0.013620312762737515, 0.013199932739196233, 0.010761728602656801, 0.009374474524970573, 0.010047082562636624, 0.008197410459054985, 0.00853371447788801, 0.008827980494366908, 0.008954094501429291], [0.011980830670926517, 0.010887842609719187, 0.011980830670926517, 0.012527324701530184, 0.013620312762737515, 0.0, 0.01349419875567513, 0.012401210694467799, 0.010173196569699007, 0.00966874054144947, 0.008701866487304524, 0.009122246510845805, 0.008912056499075165, 0.00924836051790819], [0.011560450647385236, 0.01034134857911552, 0.010971918614427442, 0.012443248696821927, 0.013199932739196233, 0.01349419875567513, 0.0, 0.011560450647385236, 0.009374474524970573, 0.00992096855557424, 0.010089120564990752, 0.008701866487304524, 0.008870018496721036, 0.009878930553220111], [0.009416512527324701, 0.009878930553220111, 0.008617790482596267, 0.010887842609719187, 0.010761728602656801, 0.012401210694467799, 0.011560450647385236, 0.0, 0.013452160753321002, 0.011308222633260468, 0.011518412645031109, 0.011602488649739364, 0.011224146628552211, 0.011980830670926517], [0.007987220447284345, 0.008407600470825626, 0.008575752480242138, 0.009374474524970573, 0.009374474524970573, 0.010173196569699007, 0.009374474524970573, 0.013452160753321002, 0.0, 0.01483941483100723, 0.013956616781570539, 0.012989742727425592, 0.012863628720363209, 0.013662350765091643], [0.008197410459054985, 0.007777030435513704, 0.008239448461409114, 0.009164284513199932, 0.010047082562636624, 0.00966874054144947, 0.00992096855557424, 0.011308222633260468, 0.01483941483100723, 0.0, 0.015007566840423743, 0.014250882798049437, 0.014713300823944847, 0.014797376828653102], [0.00676811837901463, 0.00765091642845132, 0.007734992433159576, 0.00878594249201278, 0.008197410459054985, 0.008701866487304524, 0.010089120564990752, 0.011518412645031109, 0.013956616781570539, 0.015007566840423743, 0.0, 0.016310744913401714, 0.01576425088279805, 0.016815200941651252], [0.006852194383722886, 0.007482764419034807, 0.007272574407264167, 0.008365562468471498, 0.00853371447788801, 0.009122246510845805, 0.008701866487304524, 0.011602488649739364, 0.012989742727425592, 0.014250882798049437, 0.016310744913401714, 0.0, 0.017740036993442072, 0.018538759038170507], [0.007692954430805448, 0.008197410459054985, 0.008365562468471498, 0.008281486463763242, 0.008827980494366908, 0.008912056499075165, 0.008870018496721036, 0.011224146628552211, 0.012863628720363209, 0.014713300823944847, 0.01576425088279805, 0.017740036993442072, 0.0, 0.019253405078190684], [0.007398688414326551, 0.007987220447284345, 0.007566840423743064, 0.008239448461409114, 0.008954094501429291, 0.00924836051790819, 0.009878930553220111, 0.011980830670926517, 0.013662350765091643, 0.014797376828653102, 0.016815200941651252, 0.018538759038170507, 0.019253405078190684, 0.0]]}