{"sysname": ["SOURCE", "UFC", "IITB", "SJTU", "RAC", "IPN", "PKU", "AMU", "UMC", "POST", "NTHU", "CUUI", "NUCLEA", "CAMB"], "counts": [[0.0, 0.018635621257171574, 0.01662548682943172, 0.012228317768750786, 0.010301938942166758, 0.011181372754302943, 0.010469450144478412, 0.008626826919050212, 0.008249926713848988, 0.0076636375057581975, 0.0076636375057581975, 0.007161103898823234, 0.007412370702290716, 0.006449181288998702], [0.018635621257171574, 0.0, 0.016918631433477115, 0.01252146237279618, 0.010762594748523808, 0.010636961346790066, 0.010636961346790066, 0.009338749528874743, 0.008417437916160644, 0.006742325893044097, 0.00804053771095942, 0.006826081494199924, 0.007035470497089493, 0.006826081494199924], [0.01662548682943172, 0.016918631433477115, 0.0, 0.011893295364127476, 0.011055739352569203, 0.011348883956614599, 0.011055739352569203, 0.008961849323673521, 0.008333682315004816, 0.008333682315004816, 0.007202981699401147, 0.00745424850286863, 0.007538004104024457, 0.006742325893044097], [0.012228317768750786, 0.01252146237279618, 0.011893295364127476, 0.0, 0.013442773985510281, 0.012940240378575317, 0.012898362577997403, 0.010846350349679635, 0.009548138531764313, 0.008752460320783952, 0.00837556011558273, 0.007789270907491938, 0.008291804514426902, 0.008166171112693162], [0.010301938942166758, 0.010762594748523808, 0.011055739352569203, 0.013442773985510281, 0.0, 0.013107751580886971, 0.012437706771640354, 0.011223250554880857, 0.010511327945056326, 0.010971983751413375, 0.008626826919050212, 0.00975752753465388, 0.009087482725407261, 0.009966916537543448], [0.011181372754302943, 0.010636961346790066, 0.011348883956614599, 0.012940240378575317, 0.013107751580886971, 0.0, 0.015327275011516395, 0.01160015076008208, 0.011265128355458771, 0.009464382930608485, 0.008626826919050212, 0.00804053771095942, 0.008124293312115248, 0.009003727124251435], [0.010469450144478412, 0.010636961346790066, 0.011055739352569203, 0.012898362577997403, 0.012437706771640354, 0.015327275011516395, 0.0, 0.011265128355458771, 0.011307006156036685, 0.010050672138699276, 0.009548138531764313, 0.009296871728296829, 0.00883621592193978, 0.009966916537543448], [0.008626826919050212, 0.009338749528874743, 0.008961849323673521, 0.010846350349679635, 0.011223250554880857, 0.01160015076008208, 0.011265128355458771, 0.0, 0.01206080656643913, 0.01021818334101093, 0.012814606976841576, 0.01273085137568575, 0.012563340173374094, 0.012479584572218268], [0.008249926713848988, 0.008417437916160644, 0.008333682315004816, 0.009548138531764313, 0.010511327945056326, 0.011265128355458771, 0.011307006156036685, 0.01206080656643913, 0.0, 0.013819674190711504, 0.013233384982620713, 0.012647095774529922, 0.012479584572218268, 0.012772729176263663], [0.0076636375057581975, 0.006742325893044097, 0.008333682315004816, 0.008752460320783952, 0.010971983751413375, 0.009464382930608485, 0.010050672138699276, 0.01021818334101093, 0.013819674190711504, 0.0, 0.015997319820763013, 0.015243519410360567, 0.015159763809204741, 0.015452908413250137], [0.0076636375057581975, 0.00804053771095942, 0.007202981699401147, 0.00837556011558273, 0.008626826919050212, 0.008626826919050212, 0.009548138531764313, 0.012814606976841576, 0.013233384982620713, 0.015997319820763013, 0.0, 0.015452908413250137, 0.015704175216717617, 0.01582980861845136], [0.007161103898823234, 0.006826081494199924, 0.00745424850286863, 0.007789270907491938, 0.00975752753465388, 0.00804053771095942, 0.009296871728296829, 0.01273085137568575, 0.012647095774529922, 0.015243519410360567, 0.015452908413250137, 0.0, 0.016960509234055027, 0.018677499057749486], [0.007412370702290716, 0.007035470497089493, 0.007538004104024457, 0.008291804514426902, 0.009087482725407261, 0.008124293312115248, 0.00883621592193978, 0.012563340173374094, 0.012479584572218268, 0.015159763809204741, 0.015704175216717617, 0.016960509234055027, 0.0, 0.02194396750282675], [0.006449181288998702, 0.006826081494199924, 0.006742325893044097, 0.008166171112693162, 0.009966916537543448, 0.009003727124251435, 0.009966916537543448, 0.012479584572218268, 0.012772729176263663, 0.015452908413250137, 0.01582980861845136, 0.018677499057749486, 0.02194396750282675, 0.0]]}