{"sysname": ["SOURCE", "UFC", "IITB", "SJTU", "IPN", "RAC", "PKU", "AMU", "UMC", "POST", "NTHU", "CUUI", "NUCLEA", "CAMB"], "counts": [[0.0, 0.01782411299815033, 0.01731965696990079, 0.011560450647385236, 0.011098032621489827, 0.01034134857911552, 0.010845804607365058, 0.009500588532032958, 0.008155372456700857, 0.006347738355473348, 0.007987220447284345, 0.008281486463763242, 0.007272574407264167, 0.006810156381368757], [0.01782411299815033, 0.0, 0.016142592903985203, 0.012401210694467799, 0.01126618463090634, 0.011098032621489827, 0.010677652597948546, 0.009584664536741214, 0.007945182444930216, 0.007272574407264167, 0.007608878426097192, 0.006263662350765092, 0.007146460400201783, 0.007819068437867832], [0.01731965696990079, 0.016142592903985203, 0.0, 0.013956616781570539, 0.010929880612073315, 0.011770640659155876, 0.011224146628552211, 0.009080208508491677, 0.007945182444930216, 0.0074407264166806795, 0.007314612409618295, 0.006642004371952245, 0.00630570035311922, 0.007314612409618295], [0.011560450647385236, 0.012401210694467799, 0.013956616781570539, 0.0, 0.011896754666218262, 0.013410122750966874, 0.012485286699176056, 0.009584664536741214, 0.009752816546157726, 0.008870018496721036, 0.008449638473179755, 0.00853371447788801, 0.00811333445434673, 0.008954094501429291], [0.011098032621489827, 0.01126618463090634, 0.010929880612073315, 0.011896754666218262, 0.0, 0.01349419875567513, 0.013326046746258619, 0.011350260635614595, 0.010677652597948546, 0.008870018496721036, 0.00899613250378342, 0.008491676475533883, 0.010425424583823777, 0.010173196569699007], [0.01034134857911552, 0.011098032621489827, 0.011770640659155876, 0.013410122750966874, 0.01349419875567513, 0.0, 0.015175718849840255, 0.010677652597948546, 0.01034134857911552, 0.01034134857911552, 0.007987220447284345, 0.009164284513199932, 0.008449638473179755, 0.009080208508491677], [0.010845804607365058, 0.010677652597948546, 0.011224146628552211, 0.012485286699176056, 0.013326046746258619, 0.015175718849840255, 0.0, 0.011644526652093493, 0.010971918614427442, 0.009963006557928367, 0.009332436522616444, 0.008239448461409114, 0.010509500588532034, 0.008071296451992602], [0.009500588532032958, 0.009584664536741214, 0.009080208508491677, 0.009584664536741214, 0.011350260635614595, 0.010677652597948546, 0.011644526652093493, 0.0, 0.01261140070623844, 0.01349419875567513, 0.012233058685051286, 0.011224146628552211, 0.012064906675634774, 0.012233058685051286], [0.008155372456700857, 0.007945182444930216, 0.007945182444930216, 0.009752816546157726, 0.010677652597948546, 0.01034134857911552, 0.010971918614427442, 0.01261140070623844, 0.0, 0.01353623675802926, 0.012905666722717337, 0.013578274760383386, 0.012527324701530184, 0.01353623675802926], [0.006347738355473348, 0.007272574407264167, 0.0074407264166806795, 0.008870018496721036, 0.008870018496721036, 0.01034134857911552, 0.009963006557928367, 0.01349419875567513, 0.01353623675802926, 0.0, 0.017025390953421895, 0.015175718849840255, 0.014461072809820077, 0.015469984866319153], [0.007987220447284345, 0.007608878426097192, 0.007314612409618295, 0.008449638473179755, 0.00899613250378342, 0.007987220447284345, 0.009332436522616444, 0.012233058685051286, 0.012905666722717337, 0.017025390953421895, 0.0, 0.016100554901631075, 0.015175718849840255, 0.016310744913401714], [0.008281486463763242, 0.006263662350765092, 0.006642004371952245, 0.00853371447788801, 0.008491676475533883, 0.009164284513199932, 0.008239448461409114, 0.011224146628552211, 0.013578274760383386, 0.015175718849840255, 0.016100554901631075, 0.0, 0.017908189002858583, 0.0177820749957962], [0.007272574407264167, 0.007146460400201783, 0.00630570035311922, 0.00811333445434673, 0.010425424583823777, 0.008449638473179755, 0.010509500588532034, 0.012064906675634774, 0.012527324701530184, 0.014461072809820077, 0.015175718849840255, 0.017908189002858583, 0.0, 0.020346393139398015], [0.006810156381368757, 0.007819068437867832, 0.007314612409618295, 0.008954094501429291, 0.010173196569699007, 0.009080208508491677, 0.008071296451992602, 0.012233058685051286, 0.01353623675802926, 0.015469984866319153, 0.016310744913401714, 0.0177820749957962, 0.020346393139398015, 0.0]]}