{"counts": [[0.0, 0.02109076793685709, 0.01028660153975545, 0.010804166397101637, 0.010933557611438183, 0.009057385003558259, 0.008798602574885165, 0.00828103771753898, 0.009186776217894805, 0.00731060361001488, 0.008151646503202433, 0.007892864074529339, 0.006987125574173514, 0.005887300252312868, 0.006534256323995601], [0.02109076793685709, 0.0, 0.01067477518276509, 0.009380863039399626, 0.009639645468072718, 0.008216342110370705, 0.009251471825063078, 0.008863298182053439, 0.0084751245390438, 0.007763472860192793, 0.0084751245390438, 0.00731060361001488, 0.00731060361001488, 0.007828168467361066, 0.008798602574885165], [0.01028660153975545, 0.01067477518276509, 0.0, 0.009122080610726531, 0.011968687326130555, 0.010804166397101637, 0.00989842789674581, 0.009510254253736172, 0.009186776217894805, 0.008669211360548618, 0.007828168467361066, 0.008798602574885165, 0.00828103771753898, 0.008539820146212072, 0.0075046904315197], [0.010804166397101637, 0.009380863039399626, 0.009122080610726531, 0.0, 0.012745034612149835, 0.009963123503914085, 0.00731060361001488, 0.009122080610726531, 0.00970434107524099, 0.010092514718250631, 0.008669211360548618, 0.007957559681697613, 0.007892864074529339, 0.007892864074529339, 0.009769036682409265], [0.010933557611438183, 0.009639645468072718, 0.011968687326130555, 0.012745034612149835, 0.0, 0.008927993789221713, 0.009380863039399626, 0.009510254253736172, 0.010351297146923724, 0.007569386038687973, 0.008733906967716892, 0.007569386038687973, 0.00828103771753898, 0.0073752992171831535, 0.0073752992171831535], [0.009057385003558259, 0.008216342110370705, 0.010804166397101637, 0.009963123503914085, 0.008927993789221713, 0.0, 0.009510254253736172, 0.009510254253736172, 0.009963123503914085, 0.010157210325418903, 0.009963123503914085, 0.009445558646567898, 0.009963123503914085, 0.008151646503202433, 0.008992689396389985], [0.008798602574885165, 0.009251471825063078, 0.00989842789674581, 0.00731060361001488, 0.009380863039399626, 0.009510254253736172, 0.0, 0.0084751245390438, 0.009639645468072718, 0.009186776217894805, 0.008863298182053439, 0.009122080610726531, 0.008669211360548618, 0.008992689396389985, 0.009639645468072718], [0.00828103771753898, 0.008863298182053439, 0.009510254253736172, 0.009122080610726531, 0.009510254253736172, 0.009510254253736172, 0.0084751245390438, 0.0, 0.009574949860904444, 0.00970434107524099, 0.009251471825063078, 0.009316167432231352, 0.009833732289577537, 0.008345733324707252, 0.007698777253024519], [0.009186776217894805, 0.0084751245390438, 0.009186776217894805, 0.00970434107524099, 0.010351297146923724, 0.009963123503914085, 0.009639645468072718, 0.009574949860904444, 0.0, 0.00989842789674581, 0.010092514718250631, 0.008733906967716892, 0.009057385003558259, 0.009963123503914085, 0.008669211360548618], [0.00731060361001488, 0.007763472860192793, 0.008669211360548618, 0.010092514718250631, 0.007569386038687973, 0.010157210325418903, 0.009186776217894805, 0.00970434107524099, 0.00989842789674581, 0.0, 0.011839296111794009, 0.012162774147635376, 0.010739470789933363, 0.010221905932587178, 0.009639645468072718], [0.008151646503202433, 0.0084751245390438, 0.007828168467361066, 0.008669211360548618, 0.008733906967716892, 0.009963123503914085, 0.008863298182053439, 0.009251471825063078, 0.010092514718250631, 0.011839296111794009, 0.0, 0.010804166397101637, 0.01028660153975545, 0.010027819111082357, 0.01145112246878437], [0.007892864074529339, 0.00731060361001488, 0.008798602574885165, 0.007957559681697613, 0.007569386038687973, 0.009445558646567898, 0.009122080610726531, 0.009316167432231352, 0.008733906967716892, 0.012162774147635376, 0.010804166397101637, 0.0, 0.011645209290289189, 0.01345668629100084, 0.012615643397813289], [0.006987125574173514, 0.00731060361001488, 0.00828103771753898, 0.007892864074529339, 0.00828103771753898, 0.009963123503914085, 0.008669211360548618, 0.009833732289577537, 0.009057385003558259, 0.010739470789933363, 0.01028660153975545, 0.011645209290289189, 0.0, 0.014168337969851848, 0.016367988613573137], [0.005887300252312868, 0.007828168467361066, 0.008539820146212072, 0.007892864074529339, 0.0073752992171831535, 0.008151646503202433, 0.008992689396389985, 0.008345733324707252, 0.009963123503914085, 0.010221905932587178, 0.010027819111082357, 0.01345668629100084, 0.014168337969851848, 0.0, 0.016691466649414503], [0.006534256323995601, 0.008798602574885165, 0.0075046904315197, 0.009769036682409265, 0.0073752992171831535, 0.008992689396389985, 0.009639645468072718, 0.007698777253024519, 0.008669211360548618, 0.009639645468072718, 0.01145112246878437, 0.012615643397813289, 0.016367988613573137, 0.016691466649414503, 0.0]], "sysname": ["IITB", "SJTU", "PKU", "IPN", "RAC", "AMU", "UFC", "src", "JMGR", "UMC", "NTHU", "CUUI", "NUCLEA", "POST", "CAMB"]}