{"counts": [[0.0, 0.018538759038170507, 0.016647048932234742, 0.011896754666218262, 0.01282159071800908, 0.011686564654447621, 0.00992096855557424, 0.00920632251555406, 0.007566840423743064, 0.008449638473179755, 0.006179586346056835, 0.007020346393139398, 0.005759206322515554, 0.0069783083907852695], [0.018538759038170507, 0.0, 0.017866151000504454, 0.013578274760383386, 0.011308222633260468, 0.010719690600302674, 0.009164284513199932, 0.007272574407264167, 0.008365562468471498, 0.0074407264166806795, 0.007945182444930216, 0.006389776357827476, 0.006431814360181604, 0.007692954430805448], [0.016647048932234742, 0.017866151000504454, 0.0, 0.012737514713300825, 0.011896754666218262, 0.01055153859088616, 0.010299310576761393, 0.008197410459054985, 0.008912056499075165, 0.008365562468471498, 0.007314612409618295, 0.007482764419034807, 0.005927358331932067, 0.00718849840255591], [0.011896754666218262, 0.013578274760383386, 0.012737514713300825, 0.0, 0.013662350765091643, 0.012863628720363209, 0.012485286699176056, 0.010467462586177905, 0.00992096855557424, 0.00874390448965865, 0.00878594249201278, 0.008701866487304524, 0.00676811837901463, 0.007692954430805448], [0.01282159071800908, 0.011308222633260468, 0.011896754666218262, 0.013662350765091643, 0.0, 0.012401210694467799, 0.012989742727425592, 0.010215234572053136, 0.010173196569699007, 0.01080376660501093, 0.00853371447788801, 0.008870018496721036, 0.008281486463763242, 0.008912056499075165], [0.011686564654447621, 0.010719690600302674, 0.01055153859088616, 0.012863628720363209, 0.012401210694467799, 0.0, 0.013241970741550362, 0.011392298637968723, 0.011560450647385236, 0.009794854548511854, 0.00899613250378342, 0.00966874054144947, 0.009500588532032958, 0.008281486463763242], [0.00992096855557424, 0.009164284513199932, 0.010299310576761393, 0.012485286699176056, 0.012989742727425592, 0.013241970741550362, 0.0, 0.012064906675634774, 0.011560450647385236, 0.009794854548511854, 0.011098032621489827, 0.010509500588532034, 0.010677652597948546, 0.009038170506137548], [0.00920632251555406, 0.007272574407264167, 0.008197410459054985, 0.010467462586177905, 0.010215234572053136, 0.011392298637968723, 0.012064906675634774, 0.0, 0.013830502774508155, 0.013662350765091643, 0.013368084748612745, 0.011812678661510005, 0.012064906675634774, 0.011182108626198083], [0.007566840423743064, 0.008365562468471498, 0.008912056499075165, 0.00992096855557424, 0.010173196569699007, 0.011560450647385236, 0.011560450647385236, 0.013830502774508155, 0.0, 0.013872540776862284, 0.012947704725071464, 0.01261140070623844, 0.012443248696821927, 0.011854716663864133], [0.008449638473179755, 0.0074407264166806795, 0.008365562468471498, 0.00874390448965865, 0.01080376660501093, 0.009794854548511854, 0.009794854548511854, 0.013662350765091643, 0.013872540776862284, 0.0, 0.014713300823944847, 0.014545148814528334, 0.012989742727425592, 0.013998654783924667], [0.006179586346056835, 0.007945182444930216, 0.007314612409618295, 0.00878594249201278, 0.00853371447788801, 0.00899613250378342, 0.011098032621489827, 0.013368084748612745, 0.012947704725071464, 0.014713300823944847, 0.0, 0.015007566840423743, 0.016100554901631075, 0.016605010929880613], [0.007020346393139398, 0.006389776357827476, 0.007482764419034807, 0.008701866487304524, 0.008870018496721036, 0.00966874054144947, 0.010509500588532034, 0.011812678661510005, 0.01261140070623844, 0.014545148814528334, 0.015007566840423743, 0.0, 0.017235580965192534, 0.0177820749957962], [0.005759206322515554, 0.006431814360181604, 0.005927358331932067, 0.00676811837901463, 0.008281486463763242, 0.009500588532032958, 0.010677652597948546, 0.012064906675634774, 0.012443248696821927, 0.012989742727425592, 0.016100554901631075, 0.017235580965192534, 0.0, 0.0271985875231209], [0.0069783083907852695, 0.007692954430805448, 0.00718849840255591, 0.007692954430805448, 0.008912056499075165, 0.008281486463763242, 0.009038170506137548, 0.011182108626198083, 0.011854716663864133, 0.013998654783924667, 0.016605010929880613, 0.0177820749957962, 0.0271985875231209, 0.0]], "sysname": ["SOURCE", "UFC", "IITB", "SJTU", "IPN", "RAC", "PKU", "AMU", "UMC", "NTHU", "POST", "CUUI", "NUCLEA", "CAMB"]}