{"counts": [[0.0, 0.019012521462372797, 0.017295531638678335, 0.01285648477741949, 0.011851417563549562, 0.009715649734075966, 0.010176305540433016, 0.008626826919050212, 0.00837556011558273, 0.007998659910381506, 0.007035470497089493, 0.0066585702918882704, 0.0066585702918882704, 0.006407303488420788], [0.019012521462372797, 0.0, 0.018593743456593658, 0.013233384982620713, 0.011767661962393735, 0.009506260731186399, 0.009841283135809707, 0.008333682315004816, 0.008082415511537334, 0.007244859499979061, 0.007077348297667406, 0.007035470497089493, 0.00619791448553122, 0.006449181288998702], [0.017295531638678335, 0.018593743456593658, 0.0, 0.013275262783198627, 0.011139494953725031, 0.010846350349679635, 0.009673771933498053, 0.008543071317894384, 0.008584949118472298, 0.00745424850286863, 0.0066166924913103565, 0.00711922609824532, 0.0067004480924661835, 0.007077348297667406], [0.01285648477741949, 0.013233384982620713, 0.013275262783198627, 0.0, 0.013987185393023158, 0.012940240378575317, 0.01101386155199129, 0.010720716947945894, 0.00942250513003057, 0.008919971523095607, 0.008291804514426902, 0.007412370702290716, 0.007831148708069852, 0.007621759705180284], [0.011851417563549562, 0.011767661962393735, 0.011139494953725031, 0.013987185393023158, 0.0, 0.013233384982620713, 0.01252146237279618, 0.010804472549101721, 0.009925038736965534, 0.008961849323673521, 0.009087482725407261, 0.00975752753465388, 0.0077473931069140245, 0.009171238326563089], [0.009715649734075966, 0.009506260731186399, 0.010846350349679635, 0.012940240378575317, 0.013233384982620713, 0.0, 0.015159763809204741, 0.012144562167594958, 0.010427572343900498, 0.009590016332342225, 0.010050672138699276, 0.009045604924829347, 0.008082415511537334, 0.010846350349679635], [0.010176305540433016, 0.009841283135809707, 0.009673771933498053, 0.01101386155199129, 0.01252146237279618, 0.015159763809204741, 0.0, 0.011683906361237908, 0.011977050965283304, 0.011139494953725031, 0.010427572343900498, 0.009841283135809707, 0.009506260731186399, 0.01055320574563424], [0.008626826919050212, 0.008333682315004816, 0.008543071317894384, 0.010720716947945894, 0.010804472549101721, 0.012144562167594958, 0.011683906361237908, 0.0, 0.01469910800284769, 0.013149629381464885, 0.010846350349679635, 0.011642028560659995, 0.011390761757192513, 0.012270195569328698], [0.00837556011558273, 0.008082415511537334, 0.008584949118472298, 0.00942250513003057, 0.009925038736965534, 0.010427572343900498, 0.011977050965283304, 0.01469910800284769, 0.0, 0.013400896184932367, 0.012479584572218268, 0.012353951170484526, 0.01273085137568575, 0.012772729176263663], [0.007998659910381506, 0.007244859499979061, 0.00745424850286863, 0.008919971523095607, 0.008961849323673521, 0.009590016332342225, 0.011139494953725031, 0.013149629381464885, 0.013400896184932367, 0.0, 0.015704175216717617, 0.014029063193601072, 0.014740985803425604, 0.014992252606893085], [0.007035470497089493, 0.007077348297667406, 0.0066166924913103565, 0.008291804514426902, 0.009087482725407261, 0.010050672138699276, 0.010427572343900498, 0.010846350349679635, 0.012479584572218268, 0.015704175216717617, 0.0, 0.018426232254282006, 0.01700238703463294, 0.015369152812094309], [0.0066585702918882704, 0.007035470497089493, 0.00711922609824532, 0.007412370702290716, 0.00975752753465388, 0.009045604924829347, 0.009841283135809707, 0.011642028560659995, 0.012353951170484526, 0.014029063193601072, 0.018426232254282006, 0.0, 0.01838435445370409, 0.016541731228275892], [0.0066585702918882704, 0.00619791448553122, 0.0067004480924661835, 0.007831148708069852, 0.0077473931069140245, 0.008082415511537334, 0.009506260731186399, 0.011390761757192513, 0.01273085137568575, 0.014740985803425604, 0.01700238703463294, 0.01838435445370409, 0.0, 0.024163490933456176], [0.006407303488420788, 0.006449181288998702, 0.007077348297667406, 0.007621759705180284, 0.009171238326563089, 0.010846350349679635, 0.01055320574563424, 0.012270195569328698, 0.012772729176263663, 0.014992252606893085, 0.015369152812094309, 0.016541731228275892, 0.024163490933456176, 0.0]], "sysname": ["SOURCE", "UFC", "IITB", "SJTU", "IPN", "RAC", "PKU", "AMU", "UMC", "NTHU", "POST", "CUUI", "NUCLEA", "CAMB"]}