{"sysname": ["SOURCE", "UFC", "IITB", "SJTU", "IPN", "RAC", "PKU", "AMU", "UMC", "NTHU", "POST", "CUUI", "NUCLEA", "CAMB"], "counts": [[0.0, 0.01908525306877417, 0.01795022700521271, 0.012443248696821927, 0.012401210694467799, 0.0097107785438036, 0.011055994619135699, 0.008701866487304524, 0.008323524466117371, 0.006642004371952245, 0.007146460400201783, 0.006684042374306373, 0.006347738355473348, 0.006179586346056835], [0.01908525306877417, 0.0, 0.0164368589204641, 0.01307381873213385, 0.011602488649739364, 0.010047082562636624, 0.011644526652093493, 0.008575752480242138, 0.009374474524970573, 0.007608878426097192, 0.006684042374306373, 0.0070623843954935265, 0.006263662350765092, 0.00630570035311922], [0.01795022700521271, 0.0164368589204641, 0.0, 0.012275096687405415, 0.01235917269211367, 0.011098032621489827, 0.00966874054144947, 0.008197410459054985, 0.009080208508491677, 0.008365562468471498, 0.007314612409618295, 0.0065999663695981165, 0.006810156381368757, 0.007104422397847654], [0.012443248696821927, 0.01307381873213385, 0.012275096687405415, 0.0, 0.013241970741550362, 0.012779552715654952, 0.012064906675634774, 0.01126618463090634, 0.009080208508491677, 0.008870018496721036, 0.007861106440221961, 0.008029258449638473, 0.008029258449638473, 0.008197410459054985], [0.012401210694467799, 0.011602488649739364, 0.01235917269211367, 0.013241970741550362, 0.0, 0.013410122750966874, 0.011098032621489827, 0.010845804607365058, 0.00966874054144947, 0.009164284513199932, 0.00899613250378342, 0.008449638473179755, 0.009122246510845805, 0.010425424583823777], [0.0097107785438036, 0.010047082562636624, 0.011098032621489827, 0.012779552715654952, 0.013410122750966874, 0.0, 0.014208844795695308, 0.011055994619135699, 0.010719690600302674, 0.010761728602656801, 0.009963006557928367, 0.010005044560282495, 0.008954094501429291, 0.00899613250378342], [0.011055994619135699, 0.011644526652093493, 0.00966874054144947, 0.012064906675634774, 0.011098032621489827, 0.014208844795695308, 0.0, 0.011560450647385236, 0.012191020682697158, 0.009122246510845805, 0.009836892550865983, 0.009752816546157726, 0.010593576593240289, 0.010089120564990752], [0.008701866487304524, 0.008575752480242138, 0.008197410459054985, 0.01126618463090634, 0.010845804607365058, 0.011055994619135699, 0.011560450647385236, 0.0, 0.012905666722717337, 0.012863628720363209, 0.011602488649739364, 0.012695476710946696, 0.011392298637968723, 0.013157894736842105], [0.008323524466117371, 0.009374474524970573, 0.009080208508491677, 0.009080208508491677, 0.00966874054144947, 0.010719690600302674, 0.012191020682697158, 0.012905666722717337, 0.0, 0.012695476710946696, 0.013662350765091643, 0.012317134689759543, 0.01261140070623844, 0.012905666722717337], [0.006642004371952245, 0.007608878426097192, 0.008365562468471498, 0.008870018496721036, 0.009164284513199932, 0.010761728602656801, 0.009122246510845805, 0.012863628720363209, 0.012695476710946696, 0.0, 0.015091642845132, 0.01576425088279805, 0.01530183285690264, 0.014965528838069614], [0.007146460400201783, 0.006684042374306373, 0.007314612409618295, 0.007861106440221961, 0.00899613250378342, 0.009963006557928367, 0.009836892550865983, 0.011602488649739364, 0.013662350765091643, 0.015091642845132, 0.0, 0.01639482091810997, 0.0164368589204641, 0.017193542962838405], [0.006684042374306373, 0.0070623843954935265, 0.0065999663695981165, 0.008029258449638473, 0.008449638473179755, 0.010005044560282495, 0.009752816546157726, 0.012695476710946696, 0.012317134689759543, 0.01576425088279805, 0.01639482091810997, 0.0, 0.017151504960484277, 0.016100554901631075], [0.006347738355473348, 0.006263662350765092, 0.006810156381368757, 0.008029258449638473, 0.009122246510845805, 0.008954094501429291, 0.010593576593240289, 0.011392298637968723, 0.01261140070623844, 0.01530183285690264, 0.0164368589204641, 0.017151504960484277, 0.0, 0.022154027240625526], [0.006179586346056835, 0.00630570035311922, 0.007104422397847654, 0.008197410459054985, 0.010425424583823777, 0.00899613250378342, 0.010089120564990752, 0.013157894736842105, 0.012905666722717337, 0.014965528838069614, 0.017193542962838405, 0.016100554901631075, 0.022154027240625526, 0.0]]}