{"counts": [[0.0, 0.01959881067046359, 0.017965576447924955, 0.011055739352569203, 0.01206080656643913, 0.010636961346790066, 0.010636961346790066, 0.009673771933498053, 0.008082415511537334, 0.006909837095355752, 0.00745424850286863, 0.006365425687842875, 0.005444114075128775, 0.006574814690732443], [0.01959881067046359, 0.0, 0.019096277063528625, 0.012018928765861216, 0.01160015076008208, 0.009631894132920139, 0.008794338121361866, 0.00837556011558273, 0.008124293312115248, 0.007538004104024457, 0.006156036684953306, 0.007496126303446543, 0.00711922609824532, 0.00711922609824532], [0.017965576447924955, 0.019096277063528625, 0.0, 0.013526529586666109, 0.01172578416181582, 0.01088822815025755, 0.009338749528874743, 0.008208048913271076, 0.008333682315004816, 0.006574814690732443, 0.006323547887264961, 0.006951714895933665, 0.006784203693622011, 0.007538004104024457], [0.011055739352569203, 0.012018928765861216, 0.013526529586666109, 0.0, 0.014405963398802294, 0.013191507182042799, 0.012772729176263663, 0.010176305540433016, 0.010260061141588844, 0.008543071317894384, 0.007873026508647766, 0.0077055153063361114, 0.007956782109803592, 0.008208048913271076], [0.01206080656643913, 0.01160015076008208, 0.01172578416181582, 0.014405963398802294, 0.0, 0.013275262783198627, 0.012688973575107836, 0.01055320574563424, 0.009129360525985175, 0.008878093722517693, 0.009925038736965534, 0.008961849323673521, 0.008668704719628125, 0.008543071317894384], [0.010636961346790066, 0.009631894132920139, 0.01088822815025755, 0.013191507182042799, 0.013275262783198627, 0.0, 0.013275262783198627, 0.011516395158926253, 0.011223250554880857, 0.010343816742744672, 0.01009254993927719, 0.008961849323673521, 0.01009254993927719, 0.008584949118472298], [0.010636961346790066, 0.008794338121361866, 0.009338749528874743, 0.012772729176263663, 0.012688973575107836, 0.013275262783198627, 0.0, 0.011977050965283304, 0.011851417563549562, 0.011390761757192513, 0.011055739352569203, 0.008919971523095607, 0.010343816742744672, 0.009506260731186399], [0.009673771933498053, 0.00837556011558273, 0.008208048913271076, 0.010176305540433016, 0.01055320574563424, 0.011516395158926253, 0.011977050965283304, 0.0, 0.013191507182042799, 0.013107751580886971, 0.011683906361237908, 0.01285648477741949, 0.012605217973952008, 0.011558272959504167], [0.008082415511537334, 0.008124293312115248, 0.008333682315004816, 0.010260061141588844, 0.009129360525985175, 0.011223250554880857, 0.011851417563549562, 0.013191507182042799, 0.0, 0.012982118179153231, 0.013065873780309057, 0.013819674190711504, 0.01193517316470539, 0.013275262783198627], [0.006909837095355752, 0.007538004104024457, 0.006574814690732443, 0.008543071317894384, 0.008878093722517693, 0.010343816742744672, 0.011390761757192513, 0.013107751580886971, 0.012982118179153231, 0.0, 0.016039197621340928, 0.015159763809204741, 0.014489718999958122, 0.015452908413250137], [0.00745424850286863, 0.006156036684953306, 0.006323547887264961, 0.007873026508647766, 0.009925038736965534, 0.01009254993927719, 0.011055739352569203, 0.011683906361237908, 0.013065873780309057, 0.016039197621340928, 0.0, 0.01582980861845136, 0.01562041961556179, 0.016374220025964236], [0.006365425687842875, 0.007496126303446543, 0.006951714895933665, 0.0077055153063361114, 0.008961849323673521, 0.008961849323673521, 0.008919971523095607, 0.01285648477741949, 0.013819674190711504, 0.015159763809204741, 0.01582980861845136, 0.0, 0.016667364630009632, 0.01825872105197035], [0.005444114075128775, 0.00711922609824532, 0.006784203693622011, 0.007956782109803592, 0.008668704719628125, 0.01009254993927719, 0.010343816742744672, 0.012605217973952008, 0.01193517316470539, 0.014489718999958122, 0.01562041961556179, 0.016667364630009632, 0.0, 0.02345156832363164], [0.006574814690732443, 0.00711922609824532, 0.007538004104024457, 0.008208048913271076, 0.008543071317894384, 0.008584949118472298, 0.009506260731186399, 0.011558272959504167, 0.013275262783198627, 0.015452908413250137, 0.016374220025964236, 0.01825872105197035, 0.02345156832363164, 0.0]], "sysname": ["SOURCE", "UFC", "IITB", "SJTU", "IPN", "RAC", "PKU", "AMU", "UMC", "NTHU", "POST", "CUUI", "NUCLEA", "CAMB"]}