{"counts": [[0.0, 0.025062249648154164, 0.018025332900292304, 0.0147233950416802, 0.01423622388221284, 0.012828840532640468, 0.012287539244343402, 0.01055537512179279, 0.00990581357583631, 0.007469957778499512, 0.008769080870412472, 0.005521273140630075, 0.00784886868030746, 0.006441485330735087], [0.025062249648154164, 0.0, 0.017050990581357582, 0.016672079679549638, 0.013857312980404893, 0.012991230919129588, 0.011692107827216629, 0.010014073833495724, 0.009472772545198658, 0.007794738551477752, 0.00784886868030746, 0.006062574428927141, 0.006495615459564794, 0.006658005846053913], [0.018025332900292304, 0.017050990581357582, 0.0, 0.016672079679549638, 0.013857312980404893, 0.013370141820937534, 0.012828840532640468, 0.009797553318176897, 0.010338854606473963, 0.009851683447006604, 0.007957128937966872, 0.006766266103713327, 0.006549745588394501, 0.005954314171267728], [0.0147233950416802, 0.016672079679549638, 0.016672079679549638, 0.0, 0.013965573238064306, 0.013316011692107827, 0.013803182851575186, 0.010609505250622497, 0.012071018729024574, 0.007469957778499512, 0.007091046876691567, 0.0073616975208401, 0.006820396232543034, 0.0071451770055212735], [0.01423622388221284, 0.013857312980404893, 0.013857312980404893, 0.013965573238064306, 0.0, 0.012071018729024574, 0.01277471040381076, 0.012125148857854281, 0.01071776550828191, 0.009418642416368951, 0.009418642416368951, 0.008606690483923351, 0.007307567392010393, 0.008769080870412472], [0.012828840532640468, 0.012991230919129588, 0.013370141820937534, 0.013316011692107827, 0.012071018729024574, 0.0, 0.015156436072317852, 0.01277471040381076, 0.011096676410089856, 0.010663635379452203, 0.008714950741582765, 0.008336039839774819, 0.008065389195626285, 0.006658005846053913], [0.012287539244343402, 0.011692107827216629, 0.012828840532640468, 0.013803182851575186, 0.01277471040381076, 0.015156436072317852, 0.0, 0.0139114431092346, 0.011313196925408683, 0.009797553318176897, 0.009797553318176897, 0.008065389195626285, 0.007578218036158926, 0.0074158276496698065], [0.01055537512179279, 0.010014073833495724, 0.009797553318176897, 0.010609505250622497, 0.012125148857854281, 0.01277471040381076, 0.0139114431092346, 0.0, 0.012991230919129588, 0.012287539244343402, 0.010284724477644256, 0.008552560355093644, 0.009581032802858071, 0.009959943704666017], [0.00990581357583631, 0.009472772545198658, 0.010338854606473963, 0.012071018729024574, 0.01071776550828191, 0.011096676410089856, 0.011313196925408683, 0.012991230919129588, 0.0, 0.012341669373173108, 0.011800368084876042, 0.010176464219984844, 0.008877341128071885, 0.010230594348814551], [0.007469957778499512, 0.007794738551477752, 0.009851683447006604, 0.007469957778499512, 0.009418642416368951, 0.010663635379452203, 0.009797553318176897, 0.012287539244343402, 0.012341669373173108, 0.0, 0.015481216845296093, 0.011800368084876042, 0.012449929630832522, 0.012504059759662229], [0.008769080870412472, 0.00784886868030746, 0.007957128937966872, 0.007091046876691567, 0.009418642416368951, 0.008714950741582765, 0.009797553318176897, 0.010284724477644256, 0.011800368084876042, 0.015481216845296093, 0.0, 0.014831655299339613, 0.01261232001732164, 0.01261232001732164], [0.005521273140630075, 0.006062574428927141, 0.006766266103713327, 0.0073616975208401, 0.008606690483923351, 0.008336039839774819, 0.008065389195626285, 0.008552560355093644, 0.010176464219984844, 0.011800368084876042, 0.014831655299339613, 0.0, 0.018295983544440834, 0.018295983544440834], [0.00784886868030746, 0.006495615459564794, 0.006549745588394501, 0.006820396232543034, 0.007307567392010393, 0.008065389195626285, 0.007578218036158926, 0.009581032802858071, 0.008877341128071885, 0.012449929630832522, 0.01261232001732164, 0.018295983544440834, 0.0, 0.019595106636353794], [0.006441485330735087, 0.006658005846053913, 0.005954314171267728, 0.0071451770055212735, 0.008769080870412472, 0.006658005846053913, 0.0074158276496698065, 0.009959943704666017, 0.010230594348814551, 0.012504059759662229, 0.01261232001732164, 0.018295983544440834, 0.019595106636353794, 0.0]], "sysname": ["CAMB", "NUCLEA", "POST", "CUUI", "NTHU", "AMU", "UMC", "PKU", "RAC", "IPN", "SJTU", "IITB", "UFC", "SOURCE"]}