{"counts": [[0.0, 0.01880313245948323, 0.0177980652456133, 0.013233384982620713, 0.011432639557770427, 0.011181372754302943, 0.008961849323673521, 0.007496126303446543, 0.009087482725407261, 0.007161103898823234, 0.0075798819046023706, 0.007328615101134889, 0.007077348297667406, 0.00586289208090791], [0.01880313245948323, 0.0, 0.01746304284098999, 0.013484651786088195, 0.011683906361237908, 0.011097617153147117, 0.010427572343900498, 0.007077348297667406, 0.009045604924829347, 0.007035470497089493, 0.006993592696511579, 0.006365425687842875, 0.0066166924913103565, 0.007202981699401147], [0.0177980652456133, 0.01746304284098999, 0.0, 0.012982118179153231, 0.011474517358348339, 0.010971983751413375, 0.009254993927718917, 0.009171238326563089, 0.008333682315004816, 0.0077473931069140245, 0.00745424850286863, 0.0066585702918882704, 0.006826081494199924, 0.007035470497089493], [0.013233384982620713, 0.013484651786088195, 0.012982118179153231, 0.0, 0.013191507182042799, 0.01172578416181582, 0.01252146237279618, 0.010301938942166758, 0.009799405335231794, 0.008794338121361866, 0.007956782109803592, 0.008291804514426902, 0.007161103898823234, 0.00804053771095942], [0.011432639557770427, 0.011683906361237908, 0.011474517358348339, 0.013191507182042799, 0.0, 0.011977050965283304, 0.011851417563549562, 0.012018928765861216, 0.010804472549101721, 0.00942250513003057, 0.009171238326563089, 0.00883621592193978, 0.008417437916160644, 0.009380627329452657], [0.011181372754302943, 0.011097617153147117, 0.010971983751413375, 0.01172578416181582, 0.011977050965283304, 0.0, 0.013945307592445244, 0.011265128355458771, 0.01088822815025755, 0.01021818334101093, 0.009799405335231794, 0.010008794338121362, 0.009129360525985175, 0.009129360525985175], [0.008961849323673521, 0.010427572343900498, 0.009254993927718917, 0.01252146237279618, 0.011851417563549562, 0.013945307592445244, 0.0, 0.013735918589555677, 0.01021818334101093, 0.01067883914736798, 0.011558272959504167, 0.009925038736965534, 0.010050672138699276, 0.009799405335231794], [0.007496126303446543, 0.007077348297667406, 0.009171238326563089, 0.010301938942166758, 0.012018928765861216, 0.011265128355458771, 0.013735918589555677, 0.0, 0.013023995979731145, 0.01172578416181582, 0.013694040788977763, 0.012102684367017044, 0.012102684367017044, 0.012144562167594958], [0.009087482725407261, 0.009045604924829347, 0.008333682315004816, 0.009799405335231794, 0.010804472549101721, 0.01088822815025755, 0.01021818334101093, 0.013023995979731145, 0.0, 0.013610285187821935, 0.011265128355458771, 0.01423845219649064, 0.012647095774529922, 0.012144562167594958], [0.007161103898823234, 0.007035470497089493, 0.0077473931069140245, 0.008794338121361866, 0.00942250513003057, 0.01021818334101093, 0.01067883914736798, 0.01172578416181582, 0.013610285187821935, 0.0, 0.015494786213828049, 0.015285397210938481, 0.01423845219649064, 0.015787930817873445], [0.0075798819046023706, 0.006993592696511579, 0.00745424850286863, 0.007956782109803592, 0.009171238326563089, 0.009799405335231794, 0.011558272959504167, 0.013694040788977763, 0.011265128355458771, 0.015494786213828049, 0.0, 0.015536664014405963, 0.015285397210938481, 0.015704175216717617], [0.007328615101134889, 0.006365425687842875, 0.0066585702918882704, 0.008291804514426902, 0.00883621592193978, 0.010008794338121362, 0.009925038736965534, 0.012102684367017044, 0.01423845219649064, 0.015285397210938481, 0.015536664014405963, 0.0, 0.016541731228275892, 0.017086142635788767], [0.007077348297667406, 0.0066166924913103565, 0.006826081494199924, 0.007161103898823234, 0.008417437916160644, 0.009129360525985175, 0.010050672138699276, 0.012102684367017044, 0.012647095774529922, 0.01423845219649064, 0.015285397210938481, 0.016541731228275892, 0.0, 0.02491729134385862], [0.00586289208090791, 0.007202981699401147, 0.007035470497089493, 0.00804053771095942, 0.009380627329452657, 0.009129360525985175, 0.009799405335231794, 0.012144562167594958, 0.012144562167594958, 0.015787930817873445, 0.015704175216717617, 0.017086142635788767, 0.02491729134385862, 0.0]], "sysname": ["SOURCE", "UFC", "IITB", "SJTU", "IPN", "RAC", "PKU", "AMU", "UMC", "NTHU", "POST", "CUUI", "NUCLEA", "CAMB"]}