{"sysname": ["IITB", "SJTU", "PKU", "RAC", "IPN", "UFC", "JMGR", "AMU", "src", "UMC", "NTHU", "CUUI", "NUCLEA", "POST", "CAMB"], "counts": [[0.0, 0.02037911625800608, 0.011968687326130555, 0.011774600504625737, 0.0084751245390438, 0.007828168467361066, 0.00828103771753898, 0.008927993789221713, 0.008669211360548618, 0.009251471825063078, 0.007634081645856246, 0.007828168467361066, 0.00711651678851006, 0.006663647538332147, 0.007051821181341787], [0.02037911625800608, 0.0, 0.01125703564727955, 0.011192340040111276, 0.008992689396389985, 0.009510254253736172, 0.007957559681697613, 0.009574949860904444, 0.00989842789674581, 0.008086950896034159, 0.00828103771753898, 0.007051821181341787, 0.006987125574173514, 0.006857734359836967, 0.007828168467361066], [0.011968687326130555, 0.01125703564727955, 0.0, 0.01145112246878437, 0.010157210325418903, 0.009316167432231352, 0.010027819111082357, 0.010221905932587178, 0.008733906967716892, 0.007634081645856246, 0.008022255288865887, 0.008022255288865887, 0.009380863039399626, 0.007634081645856246, 0.0075046904315197], [0.011774600504625737, 0.011192340040111276, 0.01145112246878437, 0.0, 0.01048068836126027, 0.007763472860192793, 0.008669211360548618, 0.0084751245390438, 0.007828168467361066, 0.009186776217894805, 0.009186776217894805, 0.009445558646567898, 0.007957559681697613, 0.008604515753380346, 0.008733906967716892], [0.0084751245390438, 0.008992689396389985, 0.010157210325418903, 0.01048068836126027, 0.0, 0.010739470789933363, 0.011192340040111276, 0.008798602574885165, 0.008798602574885165, 0.010027819111082357, 0.008539820146212072, 0.007439994824351427, 0.008539820146212072, 0.008863298182053439, 0.008992689396389985], [0.007828168467361066, 0.009510254253736172, 0.009316167432231352, 0.007763472860192793, 0.010739470789933363, 0.0, 0.009963123503914085, 0.009380863039399626, 0.009574949860904444, 0.008798602574885165, 0.00970434107524099, 0.008927993789221713, 0.006793038752668693, 0.007569386038687973, 0.010351297146923724], [0.00828103771753898, 0.007957559681697613, 0.010027819111082357, 0.008669211360548618, 0.011192340040111276, 0.009963123503914085, 0.0, 0.010933557611438183, 0.009316167432231352, 0.00989842789674581, 0.008539820146212072, 0.009316167432231352, 0.010998253218606457, 0.008798602574885165, 0.008604515753380346], [0.008927993789221713, 0.009574949860904444, 0.010221905932587178, 0.0084751245390438, 0.008798602574885165, 0.009380863039399626, 0.010933557611438183, 0.0, 0.008216342110370705, 0.009186776217894805, 0.010804166397101637, 0.009510254253736172, 0.010351297146923724, 0.00828103771753898, 0.009316167432231352], [0.008669211360548618, 0.00989842789674581, 0.008733906967716892, 0.007828168467361066, 0.008798602574885165, 0.009574949860904444, 0.009316167432231352, 0.008216342110370705, 0.0, 0.010933557611438183, 0.00970434107524099, 0.009316167432231352, 0.008863298182053439, 0.008216342110370705, 0.009057385003558259], [0.009251471825063078, 0.008086950896034159, 0.007634081645856246, 0.009186776217894805, 0.010027819111082357, 0.008798602574885165, 0.00989842789674581, 0.009186776217894805, 0.010933557611438183, 0.0, 0.01028660153975545, 0.009574949860904444, 0.01086886200426991, 0.011645209290289189, 0.009186776217894805], [0.007634081645856246, 0.00828103771753898, 0.008022255288865887, 0.009186776217894805, 0.008539820146212072, 0.00970434107524099, 0.008539820146212072, 0.010804166397101637, 0.00970434107524099, 0.01028660153975545, 0.0, 0.01106294882577473, 0.010610079575596816, 0.009639645468072718, 0.012874425826486381], [0.007828168467361066, 0.007051821181341787, 0.008022255288865887, 0.009445558646567898, 0.007439994824351427, 0.008927993789221713, 0.009316167432231352, 0.009510254253736172, 0.009316167432231352, 0.009574949860904444, 0.01106294882577473, 0.0, 0.012939121433654655, 0.012809730219318109, 0.012162774147635376], [0.00711651678851006, 0.006987125574173514, 0.009380863039399626, 0.007957559681697613, 0.008539820146212072, 0.006793038752668693, 0.010998253218606457, 0.010351297146923724, 0.008863298182053439, 0.01086886200426991, 0.010610079575596816, 0.012939121433654655, 0.0, 0.015332858898880766, 0.013262599469496022], [0.006663647538332147, 0.006857734359836967, 0.007634081645856246, 0.008604515753380346, 0.008863298182053439, 0.007569386038687973, 0.008798602574885165, 0.00828103771753898, 0.008216342110370705, 0.011645209290289189, 0.009639645468072718, 0.012809730219318109, 0.015332858898880766, 0.0, 0.01682085786375105], [0.007051821181341787, 0.007828168467361066, 0.0075046904315197, 0.008733906967716892, 0.008992689396389985, 0.010351297146923724, 0.008604515753380346, 0.009316167432231352, 0.009057385003558259, 0.009186776217894805, 0.012874425826486381, 0.012162774147635376, 0.013262599469496022, 0.01682085786375105, 0.0]]}