{"sysname": ["SOURCE", "UFC", "IITB", "SJTU", "IPN", "RAC", "PKU", "AMU", "UMC", "NTHU", "POST", "CUUI", "NUCLEA", "CAMB"], "counts": [[0.0, 0.018580797040524635, 0.017740036993442072, 0.011854716663864133, 0.01101395661678157, 0.01034134857911552, 0.010593576593240289, 0.009500588532032958, 0.007314612409618295, 0.00765091642845132, 0.006473852362535732, 0.007104422397847654, 0.007020346393139398, 0.00718849840255591], [0.018580797040524635, 0.0, 0.01580628888515218, 0.01235917269211367, 0.012191020682697158, 0.011770640659155876, 0.011098032621489827, 0.008870018496721036, 0.008617790482596267, 0.00676811837901463, 0.006137548343702707, 0.006810156381368757, 0.007524802421388936, 0.006810156381368757], [0.017740036993442072, 0.01580628888515218, 0.0, 0.012779552715654952, 0.01256936270388431, 0.01080376660501093, 0.010383386581469648, 0.008617790482596267, 0.00920632251555406, 0.007861106440221961, 0.007398688414326551, 0.006095510341348579, 0.0070623843954935265, 0.007020346393139398], [0.011854716663864133, 0.01235917269211367, 0.012779552715654952, 0.0, 0.01353623675802926, 0.012653438708592568, 0.01256936270388431, 0.00945855052967883, 0.009416512527324701, 0.009080208508491677, 0.00899613250378342, 0.008827980494366908, 0.006642004371952245, 0.00945855052967883], [0.01101395661678157, 0.012191020682697158, 0.01256936270388431, 0.01353623675802926, 0.0, 0.014419034807465949, 0.012443248696821927, 0.011224146628552211, 0.01055153859088616, 0.008870018496721036, 0.009752816546157726, 0.008701866487304524, 0.006894232386077013, 0.008281486463763242], [0.01034134857911552, 0.011770640659155876, 0.01080376660501093, 0.012653438708592568, 0.014419034807465949, 0.0, 0.013578274760383386, 0.011224146628552211, 0.00992096855557424, 0.009290398520262318, 0.008870018496721036, 0.00945855052967883, 0.008701866487304524, 0.00945855052967883], [0.010593576593240289, 0.011098032621489827, 0.010383386581469648, 0.01256936270388431, 0.012443248696821927, 0.013578274760383386, 0.0, 0.011182108626198083, 0.011098032621489827, 0.009878930553220111, 0.01101395661678157, 0.009290398520262318, 0.010047082562636624, 0.009500588532032958], [0.009500588532032958, 0.008870018496721036, 0.008617790482596267, 0.00945855052967883, 0.011224146628552211, 0.011224146628552211, 0.011182108626198083, 0.0, 0.01353623675802926, 0.012653438708592568, 0.011812678661510005, 0.012653438708592568, 0.012317134689759543, 0.012401210694467799], [0.007314612409618295, 0.008617790482596267, 0.00920632251555406, 0.009416512527324701, 0.01055153859088616, 0.00992096855557424, 0.011098032621489827, 0.01353623675802926, 0.0, 0.013830502774508155, 0.01307381873213385, 0.012947704725071464, 0.012737514713300825, 0.012905666722717337], [0.00765091642845132, 0.00676811837901463, 0.007861106440221961, 0.009080208508491677, 0.008870018496721036, 0.009290398520262318, 0.009878930553220111, 0.012653438708592568, 0.013830502774508155, 0.0, 0.016268706911047585, 0.015469984866319153, 0.015343870859256769, 0.014587186816882461], [0.006473852362535732, 0.006137548343702707, 0.007398688414326551, 0.00899613250378342, 0.009752816546157726, 0.008870018496721036, 0.01101395661678157, 0.011812678661510005, 0.01307381873213385, 0.016268706911047585, 0.0, 0.016605010929880613, 0.016100554901631075, 0.015848326887506307], [0.007104422397847654, 0.006810156381368757, 0.006095510341348579, 0.008827980494366908, 0.008701866487304524, 0.00945855052967883, 0.009290398520262318, 0.012653438708592568, 0.012947704725071464, 0.015469984866319153, 0.016605010929880613, 0.0, 0.01689927694635951, 0.016562972927526485], [0.007020346393139398, 0.007524802421388936, 0.0070623843954935265, 0.006642004371952245, 0.006894232386077013, 0.008701866487304524, 0.010047082562636624, 0.012317134689759543, 0.012737514713300825, 0.015343870859256769, 0.016100554901631075, 0.01689927694635951, 0.0, 0.024213889355977805], [0.00718849840255591, 0.006810156381368757, 0.007020346393139398, 0.00945855052967883, 0.008281486463763242, 0.00945855052967883, 0.009500588532032958, 0.012401210694467799, 0.012905666722717337, 0.014587186816882461, 0.015848326887506307, 0.016562972927526485, 0.024213889355977805, 0.0]]}