{"sysname": ["SOURCE", "UFC", "IITB", "PKU", "RAC", "SJTU", "IPN", "AMU", "UMC", "POST", "NTHU", "CUUI", "NUCLEA", "CAMB"], "counts": [[0.0, 0.014965528838069614, 0.01576425088279805, 0.011644526652093493, 0.012275096687405415, 0.01101395661678157, 0.009626702539095342, 0.010047082562636624, 0.00945855052967883, 0.008071296451992602, 0.006726080376660501, 0.00874390448965865, 0.00718849840255591, 0.008071296451992602], [0.014965528838069614, 0.0, 0.01437699680511182, 0.01282159071800908, 0.011938792668572389, 0.010299310576761393, 0.010719690600302674, 0.010173196569699007, 0.00945855052967883, 0.007987220447284345, 0.008617790482596267, 0.006557928367243989, 0.0074407264166806795, 0.008155372456700857], [0.01576425088279805, 0.01437699680511182, 0.0, 0.012106944677988903, 0.012106944677988903, 0.01172860265680175, 0.010761728602656801, 0.01013115856734488, 0.00899613250378342, 0.00853371447788801, 0.006852194383722886, 0.0074407264166806795, 0.006095510341348579, 0.008659828484950395], [0.011644526652093493, 0.01282159071800908, 0.012106944677988903, 0.0, 0.013410122750966874, 0.012191020682697158, 0.01261140070623844, 0.011686564654447621, 0.008827980494366908, 0.009332436522616444, 0.00920632251555406, 0.01013115856734488, 0.008617790482596267, 0.00920632251555406], [0.012275096687405415, 0.011938792668572389, 0.012106944677988903, 0.013410122750966874, 0.0, 0.011896754666218262, 0.011980830670926517, 0.011560450647385236, 0.010383386581469648, 0.009290398520262318, 0.008912056499075165, 0.008239448461409114, 0.00945855052967883, 0.009500588532032958], [0.01101395661678157, 0.010299310576761393, 0.01172860265680175, 0.012191020682697158, 0.011896754666218262, 0.0, 0.012653438708592568, 0.011560450647385236, 0.010047082562636624, 0.009794854548511854, 0.008659828484950395, 0.009038170506137548, 0.009164284513199932, 0.010005044560282495], [0.009626702539095342, 0.010719690600302674, 0.010761728602656801, 0.01261140070623844, 0.011980830670926517, 0.012653438708592568, 0.0, 0.012022868673280646, 0.011770640659155876, 0.009080208508491677, 0.009626702539095342, 0.00945855052967883, 0.011350260635614595, 0.009794854548511854], [0.010047082562636624, 0.010173196569699007, 0.01013115856734488, 0.011686564654447621, 0.011560450647385236, 0.011560450647385236, 0.012022868673280646, 0.0, 0.010929880612073315, 0.011098032621489827, 0.011434336640322852, 0.010887842609719187, 0.011140070623843954, 0.01126618463090634], [0.00945855052967883, 0.00945855052967883, 0.00899613250378342, 0.008827980494366908, 0.010383386581469648, 0.010047082562636624, 0.011770640659155876, 0.010929880612073315, 0.0, 0.013662350765091643, 0.012401210694467799, 0.012779552715654952, 0.012863628720363209, 0.013788464772154027], [0.008071296451992602, 0.007987220447284345, 0.00853371447788801, 0.009332436522616444, 0.009290398520262318, 0.009794854548511854, 0.009080208508491677, 0.011098032621489827, 0.013662350765091643, 0.0, 0.014881452833361359, 0.014797376828653102, 0.015469984866319153, 0.01530183285690264], [0.006726080376660501, 0.008617790482596267, 0.006852194383722886, 0.00920632251555406, 0.008912056499075165, 0.008659828484950395, 0.009626702539095342, 0.011434336640322852, 0.012401210694467799, 0.014881452833361359, 0.0, 0.01639482091810997, 0.01706742895577602, 0.016520934925172356], [0.00874390448965865, 0.006557928367243989, 0.0074407264166806795, 0.01013115856734488, 0.008239448461409114, 0.009038170506137548, 0.00945855052967883, 0.010887842609719187, 0.012779552715654952, 0.014797376828653102, 0.01639482091810997, 0.0, 0.016815200941651252, 0.016773162939297124], [0.00718849840255591, 0.0074407264166806795, 0.006095510341348579, 0.008617790482596267, 0.00945855052967883, 0.009164284513199932, 0.011350260635614595, 0.011140070623843954, 0.012863628720363209, 0.015469984866319153, 0.01706742895577602, 0.016815200941651252, 0.0, 0.017697998991087944], [0.008071296451992602, 0.008155372456700857, 0.008659828484950395, 0.00920632251555406, 0.009500588532032958, 0.010005044560282495, 0.009794854548511854, 0.01126618463090634, 0.013788464772154027, 0.01530183285690264, 0.016520934925172356, 0.016773162939297124, 0.017697998991087944, 0.0]]}