{"counts": [[0.0, 0.01490849700573726, 0.015076008208048913, 0.013735918589555677, 0.012353951170484526, 0.010762594748523808, 0.00988316093638762, 0.009254993927718917, 0.008291804514426902, 0.00745424850286863, 0.008919971523095607, 0.0076636375057581975, 0.008124293312115248, 0.006867959294777838], [0.01490849700573726, 0.0, 0.014154696595334812, 0.01239582897106244, 0.01206080656643913, 0.01160015076008208, 0.010762594748523808, 0.009799405335231794, 0.009045604924829347, 0.008459315716738558, 0.006784203693622011, 0.00804053771095942, 0.007831148708069852, 0.007496126303446543], [0.015076008208048913, 0.014154696595334812, 0.0, 0.012563340173374094, 0.01160015076008208, 0.011474517358348339, 0.011767661962393735, 0.009254993927718917, 0.0077473931069140245, 0.008752460320783952, 0.0077473931069140245, 0.00791490430922568, 0.007496126303446543, 0.008082415511537334], [0.013735918589555677, 0.01239582897106244, 0.012563340173374094, 0.0, 0.013359018384354453, 0.013359018384354453, 0.011432639557770427, 0.010636961346790066, 0.010385694543322584, 0.008208048913271076, 0.00871058252020604, 0.008333682315004816, 0.009129360525985175, 0.009338749528874743], [0.012353951170484526, 0.01206080656643913, 0.01160015076008208, 0.013359018384354453, 0.0, 0.011642028560659995, 0.012898362577997403, 0.011432639557770427, 0.010176305540433016, 0.00942250513003057, 0.009213116127141003, 0.009171238326563089, 0.008794338121361866, 0.009213116127141003], [0.010762594748523808, 0.01160015076008208, 0.011474517358348339, 0.013359018384354453, 0.011642028560659995, 0.0, 0.011223250554880857, 0.011097617153147117, 0.009841283135809707, 0.01021818334101093, 0.009171238326563089, 0.009799405335231794, 0.008166171112693162, 0.009799405335231794], [0.00988316093638762, 0.010762594748523808, 0.011767661962393735, 0.011432639557770427, 0.012898362577997403, 0.011223250554880857, 0.0, 0.012814606976841576, 0.010008794338121362, 0.010595083546212154, 0.009296871728296829, 0.009715649734075966, 0.01009254993927719, 0.010511327945056326], [0.009254993927718917, 0.009799405335231794, 0.009254993927718917, 0.010636961346790066, 0.011432639557770427, 0.011097617153147117, 0.012814606976841576, 0.0, 0.012144562167594958, 0.012688973575107836, 0.011097617153147117, 0.011097617153147117, 0.011977050965283304, 0.011977050965283304], [0.008291804514426902, 0.009045604924829347, 0.0077473931069140245, 0.010385694543322584, 0.010176305540433016, 0.009841283135809707, 0.010008794338121362, 0.012144562167594958, 0.0, 0.014489718999958122, 0.01252146237279618, 0.013400896184932367, 0.013526529586666109, 0.01390342979186733], [0.00745424850286863, 0.008459315716738558, 0.008752460320783952, 0.008208048913271076, 0.00942250513003057, 0.01021818334101093, 0.010595083546212154, 0.012688973575107836, 0.014489718999958122, 0.0, 0.014782863604003518, 0.013359018384354453, 0.013861551991289418, 0.015117886008626827], [0.008919971523095607, 0.006784203693622011, 0.0077473931069140245, 0.00871058252020604, 0.009213116127141003, 0.009171238326563089, 0.009296871728296829, 0.011097617153147117, 0.01252146237279618, 0.014782863604003518, 0.0, 0.016164831023074668, 0.01641609782654215, 0.016332342225386324], [0.0076636375057581975, 0.00804053771095942, 0.00791490430922568, 0.008333682315004816, 0.009171238326563089, 0.009799405335231794, 0.009715649734075966, 0.011097617153147117, 0.013400896184932367, 0.013359018384354453, 0.016164831023074668, 0.0, 0.016374220025964236, 0.016541731228275892], [0.008124293312115248, 0.007831148708069852, 0.007496126303446543, 0.009129360525985175, 0.008794338121361866, 0.008166171112693162, 0.01009254993927719, 0.011977050965283304, 0.013526529586666109, 0.013861551991289418, 0.01641609782654215, 0.016374220025964236, 0.0, 0.018886888060639054], [0.006867959294777838, 0.007496126303446543, 0.008082415511537334, 0.009338749528874743, 0.009213116127141003, 0.009799405335231794, 0.010511327945056326, 0.011977050965283304, 0.01390342979186733, 0.015117886008626827, 0.016332342225386324, 0.016541731228275892, 0.018886888060639054, 0.0]], "sysname": ["SOURCE", "UFC", "IITB", "PKU", "RAC", "SJTU", "IPN", "AMU", "UMC", "POST", "NTHU", "CUUI", "NUCLEA", "CAMB"]}