{"sysname": ["IITB", "SJTU", "PKU", "RAC", "AMU", "JMGR", "IPN", "UFC", "src", "UMC", "NTHU", "NUCLEA", "CUUI", "POST", "CAMB"], "counts": [[0.0, 0.017338422721097237, 0.013715468719673935, 0.01086886200426991, 0.008733906967716892, 0.009510254253736172, 0.008733906967716892, 0.00828103771753898, 0.009316167432231352, 0.007763472860192793, 0.007569386038687973, 0.0084751245390438, 0.006598951931163874, 0.007181212395678333, 0.007569386038687973], [0.017338422721097237, 0.0, 0.011709904897457463, 0.011321731254447824, 0.010415992754091998, 0.009769036682409265, 0.009251471825063078, 0.008669211360548618, 0.00828103771753898, 0.007763472860192793, 0.009057385003558259, 0.007245908002846606, 0.007763472860192793, 0.008151646503202433, 0.006793038752668693], [0.013715468719673935, 0.011709904897457463, 0.0, 0.010998253218606457, 0.010092514718250631, 0.009251471825063078, 0.00970434107524099, 0.008086950896034159, 0.008151646503202433, 0.010027819111082357, 0.008410428931875526, 0.008345733324707252, 0.00828103771753898, 0.007569386038687973, 0.0073752992171831535], [0.01086886200426991, 0.011321731254447824, 0.010998253218606457, 0.0, 0.009380863039399626, 0.009510254253736172, 0.009639645468072718, 0.008798602574885165, 0.007763472860192793, 0.008863298182053439, 0.007828168467361066, 0.00970434107524099, 0.008798602574885165, 0.008539820146212072, 0.008927993789221713], [0.008733906967716892, 0.010415992754091998, 0.010092514718250631, 0.009380863039399626, 0.0, 0.01106294882577473, 0.010351297146923724, 0.008863298182053439, 0.009316167432231352, 0.008604515753380346, 0.008669211360548618, 0.009833732289577537, 0.008992689396389985, 0.008345733324707252, 0.010157210325418903], [0.009510254253736172, 0.009769036682409265, 0.009251471825063078, 0.009510254253736172, 0.01106294882577473, 0.0, 0.010092514718250631, 0.010610079575596816, 0.009833732289577537, 0.009057385003558259, 0.008151646503202433, 0.009251471825063078, 0.009122080610726531, 0.007957559681697613, 0.008604515753380346], [0.008733906967716892, 0.009251471825063078, 0.00970434107524099, 0.009639645468072718, 0.010351297146923724, 0.010092514718250631, 0.0, 0.010415992754091998, 0.008992689396389985, 0.008022255288865887, 0.008798602574885165, 0.01028660153975545, 0.008539820146212072, 0.008345733324707252, 0.008669211360548618], [0.00828103771753898, 0.008669211360548618, 0.008086950896034159, 0.008798602574885165, 0.008863298182053439, 0.010610079575596816, 0.010415992754091998, 0.0, 0.009380863039399626, 0.009186776217894805, 0.009769036682409265, 0.008345733324707252, 0.009380863039399626, 0.008151646503202433, 0.009639645468072718], [0.009316167432231352, 0.00828103771753898, 0.008151646503202433, 0.007763472860192793, 0.009316167432231352, 0.009833732289577537, 0.008992689396389985, 0.009380863039399626, 0.0, 0.009380863039399626, 0.008927993789221713, 0.009445558646567898, 0.009445558646567898, 0.008216342110370705, 0.010351297146923724], [0.007763472860192793, 0.007763472860192793, 0.010027819111082357, 0.008863298182053439, 0.008604515753380346, 0.009057385003558259, 0.008022255288865887, 0.009186776217894805, 0.009380863039399626, 0.0, 0.012162774147635376, 0.011774600504625737, 0.010739470789933363, 0.010998253218606457, 0.010739470789933363], [0.007569386038687973, 0.009057385003558259, 0.008410428931875526, 0.007828168467361066, 0.008669211360548618, 0.008151646503202433, 0.008798602574885165, 0.009769036682409265, 0.008927993789221713, 0.012162774147635376, 0.0, 0.011515818075952642, 0.010610079575596816, 0.011192340040111276, 0.011968687326130555], [0.0084751245390438, 0.007245908002846606, 0.008345733324707252, 0.00970434107524099, 0.009833732289577537, 0.009251471825063078, 0.01028660153975545, 0.008345733324707252, 0.009445558646567898, 0.011774600504625737, 0.011515818075952642, 0.0, 0.01048068836126027, 0.012874425826486381, 0.012680339004981563], [0.006598951931163874, 0.007763472860192793, 0.00828103771753898, 0.008798602574885165, 0.008992689396389985, 0.009122080610726531, 0.008539820146212072, 0.009380863039399626, 0.009445558646567898, 0.010739470789933363, 0.010610079575596816, 0.01048068836126027, 0.0, 0.013909555541178753, 0.013003817040822927], [0.007181212395678333, 0.008151646503202433, 0.007569386038687973, 0.008539820146212072, 0.008345733324707252, 0.007957559681697613, 0.008345733324707252, 0.008151646503202433, 0.008216342110370705, 0.010998253218606457, 0.011192340040111276, 0.012874425826486381, 0.013909555541178753, 0.0, 0.014879989648702853], [0.007569386038687973, 0.006793038752668693, 0.0073752992171831535, 0.008927993789221713, 0.010157210325418903, 0.008604515753380346, 0.008669211360548618, 0.009639645468072718, 0.010351297146923724, 0.010739470789933363, 0.011968687326130555, 0.012680339004981563, 0.013003817040822927, 0.014879989648702853, 0.0]]}