{"counts": [[0.0, 0.01866487304523289, 0.01757188498402556, 0.013620312762737515, 0.012106944677988903, 0.009836892550865983, 0.010635614595594417, 0.008701866487304524, 0.00790314444257609, 0.007314612409618295, 0.006810156381368757, 0.0065999663695981165, 0.00651589036488986, 0.006263662350765092], [0.01866487304523289, 0.0, 0.017866151000504454, 0.013115856734487978, 0.011182108626198083, 0.011392298637968723, 0.00920632251555406, 0.008323524466117371, 0.007524802421388936, 0.007104422397847654, 0.007861106440221961, 0.00651589036488986, 0.0069783083907852695, 0.006894232386077013], [0.01757188498402556, 0.017866151000504454, 0.0, 0.013241970741550362, 0.012653438708592568, 0.009584664536741214, 0.00924836051790819, 0.007945182444930216, 0.00878594249201278, 0.007819068437867832, 0.007356650411972423, 0.007566840423743064, 0.00676811837901463, 0.007146460400201783], [0.013620312762737515, 0.013115856734487978, 0.013241970741550362, 0.0, 0.013704388767445772, 0.01147637464267698, 0.011896754666218262, 0.010383386581469648, 0.011055994619135699, 0.009416512527324701, 0.006852194383722886, 0.007819068437867832, 0.0074407264166806795, 0.00811333445434673], [0.012106944677988903, 0.011182108626198083, 0.012653438708592568, 0.013704388767445772, 0.0, 0.014124768790987053, 0.012233058685051286, 0.010005044560282495, 0.01080376660501093, 0.00920632251555406, 0.00874390448965865, 0.008449638473179755, 0.008071296451992602, 0.008575752480242138], [0.009836892550865983, 0.011392298637968723, 0.009584664536741214, 0.01147637464267698, 0.014124768790987053, 0.0, 0.013830502774508155, 0.011098032621489827, 0.010761728602656801, 0.010425424583823777, 0.009794854548511854, 0.010173196569699007, 0.010257272574407264, 0.009290398520262318], [0.010635614595594417, 0.00920632251555406, 0.00924836051790819, 0.011896754666218262, 0.012233058685051286, 0.013830502774508155, 0.0, 0.011896754666218262, 0.012401210694467799, 0.011224146628552211, 0.010299310576761393, 0.010887842609719187, 0.009500588532032958, 0.00992096855557424], [0.008701866487304524, 0.008323524466117371, 0.007945182444930216, 0.010383386581469648, 0.010005044560282495, 0.011098032621489827, 0.011896754666218262, 0.0, 0.014419034807465949, 0.013368084748612745, 0.013452160753321002, 0.011896754666218262, 0.012443248696821927, 0.011518412645031109], [0.00790314444257609, 0.007524802421388936, 0.00878594249201278, 0.011055994619135699, 0.01080376660501093, 0.010761728602656801, 0.012401210694467799, 0.014419034807465949, 0.0, 0.013241970741550362, 0.012064906675634774, 0.011224146628552211, 0.012233058685051286, 0.012485286699176056], [0.007314612409618295, 0.007104422397847654, 0.007819068437867832, 0.009416512527324701, 0.00920632251555406, 0.010425424583823777, 0.011224146628552211, 0.013368084748612745, 0.013241970741550362, 0.0, 0.014671262821590718, 0.014334958802757694, 0.014082730788632924, 0.015091642845132], [0.006810156381368757, 0.007861106440221961, 0.007356650411972423, 0.006852194383722886, 0.00874390448965865, 0.009794854548511854, 0.010299310576761393, 0.013452160753321002, 0.012064906675634774, 0.014671262821590718, 0.0, 0.016815200941651252, 0.016478896922818228, 0.017277618967546662], [0.0065999663695981165, 0.00651589036488986, 0.007566840423743064, 0.007819068437867832, 0.008449638473179755, 0.010173196569699007, 0.010887842609719187, 0.011896754666218262, 0.011224146628552211, 0.014334958802757694, 0.016815200941651252, 0.0, 0.016983352951067766, 0.018076341012275097], [0.00651589036488986, 0.0069783083907852695, 0.00676811837901463, 0.0074407264166806795, 0.008071296451992602, 0.010257272574407264, 0.009500588532032958, 0.012443248696821927, 0.012233058685051286, 0.014082730788632924, 0.016478896922818228, 0.016983352951067766, 0.0, 0.023078863292416343], [0.006263662350765092, 0.006894232386077013, 0.007146460400201783, 0.00811333445434673, 0.008575752480242138, 0.009290398520262318, 0.00992096855557424, 0.011518412645031109, 0.012485286699176056, 0.015091642845132, 0.017277618967546662, 0.018076341012275097, 0.023078863292416343, 0.0]], "sysname": ["SOURCE", "UFC", "IITB", "SJTU", "IPN", "RAC", "PKU", "AMU", "UMC", "NTHU", "POST", "CUUI", "NUCLEA", "CAMB"]}