{"sysname": ["IITB", "SJTU", "RAC", "PKU", "IPN", "src", "UFC", "JMGR", "AMU", "UMC", "NTHU", "CUUI", "NUCLEA", "POST", "CAMB"], "counts": [[0.0, 0.020896681115352266, 0.009510254253736172, 0.011515818075952642, 0.00970434107524099, 0.008927993789221713, 0.009380863039399626, 0.008863298182053439, 0.007957559681697613, 0.007828168467361066, 0.008410428931875526, 0.008216342110370705, 0.006340169502490781, 0.006598951931163874, 0.007698777253024519], [0.020896681115352266, 0.0, 0.009380863039399626, 0.011127644432943003, 0.009445558646567898, 0.009445558646567898, 0.009574949860904444, 0.009769036682409265, 0.00970434107524099, 0.009122080610726531, 0.007634081645856246, 0.0069224299670052405, 0.006146082680985961, 0.006081387073817688, 0.008022255288865887], [0.009510254253736172, 0.009380863039399626, 0.0, 0.011839296111794009, 0.011192340040111276, 0.008863298182053439, 0.009963123503914085, 0.008669211360548618, 0.009122080610726531, 0.008798602574885165, 0.008992689396389985, 0.007698777253024519, 0.008863298182053439, 0.009186776217894805, 0.008151646503202433], [0.011515818075952642, 0.011127644432943003, 0.011839296111794009, 0.0, 0.008345733324707252, 0.010221905932587178, 0.009186776217894805, 0.009251471825063078, 0.009316167432231352, 0.00731060361001488, 0.008539820146212072, 0.008863298182053439, 0.007892864074529339, 0.008539820146212072, 0.00828103771753898], [0.00970434107524099, 0.009445558646567898, 0.011192340040111276, 0.008345733324707252, 0.0, 0.009833732289577537, 0.008604515753380346, 0.009316167432231352, 0.009186776217894805, 0.00828103771753898, 0.00989842789674581, 0.00989842789674581, 0.008863298182053439, 0.008539820146212072, 0.008539820146212072], [0.008927993789221713, 0.009445558646567898, 0.008863298182053439, 0.010221905932587178, 0.009833732289577537, 0.0, 0.008798602574885165, 0.008604515753380346, 0.011127644432943003, 0.009380863039399626, 0.00828103771753898, 0.008539820146212072, 0.008151646503202433, 0.008151646503202433, 0.008863298182053439], [0.009380863039399626, 0.009574949860904444, 0.009963123503914085, 0.009186776217894805, 0.008604515753380346, 0.008798602574885165, 0.0, 0.01106294882577473, 0.009251471825063078, 0.008927993789221713, 0.00970434107524099, 0.00828103771753898, 0.007957559681697613, 0.008863298182053439, 0.007957559681697613], [0.008863298182053439, 0.009769036682409265, 0.008669211360548618, 0.009251471825063078, 0.009316167432231352, 0.008604515753380346, 0.01106294882577473, 0.0, 0.010610079575596816, 0.010804166397101637, 0.009769036682409265, 0.008410428931875526, 0.009122080610726531, 0.009445558646567898, 0.009186776217894805], [0.007957559681697613, 0.00970434107524099, 0.009122080610726531, 0.009316167432231352, 0.009186776217894805, 0.011127644432943003, 0.009251471825063078, 0.010610079575596816, 0.0, 0.00970434107524099, 0.008604515753380346, 0.009639645468072718, 0.010157210325418903, 0.008798602574885165, 0.00970434107524099], [0.007828168467361066, 0.009122080610726531, 0.008798602574885165, 0.00731060361001488, 0.00828103771753898, 0.009380863039399626, 0.008927993789221713, 0.010804166397101637, 0.00970434107524099, 0.0, 0.011968687326130555, 0.009574949860904444, 0.011321731254447824, 0.01048068836126027, 0.011515818075952642], [0.008410428931875526, 0.007634081645856246, 0.008992689396389985, 0.008539820146212072, 0.00989842789674581, 0.00828103771753898, 0.00970434107524099, 0.009769036682409265, 0.008604515753380346, 0.011968687326130555, 0.0, 0.012098078540467102, 0.011386426861616096, 0.009510254253736172, 0.009639645468072718], [0.008216342110370705, 0.0069224299670052405, 0.007698777253024519, 0.008863298182053439, 0.00989842789674581, 0.008539820146212072, 0.00828103771753898, 0.008410428931875526, 0.009639645468072718, 0.009574949860904444, 0.012098078540467102, 0.0, 0.013133208255159476, 0.011774600504625737, 0.012680339004981563], [0.006340169502490781, 0.006146082680985961, 0.008863298182053439, 0.007892864074529339, 0.008863298182053439, 0.008151646503202433, 0.007957559681697613, 0.009122080610726531, 0.010157210325418903, 0.011321731254447824, 0.011386426861616096, 0.013133208255159476, 0.0, 0.01481529404153458, 0.01520346768454422], [0.006598951931163874, 0.006081387073817688, 0.009186776217894805, 0.008539820146212072, 0.008539820146212072, 0.008151646503202433, 0.008863298182053439, 0.009445558646567898, 0.008798602574885165, 0.01048068836126027, 0.009510254253736172, 0.011774600504625737, 0.01481529404153458, 0.0, 0.016756162256582777], [0.007698777253024519, 0.008022255288865887, 0.008151646503202433, 0.00828103771753898, 0.008539820146212072, 0.008863298182053439, 0.007957559681697613, 0.009186776217894805, 0.00970434107524099, 0.011515818075952642, 0.009639645468072718, 0.012680339004981563, 0.01520346768454422, 0.016756162256582777, 0.0]]}