{"counts": [[0.0, 0.016303293006404866, 0.012486252183476742, 0.01106294882577473, 0.008863298182053439, 0.010998253218606457, 0.010415992754091998, 0.008086950896034159, 0.007698777253024519, 0.008022255288865887, 0.009380863039399626, 0.0075046904315197, 0.006598951931163874, 0.007051821181341787, 0.007763472860192793], [0.016303293006404866, 0.0, 0.012292165361971922, 0.013262599469496022, 0.010027819111082357, 0.008798602574885165, 0.009316167432231352, 0.008086950896034159, 0.009251471825063078, 0.009057385003558259, 0.008604515753380346, 0.00711651678851006, 0.007957559681697613, 0.006793038752668693, 0.007245908002846606], [0.012486252183476742, 0.012292165361971922, 0.0, 0.010933557611438183, 0.010351297146923724, 0.009510254253736172, 0.009316167432231352, 0.00731060361001488, 0.008151646503202433, 0.009186776217894805, 0.008669211360548618, 0.008992689396389985, 0.007245908002846606, 0.009316167432231352, 0.00731060361001488], [0.01106294882577473, 0.013262599469496022, 0.010933557611438183, 0.0, 0.009380863039399626, 0.010610079575596816, 0.009445558646567898, 0.009316167432231352, 0.009380863039399626, 0.0073752992171831535, 0.0073752992171831535, 0.008216342110370705, 0.007763472860192793, 0.007763472860192793, 0.008410428931875526], [0.008863298182053439, 0.010027819111082357, 0.010351297146923724, 0.009380863039399626, 0.0, 0.010221905932587178, 0.010092514718250631, 0.009510254253736172, 0.008927993789221713, 0.007439994824351427, 0.008669211360548618, 0.008798602574885165, 0.010415992754091998, 0.008604515753380346, 0.010027819111082357], [0.010998253218606457, 0.008798602574885165, 0.009510254253736172, 0.010610079575596816, 0.010221905932587178, 0.0, 0.010739470789933363, 0.008798602574885165, 0.008086950896034159, 0.009122080610726531, 0.009122080610726531, 0.009380863039399626, 0.008151646503202433, 0.009445558646567898, 0.009833732289577537], [0.010415992754091998, 0.009316167432231352, 0.009316167432231352, 0.009445558646567898, 0.010092514718250631, 0.010739470789933363, 0.0, 0.009639645468072718, 0.008669211360548618, 0.009251471825063078, 0.008733906967716892, 0.008798602574885165, 0.008086950896034159, 0.008604515753380346, 0.008733906967716892], [0.008086950896034159, 0.008086950896034159, 0.00731060361001488, 0.009316167432231352, 0.009510254253736172, 0.008798602574885165, 0.009639645468072718, 0.0, 0.009963123503914085, 0.009057385003558259, 0.008022255288865887, 0.01086886200426991, 0.009769036682409265, 0.009380863039399626, 0.009445558646567898], [0.007698777253024519, 0.009251471825063078, 0.008151646503202433, 0.009380863039399626, 0.008927993789221713, 0.008086950896034159, 0.008669211360548618, 0.009963123503914085, 0.0, 0.009186776217894805, 0.01048068836126027, 0.008733906967716892, 0.009769036682409265, 0.009639645468072718, 0.008863298182053439], [0.008022255288865887, 0.009057385003558259, 0.009186776217894805, 0.0073752992171831535, 0.007439994824351427, 0.009122080610726531, 0.009251471825063078, 0.009057385003558259, 0.009186776217894805, 0.0, 0.011903991718962283, 0.010804166397101637, 0.010998253218606457, 0.011709904897457463, 0.011774600504625737], [0.009380863039399626, 0.008604515753380346, 0.008669211360548618, 0.0073752992171831535, 0.008669211360548618, 0.009122080610726531, 0.008733906967716892, 0.008022255288865887, 0.01048068836126027, 0.011903991718962283, 0.0, 0.012809730219318109, 0.012939121433654655, 0.010998253218606457, 0.011386426861616096], [0.0075046904315197, 0.00711651678851006, 0.008992689396389985, 0.008216342110370705, 0.008798602574885165, 0.009380863039399626, 0.008798602574885165, 0.01086886200426991, 0.008733906967716892, 0.010804166397101637, 0.012809730219318109, 0.0, 0.01222746975480365, 0.008992689396389985, 0.011580513683120916], [0.006598951931163874, 0.007957559681697613, 0.007245908002846606, 0.007763472860192793, 0.010415992754091998, 0.008151646503202433, 0.008086950896034159, 0.009769036682409265, 0.009769036682409265, 0.010998253218606457, 0.012939121433654655, 0.01222746975480365, 0.0, 0.011903991718962283, 0.012486252183476742], [0.007051821181341787, 0.006793038752668693, 0.009316167432231352, 0.007763472860192793, 0.008604515753380346, 0.009445558646567898, 0.008604515753380346, 0.009380863039399626, 0.009639645468072718, 0.011709904897457463, 0.010998253218606457, 0.008992689396389985, 0.011903991718962283, 0.0, 0.01701494468525587], [0.007763472860192793, 0.007245908002846606, 0.00731060361001488, 0.008410428931875526, 0.010027819111082357, 0.009833732289577537, 0.008733906967716892, 0.009445558646567898, 0.008863298182053439, 0.011774600504625737, 0.011386426861616096, 0.011580513683120916, 0.012486252183476742, 0.01701494468525587, 0.0]], "sysname": ["IITB", "SJTU", "PKU", "RAC", "JMGR", "AMU", "IPN", "UFC", "src", "NTHU", "NUCLEA", "UMC", "CUUI", "POST", "CAMB"]}