{"counts": [[0.0, 0.015469984866319153, 0.014797376828653102, 0.012485286699176056, 0.011686564654447621, 0.01034134857911552, 0.010761728602656801, 0.010845804607365058, 0.008912056499075165, 0.007608878426097192, 0.008155372456700857, 0.007230536404910039, 0.00718849840255591, 0.008365562468471498], [0.015469984866319153, 0.0, 0.014419034807465949, 0.012779552715654952, 0.012106944677988903, 0.012106944677988903, 0.009794854548511854, 0.009542626534387085, 0.008407600470825626, 0.008197410459054985, 0.007819068437867832, 0.0074407264166806795, 0.007356650411972423, 0.008281486463763242], [0.014797376828653102, 0.014419034807465949, 0.0, 0.013199932739196233, 0.01214898268034303, 0.01055153859088616, 0.010887842609719187, 0.009878930553220111, 0.00874390448965865, 0.007861106440221961, 0.007398688414326551, 0.007608878426097192, 0.00765091642845132, 0.009164284513199932], [0.012485286699176056, 0.012779552715654952, 0.013199932739196233, 0.0, 0.012527324701530184, 0.011812678661510005, 0.011602488649739364, 0.011770640659155876, 0.010173196569699007, 0.009626702539095342, 0.00853371447788801, 0.008407600470825626, 0.00920632251555406, 0.009332436522616444], [0.011686564654447621, 0.012106944677988903, 0.01214898268034303, 0.012527324701530184, 0.0, 0.013662350765091643, 0.011350260635614595, 0.011434336640322852, 0.009584664536741214, 0.010635614595594417, 0.008954094501429291, 0.00853371447788801, 0.009416512527324701, 0.009374474524970573], [0.01034134857911552, 0.012106944677988903, 0.01055153859088616, 0.011812678661510005, 0.013662350765091643, 0.0, 0.012064906675634774, 0.010845804607365058, 0.009290398520262318, 0.01055153859088616, 0.008954094501429291, 0.009038170506137548, 0.00966874054144947, 0.008954094501429291], [0.010761728602656801, 0.009794854548511854, 0.010887842609719187, 0.011602488649739364, 0.011350260635614595, 0.012064906675634774, 0.0, 0.012863628720363209, 0.01101395661678157, 0.010257272574407264, 0.009584664536741214, 0.009584664536741214, 0.011224146628552211, 0.01080376660501093], [0.010845804607365058, 0.009542626534387085, 0.009878930553220111, 0.011770640659155876, 0.011434336640322852, 0.010845804607365058, 0.012863628720363209, 0.0, 0.011938792668572389, 0.011140070623843954, 0.011518412645031109, 0.010467462586177905, 0.011224146628552211, 0.01080376660501093], [0.008912056499075165, 0.008407600470825626, 0.00874390448965865, 0.010173196569699007, 0.009584664536741214, 0.009290398520262318, 0.01101395661678157, 0.011938792668572389, 0.0, 0.014082730788632924, 0.01307381873213385, 0.01349419875567513, 0.013452160753321002, 0.01256936270388431], [0.007608878426097192, 0.008197410459054985, 0.007861106440221961, 0.009626702539095342, 0.010635614595594417, 0.01055153859088616, 0.010257272574407264, 0.011140070623843954, 0.014082730788632924, 0.0, 0.01483941483100723, 0.014545148814528334, 0.013788464772154027, 0.014503110812174206], [0.008155372456700857, 0.007819068437867832, 0.007398688414326551, 0.00853371447788801, 0.008954094501429291, 0.008954094501429291, 0.009584664536741214, 0.011518412645031109, 0.01307381873213385, 0.01483941483100723, 0.0, 0.016689086934588867, 0.015259794854548512, 0.016100554901631075], [0.007230536404910039, 0.0074407264166806795, 0.007608878426097192, 0.008407600470825626, 0.00853371447788801, 0.009038170506137548, 0.009584664536741214, 0.010467462586177905, 0.01349419875567513, 0.014545148814528334, 0.016689086934588867, 0.0, 0.017235580965192534, 0.017235580965192534], [0.00718849840255591, 0.007356650411972423, 0.00765091642845132, 0.00920632251555406, 0.009416512527324701, 0.00966874054144947, 0.011224146628552211, 0.011224146628552211, 0.013452160753321002, 0.013788464772154027, 0.015259794854548512, 0.017235580965192534, 0.0, 0.018202455019337482], [0.008365562468471498, 0.008281486463763242, 0.009164284513199932, 0.009332436522616444, 0.009374474524970573, 0.008954094501429291, 0.01080376660501093, 0.01080376660501093, 0.01256936270388431, 0.014503110812174206, 0.016100554901631075, 0.017235580965192534, 0.018202455019337482, 0.0]], "sysname": ["SOURCE", "UFC", "IITB", "PKU", "RAC", "SJTU", "IPN", "AMU", "UMC", "POST", "NTHU", "CUUI", "NUCLEA", "CAMB"]}