{"counts": [[0.0, 0.015704175216717617, 0.014615352401691864, 0.012437706771640354, 0.012353951170484526, 0.011642028560659995, 0.00988316093638762, 0.008626826919050212, 0.00871058252020604, 0.00871058252020604, 0.00791490430922568, 0.007286737300556975, 0.007789270907491938, 0.008333682315004816], [0.015704175216717617, 0.0, 0.014196574395912726, 0.011851417563549562, 0.01193517316470539, 0.011139494953725031, 0.010301938942166758, 0.009338749528874743, 0.008752460320783952, 0.008417437916160644, 0.008249926713848988, 0.008919971523095607, 0.007161103898823234, 0.007956782109803592], [0.014615352401691864, 0.014196574395912726, 0.0, 0.011893295364127476, 0.013023995979731145, 0.01172578416181582, 0.010804472549101721, 0.01021818334101093, 0.008752460320783952, 0.007538004104024457, 0.007496126303446543, 0.007956782109803592, 0.00804053771095942, 0.00804053771095942], [0.012437706771640354, 0.011851417563549562, 0.011893295364127476, 0.0, 0.012605217973952008, 0.013484651786088195, 0.01252146237279618, 0.011223250554880857, 0.010427572343900498, 0.009213116127141003, 0.009799405335231794, 0.008291804514426902, 0.008626826919050212, 0.009338749528874743], [0.012353951170484526, 0.01193517316470539, 0.013023995979731145, 0.012605217973952008, 0.0, 0.012605217973952008, 0.012647095774529922, 0.010930105950835461, 0.009799405335231794, 0.009715649734075966, 0.00883621592193978, 0.0075798819046023706, 0.009087482725407261, 0.008878093722517693], [0.011642028560659995, 0.011139494953725031, 0.01172578416181582, 0.013484651786088195, 0.012605217973952008, 0.0, 0.01206080656643913, 0.010301938942166758, 0.010176305540433016, 0.00988316093638762, 0.008333682315004816, 0.008961849323673521, 0.00871058252020604, 0.009631894132920139], [0.00988316093638762, 0.010301938942166758, 0.010804472549101721, 0.01252146237279618, 0.012647095774529922, 0.01206080656643913, 0.0, 0.01273085137568575, 0.01088822815025755, 0.010427572343900498, 0.009631894132920139, 0.009003727124251435, 0.010134427739855102, 0.010050672138699276], [0.008626826919050212, 0.009338749528874743, 0.01021818334101093, 0.011223250554880857, 0.010930105950835461, 0.010301938942166758, 0.01273085137568575, 0.0, 0.013861551991289418, 0.011809539762971649, 0.011223250554880857, 0.011683906361237908, 0.011558272959504167, 0.011348883956614599], [0.00871058252020604, 0.008752460320783952, 0.008752460320783952, 0.010427572343900498, 0.009799405335231794, 0.010176305540433016, 0.01088822815025755, 0.013861551991289418, 0.0, 0.012688973575107836, 0.012814606976841576, 0.012982118179153231, 0.012312073369906612, 0.012772729176263663], [0.00871058252020604, 0.008417437916160644, 0.007538004104024457, 0.009213116127141003, 0.009715649734075966, 0.00988316093638762, 0.010427572343900498, 0.011809539762971649, 0.012688973575107836, 0.0, 0.014992252606893085, 0.014322207797646468, 0.01469910800284769, 0.015201641609782655], [0.00791490430922568, 0.008249926713848988, 0.007496126303446543, 0.009799405335231794, 0.00883621592193978, 0.008333682315004816, 0.009631894132920139, 0.011223250554880857, 0.012814606976841576, 0.014992252606893085, 0.0, 0.014489718999958122, 0.017044264835210855, 0.016248586624230496], [0.007286737300556975, 0.008919971523095607, 0.007956782109803592, 0.008291804514426902, 0.0075798819046023706, 0.008961849323673521, 0.009003727124251435, 0.011683906361237908, 0.012982118179153231, 0.014322207797646468, 0.014489718999958122, 0.0, 0.017295531638678335, 0.01800745424850287], [0.007789270907491938, 0.007161103898823234, 0.00804053771095942, 0.008626826919050212, 0.009087482725407261, 0.00871058252020604, 0.010134427739855102, 0.011558272959504167, 0.012312073369906612, 0.01469910800284769, 0.017044264835210855, 0.017295531638678335, 0.0, 0.01838435445370409], [0.008333682315004816, 0.007956782109803592, 0.00804053771095942, 0.009338749528874743, 0.008878093722517693, 0.009631894132920139, 0.010050672138699276, 0.011348883956614599, 0.012772729176263663, 0.015201641609782655, 0.016248586624230496, 0.01800745424850287, 0.01838435445370409, 0.0]], "sysname": ["SOURCE", "UFC", "IITB", "PKU", "RAC", "SJTU", "IPN", "AMU", "UMC", "POST", "NTHU", "CUUI", "NUCLEA", "CAMB"]}