{"sysname": ["IITB", "SJTU", "PKU", "RAC", "JMGR", "IPN", "AMU", "src", "UFC", "UMC", "NTHU", "CUUI", "NUCLEA", "POST", "CAMB"], "counts": [[0.0, 0.017855987578443425, 0.010221905932587178, 0.011774600504625737, 0.01028660153975545, 0.010351297146923724, 0.00828103771753898, 0.009122080610726531, 0.008863298182053439, 0.009122080610726531, 0.007957559681697613, 0.006857734359836967, 0.007634081645856246, 0.006793038752668693, 0.006534256323995601], [0.017855987578443425, 0.0, 0.01203338293329883, 0.01028660153975545, 0.010221905932587178, 0.009445558646567898, 0.010933557611438183, 0.007828168467361066, 0.008151646503202433, 0.007957559681697613, 0.008539820146212072, 0.007892864074529339, 0.008345733324707252, 0.00711651678851006, 0.0069224299670052405], [0.010221905932587178, 0.01203338293329883, 0.0, 0.012421556576308468, 0.00970434107524099, 0.008927993789221713, 0.009510254253736172, 0.009445558646567898, 0.009639645468072718, 0.0073752992171831535, 0.009380863039399626, 0.007763472860192793, 0.006987125574173514, 0.007634081645856246, 0.009510254253736172], [0.011774600504625737, 0.01028660153975545, 0.012421556576308468, 0.0, 0.010027819111082357, 0.011645209290289189, 0.010157210325418903, 0.007439994824351427, 0.008733906967716892, 0.009510254253736172, 0.0075046904315197, 0.008345733324707252, 0.008604515753380346, 0.00731060361001488, 0.007245908002846606], [0.01028660153975545, 0.010221905932587178, 0.00970434107524099, 0.010027819111082357, 0.0, 0.00989842789674581, 0.010092514718250631, 0.01086886200426991, 0.009833732289577537, 0.008992689396389985, 0.00828103771753898, 0.007569386038687973, 0.00970434107524099, 0.008022255288865887, 0.008863298182053439], [0.010351297146923724, 0.009445558646567898, 0.008927993789221713, 0.011645209290289189, 0.00989842789674581, 0.0, 0.010157210325418903, 0.008863298182053439, 0.008992689396389985, 0.008216342110370705, 0.007957559681697613, 0.008863298182053439, 0.009769036682409265, 0.008216342110370705, 0.008669211360548618], [0.00828103771753898, 0.010933557611438183, 0.009510254253736172, 0.010157210325418903, 0.010092514718250631, 0.010157210325418903, 0.0, 0.010157210325418903, 0.009316167432231352, 0.008992689396389985, 0.009639645468072718, 0.008216342110370705, 0.008151646503202433, 0.009639645468072718, 0.009833732289577537], [0.009122080610726531, 0.007828168467361066, 0.009445558646567898, 0.007439994824351427, 0.01086886200426991, 0.008863298182053439, 0.010157210325418903, 0.0, 0.009769036682409265, 0.009769036682409265, 0.009380863039399626, 0.009445558646567898, 0.007763472860192793, 0.008216342110370705, 0.008863298182053439], [0.008863298182053439, 0.008151646503202433, 0.009639645468072718, 0.008733906967716892, 0.009833732289577537, 0.008992689396389985, 0.009316167432231352, 0.009769036682409265, 0.0, 0.009316167432231352, 0.008733906967716892, 0.008927993789221713, 0.007181212395678333, 0.009251471825063078, 0.009251471825063078], [0.009122080610726531, 0.007957559681697613, 0.0073752992171831535, 0.009510254253736172, 0.008992689396389985, 0.008216342110370705, 0.008992689396389985, 0.009769036682409265, 0.009316167432231352, 0.0, 0.012098078540467102, 0.01106294882577473, 0.009833732289577537, 0.01203338293329883, 0.010804166397101637], [0.007957559681697613, 0.008539820146212072, 0.009380863039399626, 0.0075046904315197, 0.00828103771753898, 0.007957559681697613, 0.009639645468072718, 0.009380863039399626, 0.008733906967716892, 0.012098078540467102, 0.0, 0.01222746975480365, 0.011903991718962283, 0.009639645468072718, 0.010739470789933363], [0.006857734359836967, 0.007892864074529339, 0.007763472860192793, 0.008345733324707252, 0.007569386038687973, 0.008863298182053439, 0.008216342110370705, 0.009445558646567898, 0.008927993789221713, 0.01106294882577473, 0.01222746975480365, 0.0, 0.013844859934010481, 0.012680339004981563, 0.013068512647991202], [0.007634081645856246, 0.008345733324707252, 0.006987125574173514, 0.008604515753380346, 0.00970434107524099, 0.009769036682409265, 0.008151646503202433, 0.007763472860192793, 0.007181212395678333, 0.009833732289577537, 0.011903991718962283, 0.013844859934010481, 0.0, 0.014168337969851848, 0.015656336934722133], [0.006793038752668693, 0.00711651678851006, 0.007634081645856246, 0.00731060361001488, 0.008022255288865887, 0.008216342110370705, 0.009639645468072718, 0.008216342110370705, 0.009251471825063078, 0.01203338293329883, 0.009639645468072718, 0.012680339004981563, 0.014168337969851848, 0.0, 0.01643268422074141], [0.006534256323995601, 0.0069224299670052405, 0.009510254253736172, 0.007245908002846606, 0.008863298182053439, 0.008669211360548618, 0.009833732289577537, 0.008863298182053439, 0.009251471825063078, 0.010804166397101637, 0.010739470789933363, 0.013068512647991202, 0.015656336934722133, 0.01643268422074141, 0.0]]}