{"sysname": ["SOURCE", "UFC", "IITB", "SJTU", "IPN", "RAC", "PKU", "AMU", "UMC", "NTHU", "POST", "CUUI", "NUCLEA", "CAMB"], "counts": [[0.0, 0.01895913906171179, 0.017445770976963176, 0.012737514713300825, 0.011644526652093493, 0.010971918614427442, 0.009500588532032958, 0.008449638473179755, 0.008365562468471498, 0.007272574407264167, 0.006095510341348579, 0.00676811837901463, 0.0070623843954935265, 0.006894232386077013], [0.01895913906171179, 0.0, 0.017613922986379687, 0.012737514713300825, 0.011812678661510005, 0.011350260635614595, 0.009584664536741214, 0.00874390448965865, 0.009374474524970573, 0.00676811837901463, 0.0065999663695981165, 0.006810156381368757, 0.006473852362535732, 0.006053472338994451], [0.017445770976963176, 0.017613922986379687, 0.0, 0.012737514713300825, 0.011854716663864133, 0.010299310576761393, 0.009836892550865983, 0.009963006557928367, 0.008239448461409114, 0.007314612409618295, 0.007945182444930216, 0.00718849840255591, 0.006810156381368757, 0.006347738355473348], [0.012737514713300825, 0.012737514713300825, 0.012737514713300825, 0.0, 0.012989742727425592, 0.01256936270388431, 0.011896754666218262, 0.00966874054144947, 0.010845804607365058, 0.00811333445434673, 0.009374474524970573, 0.008029258449638473, 0.008197410459054985, 0.007945182444930216], [0.011644526652093493, 0.011812678661510005, 0.011854716663864133, 0.012989742727425592, 0.0, 0.014250882798049437, 0.013872540776862284, 0.010089120564990752, 0.010173196569699007, 0.00853371447788801, 0.008449638473179755, 0.010005044560282495, 0.009878930553220111, 0.00718849840255591], [0.010971918614427442, 0.011350260635614595, 0.010299310576761393, 0.01256936270388431, 0.014250882798049437, 0.0, 0.013241970741550362, 0.010887842609719187, 0.011560450647385236, 0.009584664536741214, 0.009164284513199932, 0.009584664536741214, 0.009542626534387085, 0.008449638473179755], [0.009500588532032958, 0.009584664536741214, 0.009836892550865983, 0.011896754666218262, 0.013872540776862284, 0.013241970741550362, 0.0, 0.01282159071800908, 0.011980830670926517, 0.010005044560282495, 0.010929880612073315, 0.009836892550865983, 0.00924836051790819, 0.00966874054144947], [0.008449638473179755, 0.00874390448965865, 0.009963006557928367, 0.00966874054144947, 0.010089120564990752, 0.010887842609719187, 0.01282159071800908, 0.0, 0.01353623675802926, 0.013998654783924667, 0.011392298637968723, 0.011602488649739364, 0.011518412645031109, 0.012527324701530184], [0.008365562468471498, 0.009374474524970573, 0.008239448461409114, 0.010845804607365058, 0.010173196569699007, 0.011560450647385236, 0.011980830670926517, 0.01353623675802926, 0.0, 0.011602488649739364, 0.01214898268034303, 0.010971918614427442, 0.013578274760383386, 0.01256936270388431], [0.007272574407264167, 0.00676811837901463, 0.007314612409618295, 0.00811333445434673, 0.00853371447788801, 0.009584664536741214, 0.010005044560282495, 0.013998654783924667, 0.011602488649739364, 0.0, 0.01622666890869346, 0.016268706911047585, 0.015175718849840255, 0.016689086934588867], [0.006095510341348579, 0.0065999663695981165, 0.007945182444930216, 0.009374474524970573, 0.008449638473179755, 0.009164284513199932, 0.010929880612073315, 0.011392298637968723, 0.01214898268034303, 0.01622666890869346, 0.0, 0.016478896922818228, 0.015680174878089793, 0.01736169497225492], [0.00676811837901463, 0.006810156381368757, 0.00718849840255591, 0.008029258449638473, 0.010005044560282495, 0.009584664536741214, 0.009836892550865983, 0.011602488649739364, 0.010971918614427442, 0.016268706911047585, 0.016478896922818228, 0.0, 0.015343870859256769, 0.01979989910879435], [0.0070623843954935265, 0.006473852362535732, 0.006810156381368757, 0.008197410459054985, 0.009878930553220111, 0.009542626534387085, 0.00924836051790819, 0.011518412645031109, 0.013578274760383386, 0.015175718849840255, 0.015680174878089793, 0.015343870859256769, 0.0, 0.022322179250042037], [0.006894232386077013, 0.006053472338994451, 0.006347738355473348, 0.007945182444930216, 0.00718849840255591, 0.008449638473179755, 0.00966874054144947, 0.012527324701530184, 0.01256936270388431, 0.016689086934588867, 0.01736169497225492, 0.01979989910879435, 0.022322179250042037, 0.0]]}