{"counts": [[0.0, 0.018426232254282006, 0.017965576447924955, 0.012940240378575317, 0.011097617153147117, 0.010846350349679635, 0.010343816742744672, 0.00711922609824532, 0.008919971523095607, 0.007202981699401147, 0.006909837095355752, 0.00619791448553122, 0.006532936890154529, 0.007789270907491938], [0.018426232254282006, 0.0, 0.016583609028853804, 0.012018928765861216, 0.011851417563549562, 0.010343816742744672, 0.010762594748523808, 0.00942250513003057, 0.008543071317894384, 0.008543071317894384, 0.00711922609824532, 0.0067004480924661835, 0.006574814690732443, 0.006239792286109134], [0.017965576447924955, 0.016583609028853804, 0.0, 0.012688973575107836, 0.012228317768750786, 0.011474517358348339, 0.009464382930608485, 0.00883621592193978, 0.008668704719628125, 0.0077055153063361114, 0.0076636375057581975, 0.007370492901712802, 0.006826081494199924, 0.006030403283219565], [0.012940240378575317, 0.012018928765861216, 0.012688973575107836, 0.0, 0.013987185393023158, 0.012353951170484526, 0.01193517316470539, 0.010260061141588844, 0.01055320574563424, 0.00837556011558273, 0.008208048913271076, 0.0077055153063361114, 0.007831148708069852, 0.009254993927718917], [0.011097617153147117, 0.011851417563549562, 0.012228317768750786, 0.013987185393023158, 0.0, 0.014070940994178986, 0.012353951170484526, 0.01088822815025755, 0.010385694543322584, 0.008919971523095607, 0.008878093722517693, 0.007998659910381506, 0.008584949118472298, 0.008919971523095607], [0.010846350349679635, 0.010343816742744672, 0.011474517358348339, 0.012353951170484526, 0.014070940994178986, 0.0, 0.013191507182042799, 0.011097617153147117, 0.010930105950835461, 0.009045604924829347, 0.008919971523095607, 0.009631894132920139, 0.009171238326563089, 0.00975752753465388], [0.010343816742744672, 0.010762594748523808, 0.009464382930608485, 0.01193517316470539, 0.012353951170484526, 0.013191507182042799, 0.0, 0.011516395158926253, 0.01101386155199129, 0.01009254993927719, 0.011977050965283304, 0.011097617153147117, 0.009799405335231794, 0.009213116127141003], [0.00711922609824532, 0.00942250513003057, 0.00883621592193978, 0.010260061141588844, 0.01088822815025755, 0.011097617153147117, 0.011516395158926253, 0.0, 0.013861551991289418, 0.012270195569328698, 0.013610285187821935, 0.012814606976841576, 0.01160015076008208, 0.012102684367017044], [0.008919971523095607, 0.008543071317894384, 0.008668704719628125, 0.01055320574563424, 0.010385694543322584, 0.010930105950835461, 0.01101386155199129, 0.013861551991289418, 0.0, 0.01457347460111395, 0.011432639557770427, 0.011683906361237908, 0.012228317768750786, 0.012270195569328698], [0.007202981699401147, 0.008543071317894384, 0.0077055153063361114, 0.00837556011558273, 0.008919971523095607, 0.009045604924829347, 0.01009254993927719, 0.012270195569328698, 0.01457347460111395, 0.0, 0.014992252606893085, 0.015494786213828049, 0.014531596800536036, 0.015746053017295533], [0.006909837095355752, 0.00711922609824532, 0.0076636375057581975, 0.008208048913271076, 0.008878093722517693, 0.008919971523095607, 0.011977050965283304, 0.013610285187821935, 0.011432639557770427, 0.014992252606893085, 0.0, 0.016457975627120064, 0.015913564219607185, 0.016122953222496756], [0.00619791448553122, 0.0067004480924661835, 0.007370492901712802, 0.0077055153063361114, 0.007998659910381506, 0.009631894132920139, 0.011097617153147117, 0.012814606976841576, 0.011683906361237908, 0.015494786213828049, 0.016457975627120064, 0.0, 0.017379287239834163, 0.016960509234055027], [0.006532936890154529, 0.006574814690732443, 0.006826081494199924, 0.007831148708069852, 0.008584949118472298, 0.009171238326563089, 0.009799405335231794, 0.01160015076008208, 0.012228317768750786, 0.014531596800536036, 0.015913564219607185, 0.017379287239834163, 0.0, 0.02407973533230035], [0.007789270907491938, 0.006239792286109134, 0.006030403283219565, 0.009254993927718917, 0.008919971523095607, 0.00975752753465388, 0.009213116127141003, 0.012102684367017044, 0.012270195569328698, 0.015746053017295533, 0.016122953222496756, 0.016960509234055027, 0.02407973533230035, 0.0]], "sysname": ["SOURCE", "UFC", "IITB", "SJTU", "IPN", "RAC", "PKU", "AMU", "UMC", "NTHU", "POST", "CUUI", "NUCLEA", "CAMB"]}