{"counts": [[0.0, 0.016007582539097467, 0.014111947764730662, 0.011321152124690642, 0.0120056869043231, 0.010952556474119319, 0.011215839081670264, 0.010531304302037808, 0.011005212995629508, 0.00979411300089516, 0.010531304302037808, 0.010689273866568375, 0.010478647780527619, 0.008951608656732135], [0.016007582539097467, 0.0, 0.01426991732926123, 0.011689747775261966, 0.012795534726975937, 0.012848191248486124, 0.010320678215997052, 0.010110052129956295, 0.009109578221262703, 0.010057395608446106, 0.009952082565425728, 0.009109578221262703, 0.009109578221262703, 0.009162234742772892], [0.014111947764730662, 0.01426991732926123, 0.0, 0.013322099942077826, 0.012374282554894424, 0.009952082565425728, 0.00979411300089516, 0.010847243431098942, 0.010215365172976673, 0.010215365172976673, 0.011531778210731399, 0.00984676952240535, 0.010636617345058186, 0.010110052129956295], [0.011321152124690642, 0.011689747775261966, 0.013322099942077826, 0.0, 0.012795534726975937, 0.012374282554894424, 0.009899426043915539, 0.009530830393344215, 0.010320678215997052, 0.011321152124690642, 0.008898952135221946, 0.01089989995260913, 0.011321152124690642, 0.010478647780527619], [0.0120056869043231, 0.012795534726975937, 0.012374282554894424, 0.012795534726975937, 0.0, 0.010478647780527619, 0.01042599125901743, 0.010689273866568375, 0.011268495603180453, 0.011531778210731399, 0.011110526038649886, 0.009478173871834026, 0.010162708651466484, 0.009162234742772892], [0.010952556474119319, 0.012848191248486124, 0.009952082565425728, 0.012374282554894424, 0.010478647780527619, 0.0, 0.010162708651466484, 0.011215839081670264, 0.010952556474119319, 0.01263756516244537, 0.010952556474119319, 0.011689747775261966, 0.009530830393344215, 0.009952082565425728], [0.011215839081670264, 0.010320678215997052, 0.00979411300089516, 0.009899426043915539, 0.01042599125901743, 0.010162708651466484, 0.0, 0.010320678215997052, 0.011268495603180453, 0.010110052129956295, 0.010741930388078564, 0.010320678215997052, 0.011268495603180453, 0.011215839081670264], [0.010531304302037808, 0.010110052129956295, 0.010847243431098942, 0.009530830393344215, 0.010689273866568375, 0.011215839081670264, 0.010320678215997052, 0.0, 0.010531304302037808, 0.011321152124690642, 0.012321626033384235, 0.010057395608446106, 0.010741930388078564, 0.00979411300089516], [0.011005212995629508, 0.009109578221262703, 0.010215365172976673, 0.010320678215997052, 0.011268495603180453, 0.010952556474119319, 0.011268495603180453, 0.010531304302037808, 0.0, 0.010636617345058186, 0.009688799957874783, 0.010110052129956295, 0.010847243431098942, 0.011268495603180453], [0.00979411300089516, 0.010057395608446106, 0.010215365172976673, 0.011321152124690642, 0.011531778210731399, 0.01263756516244537, 0.010110052129956295, 0.011321152124690642, 0.010636617345058186, 0.0, 0.0120056869043231, 0.011689747775261966, 0.010952556474119319, 0.011531778210731399], [0.010531304302037808, 0.009952082565425728, 0.011531778210731399, 0.008898952135221946, 0.011110526038649886, 0.010952556474119319, 0.010741930388078564, 0.012321626033384235, 0.009688799957874783, 0.0120056869043231, 0.0, 0.011953030382812911, 0.011321152124690642, 0.012953504291506502], [0.010689273866568375, 0.009109578221262703, 0.00984676952240535, 0.01089989995260913, 0.009478173871834026, 0.011689747775261966, 0.010320678215997052, 0.010057395608446106, 0.010110052129956295, 0.011689747775261966, 0.011953030382812911, 0.0, 0.011953030382812911, 0.012479595597914802], [0.010478647780527619, 0.009109578221262703, 0.010636617345058186, 0.011321152124690642, 0.010162708651466484, 0.009530830393344215, 0.011268495603180453, 0.010741930388078564, 0.010847243431098942, 0.010952556474119319, 0.011321152124690642, 0.011953030382812911, 0.0, 0.01637617818966879], [0.008951608656732135, 0.009162234742772892, 0.010110052129956295, 0.010478647780527619, 0.009162234742772892, 0.009952082565425728, 0.011215839081670264, 0.00979411300089516, 0.011268495603180453, 0.011531778210731399, 0.012953504291506502, 0.012479595597914802, 0.01637617818966879, 0.0]], "sysname": ["refmix1", "AMU", "CAMB", "RAC", "CUUI", "POST", "UFC", "IITB", "SOURCE", "PKU", "UMC", "SJTU", "NTHU", "IPN"]}