{"counts": [[0.0, 0.01895581290030407, 0.011515818075952642, 0.009963123503914085, 0.008669211360548618, 0.008992689396389985, 0.008733906967716892, 0.009639645468072718, 0.009639645468072718, 0.009186776217894805, 0.008086950896034159, 0.007181212395678333, 0.00731060361001488, 0.006857734359836967, 0.007245908002846606], [0.01895581290030407, 0.0, 0.00989842789674581, 0.010933557611438183, 0.009186776217894805, 0.010157210325418903, 0.009963123503914085, 0.008151646503202433, 0.009057385003558259, 0.008539820146212072, 0.008216342110370705, 0.007181212395678333, 0.007634081645856246, 0.008669211360548618, 0.006857734359836967], [0.011515818075952642, 0.00989842789674581, 0.0, 0.011645209290289189, 0.009769036682409265, 0.010157210325418903, 0.01048068836126027, 0.009251471825063078, 0.010545383968428544, 0.008345733324707252, 0.007763472860192793, 0.007892864074529339, 0.008863298182053439, 0.006987125574173514, 0.007569386038687973], [0.009963123503914085, 0.010933557611438183, 0.011645209290289189, 0.0, 0.010804166397101637, 0.009380863039399626, 0.009833732289577537, 0.008927993789221713, 0.008927993789221713, 0.008151646503202433, 0.008345733324707252, 0.008216342110370705, 0.00828103771753898, 0.008733906967716892, 0.008798602574885165], [0.008669211360548618, 0.009186776217894805, 0.009769036682409265, 0.010804166397101637, 0.0, 0.008410428931875526, 0.009316167432231352, 0.008410428931875526, 0.00970434107524099, 0.010027819111082357, 0.008669211360548618, 0.009057385003558259, 0.008539820146212072, 0.009251471825063078, 0.009833732289577537], [0.008992689396389985, 0.010157210325418903, 0.010157210325418903, 0.009380863039399626, 0.008410428931875526, 0.0, 0.008927993789221713, 0.009963123503914085, 0.009251471825063078, 0.008539820146212072, 0.009057385003558259, 0.010027819111082357, 0.008798602574885165, 0.007892864074529339, 0.00731060361001488], [0.008733906967716892, 0.009963123503914085, 0.01048068836126027, 0.009833732289577537, 0.009316167432231352, 0.008927993789221713, 0.0, 0.009445558646567898, 0.00970434107524099, 0.009574949860904444, 0.009122080610726531, 0.009574949860904444, 0.010157210325418903, 0.008151646503202433, 0.010092514718250631], [0.009639645468072718, 0.008151646503202433, 0.009251471825063078, 0.008927993789221713, 0.008410428931875526, 0.009963123503914085, 0.009445558646567898, 0.0, 0.009833732289577537, 0.008927993789221713, 0.009445558646567898, 0.008345733324707252, 0.008669211360548618, 0.008863298182053439, 0.008151646503202433], [0.009639645468072718, 0.009057385003558259, 0.010545383968428544, 0.008927993789221713, 0.00970434107524099, 0.009251471825063078, 0.00970434107524099, 0.009833732289577537, 0.0, 0.009316167432231352, 0.010221905932587178, 0.009251471825063078, 0.009963123503914085, 0.008863298182053439, 0.0084751245390438], [0.009186776217894805, 0.008539820146212072, 0.008345733324707252, 0.008151646503202433, 0.010027819111082357, 0.008539820146212072, 0.009574949860904444, 0.008927993789221713, 0.009316167432231352, 0.0, 0.012745034612149835, 0.011321731254447824, 0.009574949860904444, 0.010157210325418903, 0.011127644432943003], [0.008086950896034159, 0.008216342110370705, 0.007763472860192793, 0.008345733324707252, 0.008669211360548618, 0.009057385003558259, 0.009122080610726531, 0.009445558646567898, 0.010221905932587178, 0.012745034612149835, 0.0, 0.010092514718250631, 0.009574949860904444, 0.010545383968428544, 0.012098078540467102], [0.007181212395678333, 0.007181212395678333, 0.007892864074529339, 0.008216342110370705, 0.009057385003558259, 0.010027819111082357, 0.009574949860904444, 0.008345733324707252, 0.009251471825063078, 0.011321731254447824, 0.010092514718250631, 0.0, 0.012356860969140196, 0.012874425826486381, 0.013068512647991202], [0.00731060361001488, 0.007634081645856246, 0.008863298182053439, 0.00828103771753898, 0.008539820146212072, 0.008798602574885165, 0.010157210325418903, 0.008669211360548618, 0.009963123503914085, 0.009574949860904444, 0.009574949860904444, 0.012356860969140196, 0.0, 0.01423303357702012, 0.0150093808630394], [0.006857734359836967, 0.008669211360548618, 0.006987125574173514, 0.008733906967716892, 0.009251471825063078, 0.007892864074529339, 0.008151646503202433, 0.008863298182053439, 0.008863298182053439, 0.010157210325418903, 0.010545383968428544, 0.012874425826486381, 0.01423303357702012, 0.0, 0.0159798149705635], [0.007245908002846606, 0.006857734359836967, 0.007569386038687973, 0.008798602574885165, 0.009833732289577537, 0.00731060361001488, 0.010092514718250631, 0.008151646503202433, 0.0084751245390438, 0.011127644432943003, 0.012098078540467102, 0.013068512647991202, 0.0150093808630394, 0.0159798149705635, 0.0]], "sysname": ["IITB", "SJTU", "PKU", "RAC", "IPN", "UFC", "JMGR", "src", "AMU", "UMC", "NTHU", "CUUI", "NUCLEA", "POST", "CAMB"]}