{"sysname": ["SOURCE", "UFC", "IITB", "SJTU", "IPN", "RAC", "PKU", "UMC", "AMU", "NTHU", "CUUI", "POST", "NUCLEA", "CAMB"], "counts": [[0.0, 0.017613922986379687, 0.01887506305700353, 0.01235917269211367, 0.011896754666218262, 0.011140070623843954, 0.010383386581469648, 0.007777030435513704, 0.008617790482596267, 0.00651589036488986, 0.007020346393139398, 0.007482764419034807, 0.006263662350765092, 0.006011434336640323], [0.017613922986379687, 0.0, 0.018160417016983354, 0.01303178072977972, 0.012863628720363209, 0.011308222633260468, 0.009584664536741214, 0.007566840423743064, 0.008365562468471498, 0.007356650411972423, 0.00676811837901463, 0.007356650411972423, 0.005927358331932067, 0.007104422397847654], [0.01887506305700353, 0.018160417016983354, 0.0, 0.013872540776862284, 0.010677652597948546, 0.00920632251555406, 0.01034134857911552, 0.008659828484950395, 0.008239448461409114, 0.007146460400201783, 0.007146460400201783, 0.0069783083907852695, 0.006936270388431142, 0.007398688414326551], [0.01235917269211367, 0.01303178072977972, 0.013872540776862284, 0.0, 0.014334958802757694, 0.012233058685051286, 0.011055994619135699, 0.009416512527324701, 0.00924836051790819, 0.010215234572053136, 0.00878594249201278, 0.007020346393139398, 0.00811333445434673, 0.007524802421388936], [0.011896754666218262, 0.012863628720363209, 0.010677652597948546, 0.014334958802757694, 0.0, 0.01328400874390449, 0.011098032621489827, 0.010761728602656801, 0.00945855052967883, 0.00966874054144947, 0.00924836051790819, 0.008617790482596267, 0.010215234572053136, 0.007945182444930216], [0.011140070623843954, 0.011308222633260468, 0.00920632251555406, 0.012233058685051286, 0.01328400874390449, 0.0, 0.013620312762737515, 0.012275096687405415, 0.01101395661678157, 0.010005044560282495, 0.009500588532032958, 0.009878930553220111, 0.008407600470825626, 0.009878930553220111], [0.010383386581469648, 0.009584664536741214, 0.01034134857911552, 0.011055994619135699, 0.011098032621489827, 0.013620312762737515, 0.0, 0.011686564654447621, 0.012989742727425592, 0.01126618463090634, 0.010299310576761393, 0.010761728602656801, 0.00920632251555406, 0.010089120564990752], [0.007777030435513704, 0.007566840423743064, 0.008659828484950395, 0.009416512527324701, 0.010761728602656801, 0.012275096687405415, 0.011686564654447621, 0.0, 0.015091642845132, 0.012947704725071464, 0.012191020682697158, 0.011224146628552211, 0.012022868673280646, 0.013620312762737515], [0.008617790482596267, 0.008365562468471498, 0.008239448461409114, 0.00924836051790819, 0.00945855052967883, 0.01101395661678157, 0.012989742727425592, 0.015091642845132, 0.0, 0.013620312762737515, 0.012191020682697158, 0.01256936270388431, 0.011392298637968723, 0.012443248696821927], [0.00651589036488986, 0.007356650411972423, 0.007146460400201783, 0.010215234572053136, 0.00966874054144947, 0.010005044560282495, 0.01126618463090634, 0.012947704725071464, 0.013620312762737515, 0.0, 0.01462922481923659, 0.014419034807465949, 0.015049604842777871, 0.015049604842777871], [0.007020346393139398, 0.00676811837901463, 0.007146460400201783, 0.00878594249201278, 0.00924836051790819, 0.009500588532032958, 0.010299310576761393, 0.012191020682697158, 0.012191020682697158, 0.01462922481923659, 0.0, 0.01706742895577602, 0.016773162939297124, 0.016100554901631075], [0.007482764419034807, 0.007356650411972423, 0.0069783083907852695, 0.007020346393139398, 0.008617790482596267, 0.009878930553220111, 0.010761728602656801, 0.011224146628552211, 0.01256936270388431, 0.014419034807465949, 0.01706742895577602, 0.0, 0.01736169497225492, 0.01731965696990079], [0.006263662350765092, 0.005927358331932067, 0.006936270388431142, 0.00811333445434673, 0.010215234572053136, 0.008407600470825626, 0.00920632251555406, 0.012022868673280646, 0.011392298637968723, 0.015049604842777871, 0.016773162939297124, 0.01736169497225492, 0.0, 0.023835547334790652], [0.006011434336640323, 0.007104422397847654, 0.007398688414326551, 0.007524802421388936, 0.007945182444930216, 0.009878930553220111, 0.010089120564990752, 0.013620312762737515, 0.012443248696821927, 0.015049604842777871, 0.016100554901631075, 0.01731965696990079, 0.023835547334790652, 0.0]]}