{"counts": [[0.0, 0.016792998031743372, 0.015494786213828049, 0.013023995979731145, 0.011558272959504167, 0.011307006156036685, 0.01055320574563424, 0.009631894132920139, 0.007370492901712802, 0.0075798819046023706, 0.00791490430922568, 0.007161103898823234, 0.008082415511537334, 0.006574814690732443], [0.016792998031743372, 0.0, 0.01675112023116546, 0.011809539762971649, 0.01193517316470539, 0.01101386155199129, 0.011474517358348339, 0.008626826919050212, 0.008919971523095607, 0.007538004104024457, 0.0076636375057581975, 0.006574814690732443, 0.0066585702918882704, 0.007412370702290716], [0.015494786213828049, 0.01675112023116546, 0.0, 0.013400896184932367, 0.01160015076008208, 0.011432639557770427, 0.010260061141588844, 0.009296871728296829, 0.00850119351731647, 0.006449181288998702, 0.007496126303446543, 0.007244859499979061, 0.007244859499979061, 0.00791490430922568], [0.013023995979731145, 0.011809539762971649, 0.013400896184932367, 0.0, 0.012940240378575317, 0.013526529586666109, 0.011307006156036685, 0.010636961346790066, 0.009715649734075966, 0.007956782109803592, 0.008417437916160644, 0.007956782109803592, 0.008082415511537334, 0.00871058252020604], [0.011558272959504167, 0.01193517316470539, 0.01160015076008208, 0.012940240378575317, 0.0, 0.013694040788977763, 0.011809539762971649, 0.011558272959504167, 0.010636961346790066, 0.008752460320783952, 0.008794338121361866, 0.009966916537543448, 0.00883621592193978, 0.008626826919050212], [0.011307006156036685, 0.01101386155199129, 0.011432639557770427, 0.013526529586666109, 0.013694040788977763, 0.0, 0.013735918589555677, 0.011474517358348339, 0.010846350349679635, 0.009925038736965534, 0.00850119351731647, 0.007998659910381506, 0.008459315716738558, 0.009171238326563089], [0.01055320574563424, 0.011474517358348339, 0.010260061141588844, 0.011307006156036685, 0.011809539762971649, 0.013735918589555677, 0.0, 0.012772729176263663, 0.009715649734075966, 0.011307006156036685, 0.01055320574563424, 0.009464382930608485, 0.009841283135809707, 0.008752460320783952], [0.009631894132920139, 0.008626826919050212, 0.009296871728296829, 0.010636961346790066, 0.011558272959504167, 0.011474517358348339, 0.012772729176263663, 0.0, 0.013107751580886971, 0.012605217973952008, 0.011348883956614599, 0.011139494953725031, 0.011474517358348339, 0.011432639557770427], [0.007370492901712802, 0.008919971523095607, 0.00850119351731647, 0.009715649734075966, 0.010636961346790066, 0.010846350349679635, 0.009715649734075966, 0.013107751580886971, 0.0, 0.013568407387244023, 0.013275262783198627, 0.013610285187821935, 0.013107751580886971, 0.013107751580886971], [0.0075798819046023706, 0.007538004104024457, 0.006449181288998702, 0.007956782109803592, 0.008752460320783952, 0.009925038736965534, 0.011307006156036685, 0.012605217973952008, 0.013568407387244023, 0.0, 0.016122953222496756, 0.014782863604003518, 0.015159763809204741, 0.016918631433477115], [0.00791490430922568, 0.0076636375057581975, 0.007496126303446543, 0.008417437916160644, 0.008794338121361866, 0.00850119351731647, 0.01055320574563424, 0.011348883956614599, 0.013275262783198627, 0.016122953222496756, 0.0, 0.016164831023074668, 0.015662297416139705, 0.015285397210938481], [0.007161103898823234, 0.006574814690732443, 0.007244859499979061, 0.007956782109803592, 0.009966916537543448, 0.007998659910381506, 0.009464382930608485, 0.011139494953725031, 0.013610285187821935, 0.014782863604003518, 0.016164831023074668, 0.0, 0.017295531638678335, 0.018426232254282006], [0.008082415511537334, 0.0066585702918882704, 0.007244859499979061, 0.008082415511537334, 0.00883621592193978, 0.008459315716738558, 0.009841283135809707, 0.011474517358348339, 0.013107751580886971, 0.015159763809204741, 0.015662297416139705, 0.017295531638678335, 0.0, 0.02169270069935927], [0.006574814690732443, 0.007412370702290716, 0.00791490430922568, 0.00871058252020604, 0.008626826919050212, 0.009171238326563089, 0.008752460320783952, 0.011432639557770427, 0.013107751580886971, 0.016918631433477115, 0.015285397210938481, 0.018426232254282006, 0.02169270069935927, 0.0]], "sysname": ["SOURCE", "UFC", "IITB", "SJTU", "IPN", "RAC", "PKU", "AMU", "UMC", "POST", "NTHU", "CUUI", "NUCLEA", "CAMB"]}