{"counts": [[0.0, 0.01866487304523289, 0.01597444089456869, 0.011560450647385236, 0.011308222633260468, 0.010257272574407264, 0.012443248696821927, 0.008701866487304524, 0.008281486463763242, 0.007819068437867832, 0.00676811837901463, 0.006810156381368757, 0.00765091642845132, 0.006726080376660501], [0.01866487304523289, 0.0, 0.016773162939297124, 0.012527324701530184, 0.010971918614427442, 0.010467462586177905, 0.010929880612073315, 0.008239448461409114, 0.009332436522616444, 0.007777030435513704, 0.007020346393139398, 0.0065999663695981165, 0.006852194383722886, 0.006642004371952245], [0.01597444089456869, 0.016773162939297124, 0.0, 0.01256936270388431, 0.011308222633260468, 0.011938792668572389, 0.01101395661678157, 0.009416512527324701, 0.008239448461409114, 0.00790314444257609, 0.006726080376660501, 0.007734992433159576, 0.007356650411972423, 0.006726080376660501], [0.011560450647385236, 0.012527324701530184, 0.01256936270388431, 0.0, 0.013157894736842105, 0.012989742727425592, 0.013241970741550362, 0.011224146628552211, 0.008407600470825626, 0.009038170506137548, 0.008617790482596267, 0.007777030435513704, 0.008155372456700857, 0.00874390448965865], [0.011308222633260468, 0.010971918614427442, 0.011308222633260468, 0.013157894736842105, 0.0, 0.014250882798049437, 0.01307381873213385, 0.011098032621489827, 0.009164284513199932, 0.009374474524970573, 0.009626702539095342, 0.009164284513199932, 0.009164284513199932, 0.009542626534387085], [0.010257272574407264, 0.010467462586177905, 0.011938792668572389, 0.012989742727425592, 0.014250882798049437, 0.0, 0.014124768790987053, 0.010887842609719187, 0.00878594249201278, 0.010005044560282495, 0.009164284513199932, 0.009416512527324701, 0.009290398520262318, 0.00966874054144947], [0.012443248696821927, 0.010929880612073315, 0.01101395661678157, 0.013241970741550362, 0.01307381873213385, 0.014124768790987053, 0.0, 0.010593576593240289, 0.010173196569699007, 0.009794854548511854, 0.010593576593240289, 0.009164284513199932, 0.008323524466117371, 0.008954094501429291], [0.008701866487304524, 0.008239448461409114, 0.009416512527324701, 0.011224146628552211, 0.011098032621489827, 0.010887842609719187, 0.010593576593240289, 0.0, 0.013998654783924667, 0.01214898268034303, 0.011938792668572389, 0.012485286699176056, 0.010845804607365058, 0.013452160753321002], [0.008281486463763242, 0.009332436522616444, 0.008239448461409114, 0.008407600470825626, 0.009164284513199932, 0.00878594249201278, 0.010173196569699007, 0.013998654783924667, 0.0, 0.012779552715654952, 0.015596098873381536, 0.01303178072977972, 0.01416680679334118, 0.01328400874390449], [0.007819068437867832, 0.007777030435513704, 0.00790314444257609, 0.009038170506137548, 0.009374474524970573, 0.010005044560282495, 0.009794854548511854, 0.01214898268034303, 0.012779552715654952, 0.0, 0.015343870859256769, 0.014461072809820077, 0.01530183285690264, 0.015848326887506307], [0.00676811837901463, 0.007020346393139398, 0.006726080376660501, 0.008617790482596267, 0.009626702539095342, 0.009164284513199932, 0.010593576593240289, 0.011938792668572389, 0.015596098873381536, 0.015343870859256769, 0.0, 0.016352782915755842, 0.01483941483100723, 0.014587186816882461], [0.006810156381368757, 0.0065999663695981165, 0.007734992433159576, 0.007777030435513704, 0.009164284513199932, 0.009416512527324701, 0.009164284513199932, 0.012485286699176056, 0.01303178072977972, 0.014461072809820077, 0.016352782915755842, 0.0, 0.016983352951067766, 0.01803430300992097], [0.00765091642845132, 0.006852194383722886, 0.007356650411972423, 0.008155372456700857, 0.009164284513199932, 0.009290398520262318, 0.008323524466117371, 0.010845804607365058, 0.01416680679334118, 0.01530183285690264, 0.01483941483100723, 0.016983352951067766, 0.0, 0.021733647217084245], [0.006726080376660501, 0.006642004371952245, 0.006726080376660501, 0.00874390448965865, 0.009542626534387085, 0.00966874054144947, 0.008954094501429291, 0.013452160753321002, 0.01328400874390449, 0.015848326887506307, 0.014587186816882461, 0.01803430300992097, 0.021733647217084245, 0.0]], "sysname": ["SOURCE", "UFC", "IITB", "SJTU", "IPN", "RAC", "PKU", "AMU", "UMC", "POST", "NTHU", "CUUI", "NUCLEA", "CAMB"]}