{"counts": [[0.0, 0.018160417016983354, 0.0164368589204641, 0.01328400874390449, 0.01214898268034303, 0.010971918614427442, 0.009542626534387085, 0.007734992433159576, 0.00853371447788801, 0.007777030435513704, 0.007020346393139398, 0.007230536404910039, 0.00651589036488986, 0.007020346393139398], [0.018160417016983354, 0.0, 0.01849672103581638, 0.012653438708592568, 0.012401210694467799, 0.01055153859088616, 0.008912056499075165, 0.007819068437867832, 0.00853371447788801, 0.007945182444930216, 0.00718849840255591, 0.006852194383722886, 0.00718849840255591, 0.006389776357827476], [0.0164368589204641, 0.01849672103581638, 0.0, 0.012485286699176056, 0.011938792668572389, 0.011055994619135699, 0.008912056499075165, 0.009374474524970573, 0.008827980494366908, 0.007608878426097192, 0.007734992433159576, 0.007230536404910039, 0.006642004371952245, 0.006936270388431142], [0.01328400874390449, 0.012653438708592568, 0.012485286699176056, 0.0, 0.01530183285690264, 0.01235917269211367, 0.010635614595594417, 0.010089120564990752, 0.009290398520262318, 0.008029258449638473, 0.00899613250378342, 0.008071296451992602, 0.008870018496721036, 0.0069783083907852695], [0.01214898268034303, 0.012401210694467799, 0.011938792668572389, 0.01530183285690264, 0.0, 0.011686564654447621, 0.011896754666218262, 0.011854716663864133, 0.0097107785438036, 0.008659828484950395, 0.008239448461409114, 0.008912056499075165, 0.008870018496721036, 0.00874390448965865], [0.010971918614427442, 0.01055153859088616, 0.011055994619135699, 0.01235917269211367, 0.011686564654447621, 0.0, 0.013620312762737515, 0.011224146628552211, 0.010887842609719187, 0.010299310576761393, 0.010089120564990752, 0.009878930553220111, 0.009416512527324701, 0.00920632251555406], [0.009542626534387085, 0.008912056499075165, 0.008912056499075165, 0.010635614595594417, 0.011896754666218262, 0.013620312762737515, 0.0, 0.01349419875567513, 0.012779552715654952, 0.010845804607365058, 0.01080376660501093, 0.011602488649739364, 0.00992096855557424, 0.010089120564990752], [0.007734992433159576, 0.007819068437867832, 0.009374474524970573, 0.010089120564990752, 0.011854716663864133, 0.011224146628552211, 0.01349419875567513, 0.0, 0.012737514713300825, 0.012779552715654952, 0.012064906675634774, 0.01282159071800908, 0.010971918614427442, 0.012064906675634774], [0.00853371447788801, 0.00853371447788801, 0.008827980494366908, 0.009290398520262318, 0.0097107785438036, 0.010887842609719187, 0.012779552715654952, 0.012737514713300825, 0.0, 0.012989742727425592, 0.01172860265680175, 0.012947704725071464, 0.012863628720363209, 0.013452160753321002], [0.007777030435513704, 0.007945182444930216, 0.007608878426097192, 0.008029258449638473, 0.008659828484950395, 0.010299310576761393, 0.010845804607365058, 0.012779552715654952, 0.012989742727425592, 0.0, 0.014713300823944847, 0.014461072809820077, 0.015175718849840255, 0.015890364889860432], [0.007020346393139398, 0.00718849840255591, 0.007734992433159576, 0.00899613250378342, 0.008239448461409114, 0.010089120564990752, 0.01080376660501093, 0.012064906675634774, 0.01172860265680175, 0.014713300823944847, 0.0, 0.016268706911047585, 0.015385908861610896, 0.01752984698167143], [0.007230536404910039, 0.006852194383722886, 0.007230536404910039, 0.008071296451992602, 0.008912056499075165, 0.009878930553220111, 0.011602488649739364, 0.01282159071800908, 0.012947704725071464, 0.014461072809820077, 0.016268706911047585, 0.0, 0.015554060871027408, 0.0164368589204641], [0.00651589036488986, 0.00718849840255591, 0.006642004371952245, 0.008870018496721036, 0.008870018496721036, 0.009416512527324701, 0.00992096855557424, 0.010971918614427442, 0.012863628720363209, 0.015175718849840255, 0.015385908861610896, 0.015554060871027408, 0.0, 0.023751471330082395], [0.007020346393139398, 0.006389776357827476, 0.006936270388431142, 0.0069783083907852695, 0.00874390448965865, 0.00920632251555406, 0.010089120564990752, 0.012064906675634774, 0.013452160753321002, 0.015890364889860432, 0.01752984698167143, 0.0164368589204641, 0.023751471330082395, 0.0]], "sysname": ["SOURCE", "UFC", "IITB", "SJTU", "IPN", "RAC", "PKU", "AMU", "UMC", "NTHU", "POST", "CUUI", "NUCLEA", "CAMB"]}