{"sysname": ["SOURCE", "UFC", "IITB", "SJTU", "IPN", "RAC", "PKU", "AMU", "UMC", "NTHU", "POST", "CUUI", "NUCLEA", "CAMB"], "counts": [[0.0, 0.019431299468151933, 0.017714309644457474, 0.01390342979186733, 0.01101386155199129, 0.010930105950835461, 0.01101386155199129, 0.008584949118472298, 0.007496126303446543, 0.007496126303446543, 0.006323547887264961, 0.0067004480924661835, 0.005444114075128775, 0.006114158884375393], [0.019431299468151933, 0.0, 0.01675112023116546, 0.013233384982620713, 0.011642028560659995, 0.009925038736965534, 0.01021818334101093, 0.008124293312115248, 0.007831148708069852, 0.006993592696511579, 0.007328615101134889, 0.006951714895933665, 0.00745424850286863, 0.006909837095355752], [0.017714309644457474, 0.01675112023116546, 0.0, 0.013191507182042799, 0.011767661962393735, 0.01067883914736798, 0.008417437916160644, 0.009129360525985175, 0.008668704719628125, 0.007831148708069852, 0.007956782109803592, 0.007286737300556975, 0.006784203693622011, 0.007077348297667406], [0.01390342979186733, 0.013233384982620713, 0.013191507182042799, 0.0, 0.013861551991289418, 0.011558272959504167, 0.011055739352569203, 0.01009254993927719, 0.008794338121361866, 0.008626826919050212, 0.007789270907491938, 0.008668704719628125, 0.00837556011558273, 0.008291804514426902], [0.01101386155199129, 0.011642028560659995, 0.011767661962393735, 0.013861551991289418, 0.0, 0.013149629381464885, 0.013191507182042799, 0.010385694543322584, 0.011893295364127476, 0.00850119351731647, 0.009213116127141003, 0.007831148708069852, 0.008961849323673521, 0.009925038736965534], [0.010930105950835461, 0.009925038736965534, 0.01067883914736798, 0.011558272959504167, 0.013149629381464885, 0.0, 0.012563340173374094, 0.012772729176263663, 0.01101386155199129, 0.009506260731186399, 0.009254993927718917, 0.010636961346790066, 0.009673771933498053, 0.009464382930608485], [0.01101386155199129, 0.01021818334101093, 0.008417437916160644, 0.011055739352569203, 0.013191507182042799, 0.012563340173374094, 0.0, 0.01252146237279618, 0.01172578416181582, 0.010762594748523808, 0.010720716947945894, 0.011139494953725031, 0.009715649734075966, 0.010301938942166758], [0.008584949118472298, 0.008124293312115248, 0.009129360525985175, 0.01009254993927719, 0.010385694543322584, 0.012772729176263663, 0.01252146237279618, 0.0, 0.013275262783198627, 0.013275262783198627, 0.011474517358348339, 0.01206080656643913, 0.010469450144478412, 0.012228317768750786], [0.007496126303446543, 0.007831148708069852, 0.008668704719628125, 0.008794338121361866, 0.011893295364127476, 0.01101386155199129, 0.01172578416181582, 0.013275262783198627, 0.0, 0.013694040788977763, 0.013233384982620713, 0.013065873780309057, 0.012228317768750786, 0.012228317768750786], [0.007496126303446543, 0.006993592696511579, 0.007831148708069852, 0.008626826919050212, 0.00850119351731647, 0.009506260731186399, 0.010762594748523808, 0.013275262783198627, 0.013694040788977763, 0.0, 0.016374220025964236, 0.014029063193601072, 0.015159763809204741, 0.015076008208048913], [0.006323547887264961, 0.007328615101134889, 0.007956782109803592, 0.007789270907491938, 0.009213116127141003, 0.009254993927718917, 0.010720716947945894, 0.011474517358348339, 0.013233384982620713, 0.016374220025964236, 0.0, 0.01608107542191884, 0.015913564219607185, 0.01620670882365258], [0.0067004480924661835, 0.006951714895933665, 0.007286737300556975, 0.008668704719628125, 0.007831148708069852, 0.010636961346790066, 0.011139494953725031, 0.01206080656643913, 0.013065873780309057, 0.014029063193601072, 0.01608107542191884, 0.0, 0.017169898236944595, 0.01662548682943172], [0.005444114075128775, 0.00745424850286863, 0.006784203693622011, 0.00837556011558273, 0.008961849323673521, 0.009673771933498053, 0.009715649734075966, 0.010469450144478412, 0.012228317768750786, 0.015159763809204741, 0.015913564219607185, 0.017169898236944595, 0.0, 0.02387034632941078], [0.006114158884375393, 0.006909837095355752, 0.007077348297667406, 0.008291804514426902, 0.009925038736965534, 0.009464382930608485, 0.010301938942166758, 0.012228317768750786, 0.012228317768750786, 0.015076008208048913, 0.01620670882365258, 0.01662548682943172, 0.02387034632941078, 0.0]]}