{"counts": [[0.0, 0.018328569026399864, 0.017403732974609048, 0.01307381873213385, 0.012106944677988903, 0.01034134857911552, 0.00920632251555406, 0.007398688414326551, 0.008912056499075165, 0.00765091642845132, 0.007146460400201783, 0.006810156381368757, 0.007230536404910039, 0.006726080376660501], [0.018328569026399864, 0.0, 0.01795022700521271, 0.012905666722717337, 0.01147637464267698, 0.010719690600302674, 0.010173196569699007, 0.008827980494366908, 0.007482764419034807, 0.005927358331932067, 0.008407600470825626, 0.007272574407264167, 0.007230536404910039, 0.006726080376660501], [0.017403732974609048, 0.01795022700521271, 0.0, 0.011812678661510005, 0.01055153859088616, 0.010677652597948546, 0.011350260635614595, 0.00878594249201278, 0.008365562468471498, 0.008071296451992602, 0.007524802421388936, 0.00765091642845132, 0.006726080376660501, 0.006684042374306373], [0.01307381873213385, 0.012905666722717337, 0.011812678661510005, 0.0, 0.013452160753321002, 0.011854716663864133, 0.01307381873213385, 0.009794854548511854, 0.009500588532032958, 0.008617790482596267, 0.008365562468471498, 0.007734992433159576, 0.009584664536741214, 0.007861106440221961], [0.012106944677988903, 0.01147637464267698, 0.01055153859088616, 0.013452160753321002, 0.0, 0.013956616781570539, 0.013662350765091643, 0.010635614595594417, 0.00924836051790819, 0.010929880612073315, 0.00790314444257609, 0.00924836051790819, 0.008870018496721036, 0.008281486463763242], [0.01034134857911552, 0.010719690600302674, 0.010677652597948546, 0.011854716663864133, 0.013956616781570539, 0.0, 0.01349419875567513, 0.01126618463090634, 0.011350260635614595, 0.010047082562636624, 0.009626702539095342, 0.007861106440221961, 0.00992096855557424, 0.010005044560282495], [0.00920632251555406, 0.010173196569699007, 0.011350260635614595, 0.01307381873213385, 0.013662350765091643, 0.01349419875567513, 0.0, 0.012064906675634774, 0.011392298637968723, 0.010299310576761393, 0.009416512527324701, 0.009416512527324701, 0.00920632251555406, 0.009794854548511854], [0.007398688414326551, 0.008827980494366908, 0.00878594249201278, 0.009794854548511854, 0.010635614595594417, 0.01126618463090634, 0.012064906675634774, 0.0, 0.01530183285690264, 0.012653438708592568, 0.013326046746258619, 0.012022868673280646, 0.011140070623843954, 0.011938792668572389], [0.008912056499075165, 0.007482764419034807, 0.008365562468471498, 0.009500588532032958, 0.00924836051790819, 0.011350260635614595, 0.011392298637968723, 0.01530183285690264, 0.0, 0.013199932739196233, 0.01235917269211367, 0.012737514713300825, 0.012064906675634774, 0.013115856734487978], [0.00765091642845132, 0.005927358331932067, 0.008071296451992602, 0.008617790482596267, 0.010929880612073315, 0.010047082562636624, 0.010299310576761393, 0.012653438708592568, 0.013199932739196233, 0.0, 0.015554060871027408, 0.016016478896922818, 0.013746426769799898, 0.015007566840423743], [0.007146460400201783, 0.008407600470825626, 0.007524802421388936, 0.008365562468471498, 0.00790314444257609, 0.009626702539095342, 0.009416512527324701, 0.013326046746258619, 0.01235917269211367, 0.015554060871027408, 0.0, 0.01622666890869346, 0.015512022868673281, 0.016562972927526485], [0.006810156381368757, 0.007272574407264167, 0.00765091642845132, 0.007734992433159576, 0.00924836051790819, 0.007861106440221961, 0.009416512527324701, 0.012022868673280646, 0.012737514713300825, 0.016016478896922818, 0.01622666890869346, 0.0, 0.01639482091810997, 0.018286531024045736], [0.007230536404910039, 0.007230536404910039, 0.006726080376660501, 0.009584664536741214, 0.008870018496721036, 0.00992096855557424, 0.00920632251555406, 0.011140070623843954, 0.012064906675634774, 0.013746426769799898, 0.015512022868673281, 0.01639482091810997, 0.0, 0.0234572053136035], [0.006726080376660501, 0.006726080376660501, 0.006684042374306373, 0.007861106440221961, 0.008281486463763242, 0.010005044560282495, 0.009794854548511854, 0.011938792668572389, 0.013115856734487978, 0.015007566840423743, 0.016562972927526485, 0.018286531024045736, 0.0234572053136035, 0.0]], "sysname": ["SOURCE", "UFC", "IITB", "SJTU", "IPN", "RAC", "PKU", "AMU", "UMC", "NTHU", "POST", "CUUI", "NUCLEA", "CAMB"]}