{"counts": [[0.0, 0.01767243184387956, 0.01825872105197035, 0.013191507182042799, 0.011516395158926253, 0.010134427739855102, 0.010971983751413375, 0.008124293312115248, 0.008249926713848988, 0.00791490430922568, 0.006784203693622011, 0.0067004480924661835, 0.005988525482641652, 0.00619791448553122], [0.01767243184387956, 0.0, 0.0168767536328992, 0.012018928765861216, 0.011181372754302943, 0.011097617153147117, 0.011181372754302943, 0.008543071317894384, 0.008961849323673521, 0.007035470497089493, 0.006951714895933665, 0.007538004104024457, 0.007286737300556975, 0.00745424850286863], [0.01825872105197035, 0.0168767536328992, 0.0, 0.013819674190711504, 0.011223250554880857, 0.010846350349679635, 0.009841283135809707, 0.008626826919050212, 0.007412370702290716, 0.007370492901712802, 0.008208048913271076, 0.007370492901712802, 0.006532936890154529, 0.007328615101134889], [0.013191507182042799, 0.012018928765861216, 0.013819674190711504, 0.0, 0.014782863604003518, 0.011558272959504167, 0.010804472549101721, 0.009925038736965534, 0.009380627329452657, 0.008794338121361866, 0.008166171112693162, 0.008208048913271076, 0.00871058252020604, 0.008919971523095607], [0.011516395158926253, 0.011181372754302943, 0.011223250554880857, 0.014782863604003518, 0.0, 0.013275262783198627, 0.011767661962393735, 0.010301938942166758, 0.010260061141588844, 0.010260061141588844, 0.008794338121361866, 0.009129360525985175, 0.008878093722517693, 0.008919971523095607], [0.010134427739855102, 0.011097617153147117, 0.010846350349679635, 0.011558272959504167, 0.013275262783198627, 0.0, 0.013861551991289418, 0.01193517316470539, 0.01088822815025755, 0.010385694543322584, 0.009003727124251435, 0.008752460320783952, 0.00975752753465388, 0.009129360525985175], [0.010971983751413375, 0.011181372754302943, 0.009841283135809707, 0.010804472549101721, 0.011767661962393735, 0.013861551991289418, 0.0, 0.012563340173374094, 0.012018928765861216, 0.01009254993927719, 0.01067883914736798, 0.009045604924829347, 0.010385694543322584, 0.010260061141588844], [0.008124293312115248, 0.008543071317894384, 0.008626826919050212, 0.009925038736965534, 0.010301938942166758, 0.01193517316470539, 0.012563340173374094, 0.0, 0.014154696595334812, 0.012437706771640354, 0.01206080656643913, 0.012982118179153231, 0.01172578416181582, 0.011432639557770427], [0.008249926713848988, 0.008961849323673521, 0.007412370702290716, 0.009380627329452657, 0.010260061141588844, 0.01088822815025755, 0.012018928765861216, 0.014154696595334812, 0.0, 0.013149629381464885, 0.013484651786088195, 0.012144562167594958, 0.012353951170484526, 0.012982118179153231], [0.00791490430922568, 0.007035470497089493, 0.007370492901712802, 0.008794338121361866, 0.010260061141588844, 0.010385694543322584, 0.01009254993927719, 0.012437706771640354, 0.013149629381464885, 0.0, 0.0159554420201851, 0.015997319820763013, 0.013861551991289418, 0.01423845219649064], [0.006784203693622011, 0.006951714895933665, 0.008208048913271076, 0.008166171112693162, 0.008794338121361866, 0.009003727124251435, 0.01067883914736798, 0.01206080656643913, 0.013484651786088195, 0.0159554420201851, 0.0, 0.015494786213828049, 0.015327275011516395, 0.01675112023116546], [0.0067004480924661835, 0.007538004104024457, 0.007370492901712802, 0.008208048913271076, 0.009129360525985175, 0.008752460320783952, 0.009045604924829347, 0.012982118179153231, 0.012144562167594958, 0.015997319820763013, 0.015494786213828049, 0.0, 0.01758867624272373, 0.017128020436366683], [0.005988525482641652, 0.007286737300556975, 0.006532936890154529, 0.00871058252020604, 0.008878093722517693, 0.00975752753465388, 0.010385694543322584, 0.01172578416181582, 0.012353951170484526, 0.013861551991289418, 0.015327275011516395, 0.01758867624272373, 0.0, 0.02273964571380711], [0.00619791448553122, 0.00745424850286863, 0.007328615101134889, 0.008919971523095607, 0.008919971523095607, 0.009129360525985175, 0.010260061141588844, 0.011432639557770427, 0.012982118179153231, 0.01423845219649064, 0.01675112023116546, 0.017128020436366683, 0.02273964571380711, 0.0]], "sysname": ["SOURCE", "UFC", "IITB", "SJTU", "IPN", "RAC", "PKU", "AMU", "UMC", "NTHU", "POST", "CUUI", "NUCLEA", "CAMB"]}