{"counts": [[0.0, 0.02029879831113998, 0.014994045685828732, 0.012449929630832522, 0.010880155894771029, 0.01055537512179279, 0.011150806538919563, 0.008552560355093644, 0.008769080870412472, 0.008552560355093644, 0.005954314171267728, 0.006333225073075674, 0.006441485330735087, 0.006982786619032153], [0.02029879831113998, 0.0, 0.018241853415611128, 0.014452744397531666, 0.012666450146151347, 0.009202121901050124, 0.009526902674028365, 0.007794738551477752, 0.006170834686586554, 0.007578218036158926, 0.007469957778499512, 0.006062574428927141, 0.006116704557756847, 0.00671213597488362], [0.014994045685828732, 0.018241853415611128, 0.0, 0.013640792465086067, 0.012882970661470174, 0.010284724477644256, 0.01006820396232543, 0.00925625202987983, 0.008769080870412472, 0.006766266103713327, 0.00703691674786186, 0.007740608422648046, 0.006441485330735087, 0.0071451770055212735], [0.012449929630832522, 0.014452744397531666, 0.013640792465086067, 0.0, 0.014452744397531666, 0.011313196925408683, 0.012071018729024574, 0.008660820612753058, 0.009310382158709538, 0.00909386164339071, 0.00671213597488362, 0.008119519324455992, 0.008390169968604526, 0.008173649453285699], [0.010880155894771029, 0.012666450146151347, 0.012882970661470174, 0.014452744397531666, 0.0, 0.01277471040381076, 0.010771895637111617, 0.010826025765941324, 0.009959943704666017, 0.009147991772220417, 0.00925625202987983, 0.008444300097434233, 0.008552560355093644, 0.009635162931687778], [0.01055537512179279, 0.009202121901050124, 0.010284724477644256, 0.011313196925408683, 0.01277471040381076, 0.0, 0.012504059759662229, 0.012016888600194868, 0.011637977698386922, 0.011259066796578976, 0.011096676410089856, 0.009526902674028365, 0.009635162931687778, 0.00990581357583631], [0.011150806538919563, 0.009526902674028365, 0.01006820396232543, 0.012071018729024574, 0.010771895637111617, 0.012504059759662229, 0.0, 0.011746237956046335, 0.012341669373173108, 0.011962758471365163, 0.010176464219984844, 0.01006820396232543, 0.010230594348814551, 0.010826025765941324], [0.008552560355093644, 0.007794738551477752, 0.00925625202987983, 0.008660820612753058, 0.010826025765941324, 0.012016888600194868, 0.011746237956046335, 0.0, 0.0139114431092346, 0.013370141820937534, 0.013045361047959295, 0.012016888600194868, 0.012125148857854281, 0.012179278986683988], [0.008769080870412472, 0.006170834686586554, 0.008769080870412472, 0.009310382158709538, 0.009959943704666017, 0.011637977698386922, 0.012341669373173108, 0.0139114431092346, 0.0, 0.011962758471365163, 0.012558189888491935, 0.014561004655191079, 0.012341669373173108, 0.01326188156327812], [0.008552560355093644, 0.007578218036158926, 0.006766266103713327, 0.00909386164339071, 0.009147991772220417, 0.011259066796578976, 0.011962758471365163, 0.013370141820937534, 0.011962758471365163, 0.0, 0.014182093753383133, 0.015048175814658438, 0.0147233950416802, 0.013803182851575186], [0.005954314171267728, 0.007469957778499512, 0.00703691674786186, 0.00671213597488362, 0.00925625202987983, 0.011096676410089856, 0.010176464219984844, 0.013045361047959295, 0.012558189888491935, 0.014182093753383133, 0.0, 0.018025332900292304, 0.017050990581357582, 0.015210566201147559], [0.006333225073075674, 0.006062574428927141, 0.007740608422648046, 0.008119519324455992, 0.008444300097434233, 0.009526902674028365, 0.01006820396232543, 0.012016888600194868, 0.014561004655191079, 0.015048175814658438, 0.018025332900292304, 0.0, 0.015805997618274333, 0.01678033993720905], [0.006441485330735087, 0.006116704557756847, 0.006441485330735087, 0.008390169968604526, 0.008552560355093644, 0.009635162931687778, 0.010230594348814551, 0.012125148857854281, 0.012341669373173108, 0.0147233950416802, 0.017050990581357582, 0.015805997618274333, 0.0, 0.02349247591209267], [0.006982786619032153, 0.00671213597488362, 0.0071451770055212735, 0.008173649453285699, 0.009635162931687778, 0.00990581357583631, 0.010826025765941324, 0.012179278986683988, 0.01326188156327812, 0.013803182851575186, 0.015210566201147559, 0.01678033993720905, 0.02349247591209267, 0.0]], "sysname": ["SOURCE", "UFC", "IITB", "SJTU", "IPN", "RAC", "PKU", "AMU", "UMC", "NTHU", "CUUI", "POST", "NUCLEA", "CAMB"]}