{"sysname": ["SOURCE", "UFC", "IITB", "SJTU", "IPN", "RAC", "PKU", "AMU", "UMC", "NTHU", "POST", "CUUI", "NUCLEA", "CAMB"], "counts": [[0.0, 0.020101344277398552, 0.01825872105197035, 0.012772729176263663, 0.011893295364127476, 0.009548138531764313, 0.010511327945056326, 0.007035470497089493, 0.007873026508647766, 0.0076636375057581975, 0.006574814690732443, 0.0076636375057581975, 0.005946647682063738, 0.006365425687842875], [0.020101344277398552, 0.0, 0.017756187445035387, 0.013442773985510281, 0.01172578416181582, 0.009631894132920139, 0.009254993927718917, 0.00850119351731647, 0.007789270907491938, 0.0077055153063361114, 0.0067004480924661835, 0.006951714895933665, 0.006407303488420788, 0.0066585702918882704], [0.01825872105197035, 0.017756187445035387, 0.0, 0.012982118179153231, 0.012228317768750786, 0.010301938942166758, 0.010846350349679635, 0.008752460320783952, 0.008249926713848988, 0.007035470497089493, 0.006365425687842875, 0.007328615101134889, 0.007077348297667406, 0.006867959294777838], [0.012772729176263663, 0.013442773985510281, 0.012982118179153231, 0.0, 0.013694040788977763, 0.013484651786088195, 0.010301938942166758, 0.009966916537543448, 0.009925038736965534, 0.00988316093638762, 0.008082415511537334, 0.007244859499979061, 0.0077473931069140245, 0.008208048913271076], [0.011893295364127476, 0.01172578416181582, 0.012228317768750786, 0.013694040788977763, 0.0, 0.013526529586666109, 0.01252146237279618, 0.010804472549101721, 0.01009254993927719, 0.007831148708069852, 0.00871058252020604, 0.009087482725407261, 0.008208048913271076, 0.010427572343900498], [0.009548138531764313, 0.009631894132920139, 0.010301938942166758, 0.013484651786088195, 0.013526529586666109, 0.0, 0.012940240378575317, 0.011851417563549562, 0.012186439968172872, 0.00988316093638762, 0.010762594748523808, 0.009380627329452657, 0.009045604924829347, 0.00850119351731647], [0.010511327945056326, 0.009254993927718917, 0.010846350349679635, 0.010301938942166758, 0.01252146237279618, 0.012940240378575317, 0.0, 0.01273085137568575, 0.011348883956614599, 0.01021818334101093, 0.011390761757192513, 0.010050672138699276, 0.010134427739855102, 0.010176305540433016], [0.007035470497089493, 0.00850119351731647, 0.008752460320783952, 0.009966916537543448, 0.010804472549101721, 0.011851417563549562, 0.01273085137568575, 0.0, 0.014531596800536036, 0.013233384982620713, 0.011809539762971649, 0.011348883956614599, 0.011390761757192513, 0.013400896184932367], [0.007873026508647766, 0.007789270907491938, 0.008249926713848988, 0.009925038736965534, 0.01009254993927719, 0.012186439968172872, 0.011348883956614599, 0.014531596800536036, 0.0, 0.013735918589555677, 0.013317140583776541, 0.011181372754302943, 0.01239582897106244, 0.011893295364127476], [0.0076636375057581975, 0.0077055153063361114, 0.007035470497089493, 0.00988316093638762, 0.007831148708069852, 0.00988316093638762, 0.01021818334101093, 0.013233384982620713, 0.013735918589555677, 0.0, 0.01562041961556179, 0.016290464424808408, 0.013568407387244023, 0.015159763809204741], [0.006574814690732443, 0.0067004480924661835, 0.006365425687842875, 0.008082415511537334, 0.00871058252020604, 0.010762594748523808, 0.011390761757192513, 0.011809539762971649, 0.013317140583776541, 0.01562041961556179, 0.0, 0.01662548682943172, 0.016583609028853804, 0.015746053017295533], [0.0076636375057581975, 0.006951714895933665, 0.007328615101134889, 0.007244859499979061, 0.009087482725407261, 0.009380627329452657, 0.010050672138699276, 0.011348883956614599, 0.011181372754302943, 0.016290464424808408, 0.01662548682943172, 0.0, 0.017881820846769127, 0.0168767536328992], [0.005946647682063738, 0.006407303488420788, 0.007077348297667406, 0.0077473931069140245, 0.008208048913271076, 0.009045604924829347, 0.010134427739855102, 0.011390761757192513, 0.01239582897106244, 0.013568407387244023, 0.016583609028853804, 0.017881820846769127, 0.0, 0.024289124335189916], [0.006365425687842875, 0.0066585702918882704, 0.006867959294777838, 0.008208048913271076, 0.010427572343900498, 0.00850119351731647, 0.010176305540433016, 0.013400896184932367, 0.011893295364127476, 0.015159763809204741, 0.015746053017295533, 0.0168767536328992, 0.024289124335189916, 0.0]]}