{"counts": [[0.0, 0.017151504960484277, 0.01824449302169161, 0.013157894736842105, 0.011686564654447621, 0.010383386581469648, 0.010047082562636624, 0.008912056499075165, 0.008491676475533883, 0.007230536404910039, 0.006179586346056835, 0.0070623843954935265, 0.007608878426097192, 0.00651589036488986], [0.017151504960484277, 0.0, 0.018370607028753993, 0.013326046746258619, 0.012695476710946696, 0.010215234572053136, 0.00899613250378342, 0.00874390448965865, 0.00811333445434673, 0.008029258449638473, 0.007524802421388936, 0.006936270388431142, 0.00676811837901463, 0.006347738355473348], [0.01824449302169161, 0.018370607028753993, 0.0, 0.012022868673280646, 0.012443248696821927, 0.010467462586177905, 0.009542626534387085, 0.00924836051790819, 0.008281486463763242, 0.008239448461409114, 0.0065999663695981165, 0.006894232386077013, 0.006557928367243989, 0.006263662350765092], [0.013157894736842105, 0.013326046746258619, 0.012022868673280646, 0.0, 0.013326046746258619, 0.010887842609719187, 0.011434336640322852, 0.0097107785438036, 0.010677652597948546, 0.00920632251555406, 0.008870018496721036, 0.009836892550865983, 0.007524802421388936, 0.007945182444930216], [0.011686564654447621, 0.012695476710946696, 0.012443248696821927, 0.013326046746258619, 0.0, 0.012443248696821927, 0.012401210694467799, 0.010215234572053136, 0.01034134857911552, 0.009332436522616444, 0.008870018496721036, 0.008701866487304524, 0.008449638473179755, 0.009500588532032958], [0.010383386581469648, 0.010215234572053136, 0.010467462586177905, 0.010887842609719187, 0.012443248696821927, 0.0, 0.013241970741550362, 0.011518412645031109, 0.012863628720363209, 0.010089120564990752, 0.009836892550865983, 0.009500588532032958, 0.009584664536741214, 0.009752816546157726], [0.010047082562636624, 0.00899613250378342, 0.009542626534387085, 0.011434336640322852, 0.012401210694467799, 0.013241970741550362, 0.0, 0.011434336640322852, 0.01261140070623844, 0.010509500588532034, 0.01055153859088616, 0.00992096855557424, 0.012401210694467799, 0.010089120564990752], [0.008912056499075165, 0.00874390448965865, 0.00924836051790819, 0.0097107785438036, 0.010215234572053136, 0.011518412645031109, 0.011434336640322852, 0.0, 0.01328400874390449, 0.012317134689759543, 0.011854716663864133, 0.012317134689759543, 0.012275096687405415, 0.01353623675802926], [0.008491676475533883, 0.00811333445434673, 0.008281486463763242, 0.010677652597948546, 0.01034134857911552, 0.012863628720363209, 0.01261140070623844, 0.01328400874390449, 0.0, 0.01172860265680175, 0.011602488649739364, 0.012485286699176056, 0.011686564654447621, 0.01303178072977972], [0.007230536404910039, 0.008029258449638473, 0.008239448461409114, 0.00920632251555406, 0.009332436522616444, 0.010089120564990752, 0.010509500588532034, 0.012317134689759543, 0.01172860265680175, 0.0, 0.01597444089456869, 0.015091642845132, 0.014797376828653102, 0.014965528838069614], [0.006179586346056835, 0.007524802421388936, 0.0065999663695981165, 0.008870018496721036, 0.008870018496721036, 0.009836892550865983, 0.01055153859088616, 0.011854716663864133, 0.011602488649739364, 0.01597444089456869, 0.0, 0.01752984698167143, 0.015722212880443922, 0.016520934925172356], [0.0070623843954935265, 0.006936270388431142, 0.006894232386077013, 0.009836892550865983, 0.008701866487304524, 0.009500588532032958, 0.00992096855557424, 0.012317134689759543, 0.012485286699176056, 0.015091642845132, 0.01752984698167143, 0.0, 0.01483941483100723, 0.016941314948713638], [0.007608878426097192, 0.00676811837901463, 0.006557928367243989, 0.007524802421388936, 0.008449638473179755, 0.009584664536741214, 0.012401210694467799, 0.012275096687405415, 0.011686564654447621, 0.014797376828653102, 0.015722212880443922, 0.01483941483100723, 0.0, 0.022616445266520936], [0.00651589036488986, 0.006347738355473348, 0.006263662350765092, 0.007945182444930216, 0.009500588532032958, 0.009752816546157726, 0.010089120564990752, 0.01353623675802926, 0.01303178072977972, 0.014965528838069614, 0.016520934925172356, 0.016941314948713638, 0.022616445266520936, 0.0]], "sysname": ["SOURCE", "UFC", "IITB", "SJTU", "IPN", "RAC", "PKU", "UMC", "AMU", "NTHU", "CUUI", "POST", "NUCLEA", "CAMB"]}