{"sysname": ["SOURCE", "UFC", "IITB", "SJTU", "IPN", "RAC", "PKU", "AMU", "UMC", "NTHU", "CUUI", "POST", "NUCLEA", "CAMB"], "counts": [[0.0, 0.018295983544440834, 0.019703366894013207, 0.010880155894771029, 0.011746237956046335, 0.010501244992963083, 0.009472772545198658, 0.008011259066796578, 0.009039731514561005, 0.007632348164988633, 0.006766266103713327, 0.006928656490202446, 0.007578218036158926, 0.005304752625311248], [0.018295983544440834, 0.0, 0.017862942513803184, 0.012341669373173108, 0.011908628342535456, 0.009526902674028365, 0.008877341128071885, 0.008931471256901592, 0.008552560355093644, 0.010122334091155137, 0.006820396232543034, 0.006658005846053913, 0.00671213597488362, 0.006766266103713327], [0.019703366894013207, 0.017862942513803184, 0.0, 0.01423622388221284, 0.012179278986683988, 0.008985601385731299, 0.009635162931687778, 0.008552560355093644, 0.008065389195626285, 0.005737793655948901, 0.008227779582115406, 0.006766266103713327, 0.005142362238822128, 0.0068745263613727405], [0.010880155894771029, 0.012341669373173108, 0.01423622388221284, 0.0, 0.014398614268701959, 0.013640792465086067, 0.010771895637111617, 0.009689293060517483, 0.010122334091155137, 0.008931471256901592, 0.008336039839774819, 0.009689293060517483, 0.007253437263180686, 0.0073616975208401], [0.011746237956046335, 0.011908628342535456, 0.012179278986683988, 0.014398614268701959, 0.0, 0.013207751434448413, 0.012125148857854281, 0.010230594348814551, 0.010880155894771029, 0.009526902674028365, 0.007794738551477752, 0.008173649453285699, 0.008498430226263938, 0.009147991772220417], [0.010501244992963083, 0.009526902674028365, 0.008985601385731299, 0.013640792465086067, 0.013207751434448413, 0.0, 0.013694922593915774, 0.01104254628126015, 0.011692107827216629, 0.009581032802858071, 0.009689293060517483, 0.009472772545198658, 0.01071776550828191, 0.009851683447006604], [0.009472772545198658, 0.008877341128071885, 0.009635162931687778, 0.010771895637111617, 0.012125148857854281, 0.013694922593915774, 0.0, 0.012558189888491935, 0.012395799502002815, 0.01261232001732164, 0.012071018729024574, 0.009147991772220417, 0.00909386164339071, 0.010447114864133376], [0.008011259066796578, 0.008931471256901592, 0.008552560355093644, 0.009689293060517483, 0.010230594348814551, 0.01104254628126015, 0.012558189888491935, 0.0, 0.01261232001732164, 0.01342427194976724, 0.012882970661470174, 0.012016888600194868, 0.011908628342535456, 0.013370141820937534], [0.009039731514561005, 0.008552560355093644, 0.008065389195626285, 0.010122334091155137, 0.010880155894771029, 0.011692107827216629, 0.012395799502002815, 0.01261232001732164, 0.0, 0.01326188156327812, 0.012341669373173108, 0.012558189888491935, 0.012828840532640468, 0.012125148857854281], [0.007632348164988633, 0.010122334091155137, 0.005737793655948901, 0.008931471256901592, 0.009526902674028365, 0.009581032802858071, 0.01261232001732164, 0.01342427194976724, 0.01326188156327812, 0.0, 0.01488578542816932, 0.0139114431092346, 0.012395799502002815, 0.015318826458806972], [0.006766266103713327, 0.006820396232543034, 0.008227779582115406, 0.008336039839774819, 0.007794738551477752, 0.009689293060517483, 0.012071018729024574, 0.012882970661470174, 0.012341669373173108, 0.01488578542816932, 0.0, 0.017213380967846702, 0.015751867489444626, 0.016022518133593157], [0.006928656490202446, 0.006658005846053913, 0.006766266103713327, 0.009689293060517483, 0.008173649453285699, 0.009472772545198658, 0.009147991772220417, 0.012016888600194868, 0.012558189888491935, 0.0139114431092346, 0.017213380967846702, 0.0, 0.01791707264263289, 0.017159250839016996], [0.007578218036158926, 0.00671213597488362, 0.005142362238822128, 0.007253437263180686, 0.008498430226263938, 0.01071776550828191, 0.00909386164339071, 0.011908628342535456, 0.012828840532640468, 0.012395799502002815, 0.015751867489444626, 0.01791707264263289, 0.0, 0.024899859261665044], [0.005304752625311248, 0.006766266103713327, 0.0068745263613727405, 0.0073616975208401, 0.009147991772220417, 0.009851683447006604, 0.010447114864133376, 0.013370141820937534, 0.012125148857854281, 0.015318826458806972, 0.016022518133593157, 0.017159250839016996, 0.024899859261665044, 0.0]]}