{"sysname": ["IITB", "SJTU", "IPN", "RAC", "PKU", "UFC", "src", "JMGR", "UMC", "AMU", "NTHU", "CUUI", "POST", "NUCLEA", "CAMB"], "counts": [[0.0, 0.022449375687390825, 0.010415992754091998, 0.00970434107524099, 0.008022255288865887, 0.010221905932587178, 0.008927993789221713, 0.007634081645856246, 0.0084751245390438, 0.009574949860904444, 0.0084751245390438, 0.007439994824351427, 0.00711651678851006, 0.0073752992171831535, 0.006210778288154234], [0.022449375687390825, 0.0, 0.010351297146923724, 0.009639645468072718, 0.009380863039399626, 0.008927993789221713, 0.008345733324707252, 0.008863298182053439, 0.008669211360548618, 0.009057385003558259, 0.008539820146212072, 0.006275473895322507, 0.00711651678851006, 0.007439994824351427, 0.0075046904315197], [0.010415992754091998, 0.010351297146923724, 0.0, 0.01106294882577473, 0.009186776217894805, 0.008733906967716892, 0.010221905932587178, 0.009057385003558259, 0.009963123503914085, 0.009122080610726531, 0.008604515753380346, 0.009639645468072718, 0.007698777253024519, 0.007828168467361066, 0.009510254253736172], [0.00970434107524099, 0.009639645468072718, 0.01106294882577473, 0.0, 0.011645209290289189, 0.009963123503914085, 0.00989842789674581, 0.008798602574885165, 0.009251471825063078, 0.008863298182053439, 0.008733906967716892, 0.008604515753380346, 0.008669211360548618, 0.007892864074529339, 0.008927993789221713], [0.008022255288865887, 0.009380863039399626, 0.009186776217894805, 0.011645209290289189, 0.0, 0.009122080610726531, 0.009963123503914085, 0.00828103771753898, 0.009251471825063078, 0.009445558646567898, 0.00970434107524099, 0.009186776217894805, 0.009057385003558259, 0.00989842789674581, 0.009380863039399626], [0.010221905932587178, 0.008927993789221713, 0.008733906967716892, 0.009963123503914085, 0.009122080610726531, 0.0, 0.008863298182053439, 0.009316167432231352, 0.008733906967716892, 0.008345733324707252, 0.009574949860904444, 0.009122080610726531, 0.009186776217894805, 0.008992689396389985, 0.010351297146923724], [0.008927993789221713, 0.008345733324707252, 0.010221905932587178, 0.00989842789674581, 0.009963123503914085, 0.008863298182053439, 0.0, 0.009963123503914085, 0.010351297146923724, 0.009186776217894805, 0.008669211360548618, 0.009057385003558259, 0.007439994824351427, 0.007892864074529339, 0.009380863039399626], [0.007634081645856246, 0.008863298182053439, 0.009057385003558259, 0.008798602574885165, 0.00828103771753898, 0.009316167432231352, 0.009963123503914085, 0.0, 0.009251471825063078, 0.01048068836126027, 0.009380863039399626, 0.010027819111082357, 0.01048068836126027, 0.009769036682409265, 0.010351297146923724], [0.0084751245390438, 0.008669211360548618, 0.009963123503914085, 0.009251471825063078, 0.009251471825063078, 0.008733906967716892, 0.010351297146923724, 0.009251471825063078, 0.0, 0.009833732289577537, 0.010610079575596816, 0.00989842789674581, 0.009380863039399626, 0.009574949860904444, 0.009963123503914085], [0.009574949860904444, 0.009057385003558259, 0.009122080610726531, 0.008863298182053439, 0.009445558646567898, 0.008345733324707252, 0.009186776217894805, 0.01048068836126027, 0.009833732289577537, 0.0, 0.010545383968428544, 0.009316167432231352, 0.008345733324707252, 0.011127644432943003, 0.00989842789674581], [0.0084751245390438, 0.008539820146212072, 0.008604515753380346, 0.008733906967716892, 0.00970434107524099, 0.009574949860904444, 0.008669211360548618, 0.009380863039399626, 0.010610079575596816, 0.010545383968428544, 0.0, 0.010415992754091998, 0.011321731254447824, 0.009963123503914085, 0.009769036682409265], [0.007439994824351427, 0.006275473895322507, 0.009639645468072718, 0.008604515753380346, 0.009186776217894805, 0.009122080610726531, 0.009057385003558259, 0.010027819111082357, 0.00989842789674581, 0.009316167432231352, 0.010415992754091998, 0.0, 0.012421556576308468, 0.011321731254447824, 0.01145112246878437], [0.00711651678851006, 0.00711651678851006, 0.007698777253024519, 0.008669211360548618, 0.009057385003558259, 0.009186776217894805, 0.007439994824351427, 0.01048068836126027, 0.009380863039399626, 0.008345733324707252, 0.011321731254447824, 0.012421556576308468, 0.0, 0.013909555541178753, 0.014362424791356666], [0.0073752992171831535, 0.007439994824351427, 0.007828168467361066, 0.007892864074529339, 0.00989842789674581, 0.008992689396389985, 0.007892864074529339, 0.009769036682409265, 0.009574949860904444, 0.011127644432943003, 0.009963123503914085, 0.011321731254447824, 0.013909555541178753, 0.0, 0.015074076470207674], [0.006210778288154234, 0.0075046904315197, 0.009510254253736172, 0.008927993789221713, 0.009380863039399626, 0.010351297146923724, 0.009380863039399626, 0.010351297146923724, 0.009963123503914085, 0.00989842789674581, 0.009769036682409265, 0.01145112246878437, 0.014362424791356666, 0.015074076470207674, 0.0]]}