{"counts": [[0.0, 0.019757497022842914, 0.017538161740824943, 0.012828840532640468, 0.011800368084876042, 0.010284724477644256, 0.01039298473530367, 0.00784886868030746, 0.008065389195626285, 0.008065389195626285, 0.006008444300097434, 0.0074158276496698065, 0.005575403269459781, 0.006062574428927141], [0.019757497022842914, 0.0, 0.016563819421890225, 0.012287539244343402, 0.012937100790299881, 0.01006820396232543, 0.008931471256901592, 0.009039731514561005, 0.008606690483923351, 0.007902998809137167, 0.006603875717224207, 0.006982786619032153, 0.006333225073075674, 0.006820396232543034], [0.017538161740824943, 0.016563819421890225, 0.0, 0.01326188156327812, 0.013532532207426654, 0.010447114864133376, 0.009202121901050124, 0.007957128937966872, 0.008877341128071885, 0.0074158276496698065, 0.007199307134350979, 0.006928656490202446, 0.00703691674786186, 0.006766266103713327], [0.012828840532640468, 0.012287539244343402, 0.01326188156327812, 0.0, 0.014669264912850493, 0.01407383349572372, 0.012016888600194868, 0.010122334091155137, 0.010284724477644256, 0.007578218036158926, 0.008390169968604526, 0.006928656490202446, 0.006982786619032153, 0.008390169968604526], [0.011800368084876042, 0.012937100790299881, 0.013532532207426654, 0.014669264912850493, 0.0, 0.01358666233625636, 0.011529717440727508, 0.010122334091155137, 0.008985601385731299, 0.009364512287539244, 0.008606690483923351, 0.008552560355093644, 0.007902998809137167, 0.009039731514561005], [0.010284724477644256, 0.01006820396232543, 0.010447114864133376, 0.01407383349572372, 0.01358666233625636, 0.0, 0.012937100790299881, 0.01136732705423839, 0.010176464219984844, 0.00990581357583631, 0.00925625202987983, 0.010447114864133376, 0.01055537512179279, 0.008877341128071885], [0.01039298473530367, 0.008931471256901592, 0.009202121901050124, 0.012016888600194868, 0.011529717440727508, 0.012937100790299881, 0.0, 0.01277471040381076, 0.012071018729024574, 0.01136732705423839, 0.010176464219984844, 0.009364512287539244, 0.010988416152430442, 0.010663635379452203], [0.00784886868030746, 0.009039731514561005, 0.007957128937966872, 0.010122334091155137, 0.010122334091155137, 0.01136732705423839, 0.01277471040381076, 0.0, 0.014452744397531666, 0.012882970661470174, 0.011800368084876042, 0.01277471040381076, 0.012395799502002815, 0.011800368084876042], [0.008065389195626285, 0.008606690483923351, 0.008877341128071885, 0.010284724477644256, 0.008985601385731299, 0.010176464219984844, 0.012071018729024574, 0.014452744397531666, 0.0, 0.012504059759662229, 0.013207751434448413, 0.012125148857854281, 0.013316011692107827, 0.013099491176789001], [0.008065389195626285, 0.007902998809137167, 0.0074158276496698065, 0.007578218036158926, 0.009364512287539244, 0.00990581357583631, 0.01136732705423839, 0.012882970661470174, 0.012504059759662229, 0.0, 0.016184908520082277, 0.015427086716466386, 0.013532532207426654, 0.015048175814658438], [0.006008444300097434, 0.006603875717224207, 0.007199307134350979, 0.008390169968604526, 0.008606690483923351, 0.00925625202987983, 0.010176464219984844, 0.011800368084876042, 0.013207751434448413, 0.016184908520082277, 0.0, 0.01742990148316553, 0.01678033993720905, 0.017375771354335823], [0.0074158276496698065, 0.006982786619032153, 0.006928656490202446, 0.006928656490202446, 0.008552560355093644, 0.010447114864133376, 0.009364512287539244, 0.01277471040381076, 0.012125148857854281, 0.015427086716466386, 0.01742990148316553, 0.0, 0.016888600194868465, 0.017050990581357582], [0.005575403269459781, 0.006333225073075674, 0.00703691674786186, 0.006982786619032153, 0.007902998809137167, 0.01055537512179279, 0.010988416152430442, 0.012395799502002815, 0.013316011692107827, 0.013532532207426654, 0.01678033993720905, 0.016888600194868465, 0.0, 0.022518133593157953], [0.006062574428927141, 0.006820396232543034, 0.006766266103713327, 0.008390169968604526, 0.009039731514561005, 0.008877341128071885, 0.010663635379452203, 0.011800368084876042, 0.013099491176789001, 0.015048175814658438, 0.017375771354335823, 0.017050990581357582, 0.022518133593157953, 0.0]], "sysname": ["SOURCE", "UFC", "IITB", "SJTU", "IPN", "RAC", "PKU", "AMU", "UMC", "NTHU", "POST", "CUUI", "NUCLEA", "CAMB"]}