{"sysname": ["refmix1", "AMU", "CAMB", "RAC", "CUUI", "POST", "UFC", "PKU", "SOURCE", "IITB", "UMC", "SJTU", "NTHU", "IPN"], "counts": [[0.0, 0.014322573850771418, 0.014901795587383497, 0.01311147385603707, 0.0120056869043231, 0.012216312990363857, 0.010741930388078564, 0.010215365172976673, 0.010004739086935917, 0.01089989995260913, 0.010952556474119319, 0.010531304302037808, 0.009056921699752514, 0.008635669527671003], [0.014322573850771418, 0.0, 0.013006160813016691, 0.01311147385603707, 0.011163182560160075, 0.011637091253751777, 0.00926754778579327, 0.010952556474119319, 0.010215365172976673, 0.010110052129956295, 0.010320678215997052, 0.010057395608446106, 0.010478647780527619, 0.010057395608446106], [0.014901795587383497, 0.013006160813016691, 0.0, 0.012163656468853668, 0.01263756516244537, 0.012216312990363857, 0.010531304302037808, 0.010636617345058186, 0.010320678215997052, 0.010215365172976673, 0.01042599125901743, 0.01037333473750724, 0.00979411300089516, 0.010478647780527619], [0.01311147385603707, 0.01311147385603707, 0.012163656468853668, 0.0, 0.013269443420567637, 0.011689747775261966, 0.01089989995260913, 0.010004739086935917, 0.009478173871834026, 0.00879363909220157, 0.01142646516771102, 0.008583013006160814, 0.010741930388078564, 0.009952082565425728], [0.0120056869043231, 0.011163182560160075, 0.01263756516244537, 0.013269443420567637, 0.0, 0.011057869517139697, 0.010794586909588753, 0.010478647780527619, 0.010215365172976673, 0.010636617345058186, 0.010689273866568375, 0.00984676952240535, 0.010583960823547997, 0.010952556474119319], [0.012216312990363857, 0.011637091253751777, 0.012216312990363857, 0.011689747775261966, 0.011057869517139697, 0.0, 0.010741930388078564, 0.01089989995260913, 0.01142646516771102, 0.010794586909588753, 0.010110052129956295, 0.01042599125901743, 0.01042599125901743, 0.010320678215997052], [0.010741930388078564, 0.00926754778579327, 0.010531304302037808, 0.01089989995260913, 0.010794586909588753, 0.010741930388078564, 0.0, 0.011742404296772155, 0.010531304302037808, 0.009741456479384972, 0.010320678215997052, 0.010320678215997052, 0.010636617345058186, 0.011953030382812911], [0.010215365172976673, 0.010952556474119319, 0.010636617345058186, 0.010004739086935917, 0.010478647780527619, 0.01089989995260913, 0.011742404296772155, 0.0, 0.010689273866568375, 0.011268495603180453, 0.011373808646200832, 0.012268969511874046, 0.011584434732241588, 0.011163182560160075], [0.010004739086935917, 0.010215365172976673, 0.010320678215997052, 0.009478173871834026, 0.010215365172976673, 0.01142646516771102, 0.010531304302037808, 0.010689273866568375, 0.0, 0.011110526038649886, 0.011689747775261966, 0.010320678215997052, 0.01147912168922121, 0.010004739086935917], [0.01089989995260913, 0.010110052129956295, 0.010215365172976673, 0.00879363909220157, 0.010636617345058186, 0.010794586909588753, 0.009741456479384972, 0.011268495603180453, 0.011110526038649886, 0.0, 0.011584434732241588, 0.01042599125901743, 0.01205834342583329, 0.010531304302037808], [0.010952556474119319, 0.010320678215997052, 0.01042599125901743, 0.01142646516771102, 0.010689273866568375, 0.010110052129956295, 0.010320678215997052, 0.011373808646200832, 0.011689747775261966, 0.011584434732241588, 0.0, 0.011057869517139697, 0.011689747775261966, 0.012163656468853668], [0.010531304302037808, 0.010057395608446106, 0.01037333473750724, 0.008583013006160814, 0.00984676952240535, 0.01042599125901743, 0.010320678215997052, 0.012268969511874046, 0.010320678215997052, 0.01042599125901743, 0.011057869517139697, 0.0, 0.012690221683955559, 0.01263756516244537], [0.009056921699752514, 0.010478647780527619, 0.00979411300089516, 0.010741930388078564, 0.010583960823547997, 0.01042599125901743, 0.010636617345058186, 0.011584434732241588, 0.01147912168922121, 0.01205834342583329, 0.011689747775261966, 0.012690221683955559, 0.0, 0.013953978200200095], [0.008635669527671003, 0.010057395608446106, 0.010478647780527619, 0.009952082565425728, 0.010952556474119319, 0.010320678215997052, 0.011953030382812911, 0.011163182560160075, 0.010004739086935917, 0.010531304302037808, 0.012163656468853668, 0.01263756516244537, 0.013953978200200095, 0.0]]}