{"counts": [[0.0, 0.017971202771462597, 0.01791707264263289, 0.01358666233625636, 0.012179278986683988, 0.01136732705423839, 0.009147991772220417, 0.007740608422648046, 0.00784886868030746, 0.007253437263180686, 0.007578218036158926, 0.006170834686586554, 0.0074158276496698065, 0.006441485330735087], [0.017971202771462597, 0.0, 0.019270325863375556, 0.013694922593915774, 0.012071018729024574, 0.009797553318176897, 0.010230594348814551, 0.008769080870412472, 0.0073616975208401, 0.006928656490202446, 0.006062574428927141, 0.007199307134350979, 0.006495615459564794, 0.00638735520190538], [0.01791707264263289, 0.019270325863375556, 0.0, 0.012233409115513695, 0.011692107827216629, 0.010014073833495724, 0.010230594348814551, 0.009851683447006604, 0.0076864782938183395, 0.007794738551477752, 0.0073616975208401, 0.005250622496481542, 0.006008444300097434, 0.007524087907329219], [0.01358666233625636, 0.013694922593915774, 0.012233409115513695, 0.0, 0.012991230919129588, 0.011800368084876042, 0.011259066796578976, 0.009472772545198658, 0.010447114864133376, 0.008281909710945112, 0.007578218036158926, 0.008281909710945112, 0.008714950741582765, 0.009147991772220417], [0.012179278986683988, 0.012071018729024574, 0.011692107827216629, 0.012991230919129588, 0.0, 0.013694922593915774, 0.012666450146151347, 0.010663635379452203, 0.00990581357583631, 0.009418642416368951, 0.008877341128071885, 0.009310382158709538, 0.008227779582115406, 0.008660820612753058], [0.01136732705423839, 0.009797553318176897, 0.010014073833495724, 0.011800368084876042, 0.013694922593915774, 0.0, 0.014669264912850493, 0.011529717440727508, 0.010771895637111617, 0.010176464219984844, 0.010284724477644256, 0.00909386164339071, 0.008660820612753058, 0.009689293060517483], [0.009147991772220417, 0.010230594348814551, 0.010230594348814551, 0.011259066796578976, 0.012666450146151347, 0.014669264912850493, 0.0, 0.012125148857854281, 0.011475587311897802, 0.010880155894771029, 0.01071776550828191, 0.009526902674028365, 0.009959943704666017, 0.01006820396232543], [0.007740608422648046, 0.008769080870412472, 0.009851683447006604, 0.009472772545198658, 0.010663635379452203, 0.011529717440727508, 0.012125148857854281, 0.0, 0.015264696329977265, 0.012504059759662229, 0.012233409115513695, 0.01342427194976724, 0.011583847569557215, 0.010338854606473963], [0.00784886868030746, 0.0073616975208401, 0.0076864782938183395, 0.010447114864133376, 0.00990581357583631, 0.010771895637111617, 0.011475587311897802, 0.015264696329977265, 0.0, 0.01407383349572372, 0.012179278986683988, 0.013640792465086067, 0.012882970661470174, 0.012395799502002815], [0.007253437263180686, 0.006928656490202446, 0.007794738551477752, 0.008281909710945112, 0.009418642416368951, 0.010176464219984844, 0.010880155894771029, 0.012504059759662229, 0.01407383349572372, 0.0, 0.01645555916423081, 0.014561004655191079, 0.013153621305618708, 0.015264696329977265], [0.007578218036158926, 0.006062574428927141, 0.0073616975208401, 0.007578218036158926, 0.008877341128071885, 0.010284724477644256, 0.01071776550828191, 0.012233409115513695, 0.012179278986683988, 0.01645555916423081, 0.0, 0.01661794955071993, 0.016672079679549638, 0.016347298906571398], [0.006170834686586554, 0.007199307134350979, 0.005250622496481542, 0.008281909710945112, 0.009310382158709538, 0.00909386164339071, 0.009526902674028365, 0.01342427194976724, 0.013640792465086067, 0.014561004655191079, 0.01661794955071993, 0.0, 0.01742990148316553, 0.017700552127314063], [0.0074158276496698065, 0.006495615459564794, 0.006008444300097434, 0.008714950741582765, 0.008227779582115406, 0.008660820612753058, 0.009959943704666017, 0.011583847569557215, 0.012882970661470174, 0.013153621305618708, 0.016672079679549638, 0.01742990148316553, 0.0, 0.023708996427411498], [0.006441485330735087, 0.00638735520190538, 0.007524087907329219, 0.009147991772220417, 0.008660820612753058, 0.009689293060517483, 0.01006820396232543, 0.010338854606473963, 0.012395799502002815, 0.015264696329977265, 0.016347298906571398, 0.017700552127314063, 0.023708996427411498, 0.0]], "sysname": ["SOURCE", "UFC", "IITB", "SJTU", "IPN", "RAC", "PKU", "AMU", "UMC", "NTHU", "POST", "CUUI", "NUCLEA", "CAMB"]}