{"counts": [[0.0, 0.01613077839125257, 0.013965573238064306, 0.012071018729024574, 0.012125148857854281, 0.011908628342535456, 0.01071776550828191, 0.010880155894771029, 0.010880155894771029, 0.01039298473530367, 0.009039731514561005, 0.010230594348814551, 0.01039298473530367, 0.010934286023600736], [0.01613077839125257, 0.0, 0.013640792465086067, 0.012287539244343402, 0.012449929630832522, 0.01277471040381076, 0.009851683447006604, 0.01120493666774927, 0.010663635379452203, 0.011150806538919563, 0.008769080870412472, 0.009364512287539244, 0.01039298473530367, 0.00974342318934719], [0.013965573238064306, 0.013640792465086067, 0.0, 0.012233409115513695, 0.012395799502002815, 0.012071018729024574, 0.011637977698386922, 0.010771895637111617, 0.011692107827216629, 0.00990581357583631, 0.009202121901050124, 0.009310382158709538, 0.008606690483923351, 0.00974342318934719], [0.012071018729024574, 0.012287539244343402, 0.012233409115513695, 0.0, 0.012233409115513695, 0.012395799502002815, 0.011637977698386922, 0.009689293060517483, 0.010284724477644256, 0.01071776550828191, 0.009797553318176897, 0.01071776550828191, 0.010176464219984844, 0.009147991772220417], [0.012125148857854281, 0.012449929630832522, 0.012395799502002815, 0.012233409115513695, 0.0, 0.012558189888491935, 0.01136732705423839, 0.010934286023600736, 0.011637977698386922, 0.009581032802858071, 0.010609505250622497, 0.010771895637111617, 0.008714950741582765, 0.008823210999242178], [0.011908628342535456, 0.01277471040381076, 0.012071018729024574, 0.012395799502002815, 0.012558189888491935, 0.0, 0.012558189888491935, 0.011259066796578976, 0.010880155894771029, 0.010663635379452203, 0.009526902674028365, 0.009364512287539244, 0.009202121901050124, 0.010230594348814551], [0.01071776550828191, 0.009851683447006604, 0.011637977698386922, 0.011637977698386922, 0.01136732705423839, 0.012558189888491935, 0.0, 0.011746237956046335, 0.012125148857854281, 0.009581032802858071, 0.00990581357583631, 0.009851683447006604, 0.01055537512179279, 0.01055537512179279], [0.010880155894771029, 0.01120493666774927, 0.010771895637111617, 0.009689293060517483, 0.010934286023600736, 0.011259066796578976, 0.011746237956046335, 0.0, 0.011421457183068095, 0.011150806538919563, 0.01136732705423839, 0.01055537512179279, 0.010284724477644256, 0.01104254628126015], [0.010880155894771029, 0.010663635379452203, 0.011692107827216629, 0.010284724477644256, 0.011637977698386922, 0.010880155894771029, 0.012125148857854281, 0.011421457183068095, 0.0, 0.011313196925408683, 0.010284724477644256, 0.010447114864133376, 0.009851683447006604, 0.010771895637111617], [0.01039298473530367, 0.011150806538919563, 0.00990581357583631, 0.01071776550828191, 0.009581032802858071, 0.010663635379452203, 0.009581032802858071, 0.011150806538919563, 0.011313196925408683, 0.0, 0.011746237956046335, 0.010663635379452203, 0.011746237956046335, 0.011313196925408683], [0.009039731514561005, 0.008769080870412472, 0.009202121901050124, 0.009797553318176897, 0.010609505250622497, 0.009526902674028365, 0.00990581357583631, 0.01136732705423839, 0.010284724477644256, 0.011746237956046335, 0.0, 0.013153621305618708, 0.013153621305618708, 0.012071018729024574], [0.010230594348814551, 0.009364512287539244, 0.009310382158709538, 0.01071776550828191, 0.010771895637111617, 0.009364512287539244, 0.009851683447006604, 0.01055537512179279, 0.010447114864133376, 0.010663635379452203, 0.013153621305618708, 0.0, 0.012449929630832522, 0.012287539244343402], [0.01039298473530367, 0.01039298473530367, 0.008606690483923351, 0.010176464219984844, 0.008714950741582765, 0.009202121901050124, 0.01055537512179279, 0.010284724477644256, 0.009851683447006604, 0.011746237956046335, 0.013153621305618708, 0.012449929630832522, 0.0, 0.01358666233625636], [0.010934286023600736, 0.00974342318934719, 0.00974342318934719, 0.009147991772220417, 0.008823210999242178, 0.010230594348814551, 0.01055537512179279, 0.01104254628126015, 0.010771895637111617, 0.011313196925408683, 0.012071018729024574, 0.012287539244343402, 0.01358666233625636, 0.0]], "sysname": ["NUCLEA", "CAMB", "CUUI", "AMU", "POST", "NTHU", "RAC", "PKU", "UMC", "SJTU", "IITB", "UFC", "SOURCE", "IPN"]}