{"sysname": ["SOURCE", "UFC", "IITB", "SJTU", "IPN", "RAC", "PKU", "AMU", "UMC", "NTHU", "POST", "CUUI", "NUCLEA", "CAMB"], "counts": [[0.0, 0.01767243184387956, 0.016583609028853804, 0.012605217973952008, 0.01172578416181582, 0.011767661962393735, 0.010343816742744672, 0.00871058252020604, 0.007286737300556975, 0.007789270907491938, 0.008166171112693162, 0.007161103898823234, 0.00586289208090791, 0.006784203693622011], [0.01767243184387956, 0.0, 0.017714309644457474, 0.011809539762971649, 0.011265128355458771, 0.011683906361237908, 0.01055320574563424, 0.00883621592193978, 0.00791490430922568, 0.0077055153063361114, 0.007873026508647766, 0.0066166924913103565, 0.006407303488420788, 0.006742325893044097], [0.016583609028853804, 0.017714309644457474, 0.0, 0.01252146237279618, 0.012228317768750786, 0.010846350349679635, 0.01101386155199129, 0.009925038736965534, 0.008333682315004816, 0.006826081494199924, 0.006826081494199924, 0.006239792286109134, 0.007035470497089493, 0.007496126303446543], [0.012605217973952008, 0.011809539762971649, 0.01252146237279618, 0.0, 0.013191507182042799, 0.012228317768750786, 0.012772729176263663, 0.010511327945056326, 0.008584949118472298, 0.009213116127141003, 0.008459315716738558, 0.008668704719628125, 0.00791490430922568, 0.009464382930608485], [0.01172578416181582, 0.011265128355458771, 0.012228317768750786, 0.013191507182042799, 0.0, 0.012982118179153231, 0.01239582897106244, 0.01206080656643913, 0.01055320574563424, 0.00988316093638762, 0.008459315716738558, 0.009213116127141003, 0.008459315716738558, 0.008668704719628125], [0.011767661962393735, 0.011683906361237908, 0.010846350349679635, 0.012228317768750786, 0.012982118179153231, 0.0, 0.013568407387244023, 0.010595083546212154, 0.011055739352569203, 0.009590016332342225, 0.009841283135809707, 0.0077473931069140245, 0.009129360525985175, 0.010008794338121362], [0.010343816742744672, 0.01055320574563424, 0.01101386155199129, 0.012772729176263663, 0.01239582897106244, 0.013568407387244023, 0.0, 0.011683906361237908, 0.010427572343900498, 0.01009254993927719, 0.010971983751413375, 0.009129360525985175, 0.00988316093638762, 0.009925038736965534], [0.00871058252020604, 0.00883621592193978, 0.009925038736965534, 0.010511327945056326, 0.01206080656643913, 0.010595083546212154, 0.011683906361237908, 0.0, 0.01377779639013359, 0.012102684367017044, 0.012144562167594958, 0.011893295364127476, 0.01252146237279618, 0.010762594748523808], [0.007286737300556975, 0.00791490430922568, 0.008333682315004816, 0.008584949118472298, 0.01055320574563424, 0.011055739352569203, 0.010427572343900498, 0.01377779639013359, 0.0, 0.013023995979731145, 0.013819674190711504, 0.014322207797646468, 0.013359018384354453, 0.013233384982620713], [0.007789270907491938, 0.0077055153063361114, 0.006826081494199924, 0.009213116127141003, 0.00988316093638762, 0.009590016332342225, 0.01009254993927719, 0.012102684367017044, 0.013023995979731145, 0.0, 0.014447841199380208, 0.01608107542191884, 0.014992252606893085, 0.015452908413250137], [0.008166171112693162, 0.007873026508647766, 0.006826081494199924, 0.008459315716738558, 0.008459315716738558, 0.009841283135809707, 0.010971983751413375, 0.012144562167594958, 0.013819674190711504, 0.014447841199380208, 0.0, 0.015076008208048913, 0.015662297416139705, 0.016122953222496756], [0.007161103898823234, 0.0066166924913103565, 0.006239792286109134, 0.008668704719628125, 0.009213116127141003, 0.0077473931069140245, 0.009129360525985175, 0.011893295364127476, 0.014322207797646468, 0.01608107542191884, 0.015076008208048913, 0.0, 0.01767243184387956, 0.017714309644457474], [0.00586289208090791, 0.006407303488420788, 0.007035470497089493, 0.00791490430922568, 0.008459315716738558, 0.009129360525985175, 0.00988316093638762, 0.01252146237279618, 0.013359018384354453, 0.014992252606893085, 0.015662297416139705, 0.01767243184387956, 0.0, 0.021608945098203443], [0.006784203693622011, 0.006742325893044097, 0.007496126303446543, 0.009464382930608485, 0.008668704719628125, 0.010008794338121362, 0.009925038736965534, 0.010762594748523808, 0.013233384982620713, 0.015452908413250137, 0.016122953222496756, 0.017714309644457474, 0.021608945098203443, 0.0]]}