{"sysname": ["IITB", "SJTU", "PKU", "RAC", "JMGR", "IPN", "UFC", "AMU", "src", "UMC", "NTHU", "CUUI", "NUCLEA", "POST", "CAMB"], "counts": [[0.0, 0.01940868215048198, 0.010415992754091998, 0.013327295076664294, 0.00989842789674581, 0.009574949860904444, 0.009574949860904444, 0.00828103771753898, 0.009122080610726531, 0.006793038752668693, 0.007698777253024519, 0.007245908002846606, 0.00731060361001488, 0.006016691466649415, 0.006469560716827328], [0.01940868215048198, 0.0, 0.013003817040822927, 0.009510254253736172, 0.010351297146923724, 0.008410428931875526, 0.008410428931875526, 0.009186776217894805, 0.008539820146212072, 0.008927993789221713, 0.007569386038687973, 0.006987125574173514, 0.007634081645856246, 0.00731060361001488, 0.007892864074529339], [0.010415992754091998, 0.013003817040822927, 0.0, 0.010221905932587178, 0.008927993789221713, 0.009251471825063078, 0.009574949860904444, 0.009122080610726531, 0.008927993789221713, 0.009251471825063078, 0.009445558646567898, 0.00828103771753898, 0.007698777253024519, 0.008604515753380346, 0.009445558646567898], [0.013327295076664294, 0.009510254253736172, 0.010221905932587178, 0.0, 0.010157210325418903, 0.009510254253736172, 0.009639645468072718, 0.01086886200426991, 0.008927993789221713, 0.009122080610726531, 0.008733906967716892, 0.008151646503202433, 0.008410428931875526, 0.00711651678851006, 0.007245908002846606], [0.00989842789674581, 0.010351297146923724, 0.008927993789221713, 0.010157210325418903, 0.0, 0.00970434107524099, 0.009057385003558259, 0.010415992754091998, 0.009316167432231352, 0.009316167432231352, 0.010415992754091998, 0.008410428931875526, 0.008539820146212072, 0.008733906967716892, 0.009186776217894805], [0.009574949860904444, 0.008410428931875526, 0.009251471825063078, 0.009510254253736172, 0.00970434107524099, 0.0, 0.009380863039399626, 0.010092514718250631, 0.008992689396389985, 0.008992689396389985, 0.009833732289577537, 0.007957559681697613, 0.010933557611438183, 0.009510254253736172, 0.0084751245390438], [0.009574949860904444, 0.008410428931875526, 0.009574949860904444, 0.009639645468072718, 0.009057385003558259, 0.009380863039399626, 0.0, 0.009380863039399626, 0.009122080610726531, 0.009057385003558259, 0.008798602574885165, 0.008992689396389985, 0.007892864074529339, 0.00828103771753898, 0.008604515753380346], [0.00828103771753898, 0.009186776217894805, 0.009122080610726531, 0.01086886200426991, 0.010415992754091998, 0.010092514718250631, 0.009380863039399626, 0.0, 0.010157210325418903, 0.009445558646567898, 0.009510254253736172, 0.009833732289577537, 0.008863298182053439, 0.008733906967716892, 0.0084751245390438], [0.009122080610726531, 0.008539820146212072, 0.008927993789221713, 0.008927993789221713, 0.009316167432231352, 0.008992689396389985, 0.009122080610726531, 0.010157210325418903, 0.0, 0.008410428931875526, 0.008539820146212072, 0.008798602574885165, 0.009380863039399626, 0.009574949860904444, 0.008669211360548618], [0.006793038752668693, 0.008927993789221713, 0.009251471825063078, 0.009122080610726531, 0.009316167432231352, 0.008992689396389985, 0.009057385003558259, 0.009445558646567898, 0.008410428931875526, 0.0, 0.010804166397101637, 0.01048068836126027, 0.011774600504625737, 0.01125703564727955, 0.011709904897457463], [0.007698777253024519, 0.007569386038687973, 0.009445558646567898, 0.008733906967716892, 0.010415992754091998, 0.009833732289577537, 0.008798602574885165, 0.009510254253736172, 0.008539820146212072, 0.010804166397101637, 0.0, 0.011127644432943003, 0.010610079575596816, 0.00970434107524099, 0.011192340040111276], [0.007245908002846606, 0.006987125574173514, 0.00828103771753898, 0.008151646503202433, 0.008410428931875526, 0.007957559681697613, 0.008992689396389985, 0.009833732289577537, 0.008798602574885165, 0.01048068836126027, 0.011127644432943003, 0.0, 0.012680339004981563, 0.013003817040822927, 0.013909555541178753], [0.00731060361001488, 0.007634081645856246, 0.007698777253024519, 0.008410428931875526, 0.008539820146212072, 0.010933557611438183, 0.007892864074529339, 0.008863298182053439, 0.009380863039399626, 0.011774600504625737, 0.010610079575596816, 0.012680339004981563, 0.0, 0.01345668629100084, 0.014556511612861487], [0.006016691466649415, 0.00731060361001488, 0.008604515753380346, 0.00711651678851006, 0.008733906967716892, 0.009510254253736172, 0.00828103771753898, 0.008733906967716892, 0.009574949860904444, 0.01125703564727955, 0.00970434107524099, 0.013003817040822927, 0.01345668629100084, 0.0, 0.01643268422074141], [0.006469560716827328, 0.007892864074529339, 0.009445558646567898, 0.007245908002846606, 0.009186776217894805, 0.0084751245390438, 0.008604515753380346, 0.0084751245390438, 0.008669211360548618, 0.011709904897457463, 0.011192340040111276, 0.013909555541178753, 0.014556511612861487, 0.01643268422074141, 0.0]]}