{"sysname": ["CAMB", "NUCLEA", "POST", "CUUI", "NTHU", "UMC", "AMU", "PKU", "RAC", "IPN", "SJTU", "IITB", "UFC", "SOURCE"], "counts": [[0.0, 0.030475262531124824, 0.014939915556999025, 0.015805997618274333, 0.013316011692107827, 0.013857312980404893, 0.011637977698386922, 0.009526902674028365, 0.00909386164339071, 0.007199307134350979, 0.006928656490202446, 0.006982786619032153, 0.00671213597488362, 0.006766266103713327], [0.030475262531124824, 0.0, 0.01488578542816932, 0.014777525170509906, 0.015264696329977265, 0.010122334091155137, 0.011637977698386922, 0.00990581357583631, 0.010338854606473963, 0.006333225073075674, 0.008336039839774819, 0.007091046876691567, 0.005954314171267728, 0.005737793655948901], [0.014939915556999025, 0.01488578542816932, 0.0, 0.01683447006603876, 0.0147233950416802, 0.014561004655191079, 0.013099491176789001, 0.011583847569557215, 0.009364512287539244, 0.009635162931687778, 0.008390169968604526, 0.006008444300097434, 0.007199307134350979, 0.006441485330735087], [0.015805997618274333, 0.014777525170509906, 0.01683447006603876, 0.0, 0.014290354011042547, 0.013478402078596947, 0.013099491176789001, 0.011313196925408683, 0.009851683447006604, 0.008336039839774819, 0.007957128937966872, 0.00703691674786186, 0.006820396232543034, 0.006820396232543034], [0.013316011692107827, 0.015264696329977265, 0.0147233950416802, 0.014290354011042547, 0.0, 0.01358666233625636, 0.013370141820937534, 0.012828840532640468, 0.011313196925408683, 0.010663635379452203, 0.008769080870412472, 0.007091046876691567, 0.006224964815416261, 0.006441485330735087], [0.013857312980404893, 0.010122334091155137, 0.014561004655191079, 0.013478402078596947, 0.01358666233625636, 0.0, 0.0139114431092346, 0.013640792465086067, 0.011313196925408683, 0.008985601385731299, 0.00990581357583631, 0.00703691674786186, 0.007794738551477752, 0.0074158276496698065], [0.011637977698386922, 0.011637977698386922, 0.013099491176789001, 0.013099491176789001, 0.013370141820937534, 0.0139114431092346, 0.0, 0.012287539244343402, 0.01277471040381076, 0.011692107827216629, 0.008444300097434233, 0.0076864782938183395, 0.008227779582115406, 0.008065389195626285], [0.009526902674028365, 0.00990581357583631, 0.011583847569557215, 0.011313196925408683, 0.012828840532640468, 0.013640792465086067, 0.012287539244343402, 0.0, 0.014127963624553427, 0.012071018729024574, 0.01071776550828191, 0.009039731514561005, 0.008444300097434233, 0.009202121901050124], [0.00909386164339071, 0.010338854606473963, 0.009364512287539244, 0.009851683447006604, 0.011313196925408683, 0.011313196925408683, 0.01277471040381076, 0.014127963624553427, 0.0, 0.011962758471365163, 0.012179278986683988, 0.011150806538919563, 0.010880155894771029, 0.008336039839774819], [0.007199307134350979, 0.006333225073075674, 0.009635162931687778, 0.008336039839774819, 0.010663635379452203, 0.008985601385731299, 0.011692107827216629, 0.012071018729024574, 0.011962758471365163, 0.0, 0.014182093753383133, 0.012937100790299881, 0.013153621305618708, 0.014019703366894013], [0.006928656490202446, 0.008336039839774819, 0.008390169968604526, 0.007957128937966872, 0.008769080870412472, 0.00990581357583631, 0.008444300097434233, 0.01071776550828191, 0.012179278986683988, 0.014182093753383133, 0.0, 0.014831655299339613, 0.01423622388221284, 0.01277471040381076], [0.006982786619032153, 0.007091046876691567, 0.006008444300097434, 0.00703691674786186, 0.007091046876691567, 0.00703691674786186, 0.0076864782938183395, 0.009039731514561005, 0.011150806538919563, 0.012937100790299881, 0.014831655299339613, 0.0, 0.016888600194868465, 0.01921619573454585], [0.00671213597488362, 0.005954314171267728, 0.007199307134350979, 0.006820396232543034, 0.006224964815416261, 0.007794738551477752, 0.008227779582115406, 0.008444300097434233, 0.010880155894771029, 0.013153621305618708, 0.01423622388221284, 0.016888600194868465, 0.0, 0.019703366894013207], [0.006766266103713327, 0.005737793655948901, 0.006441485330735087, 0.006820396232543034, 0.006441485330735087, 0.0074158276496698065, 0.008065389195626285, 0.009202121901050124, 0.008336039839774819, 0.014019703366894013, 0.01277471040381076, 0.01921619573454585, 0.019703366894013207, 0.0]]}