{"sysname": ["SOURCE", "UFC", "IITB", "SJTU", "IPN", "RAC", "PKU", "AMU", "UMC", "NTHU", "POST", "CUUI", "NUCLEA", "CAMB"], "counts": [[0.0, 0.017756187445035387, 0.01800745424850287, 0.01252146237279618, 0.012647095774529922, 0.010930105950835461, 0.009213116127141003, 0.008752460320783952, 0.008291804514426902, 0.006574814690732443, 0.006574814690732443, 0.007202981699401147, 0.0066166924913103565, 0.006449181288998702], [0.017756187445035387, 0.0, 0.016960509234055027, 0.012898362577997403, 0.011893295364127476, 0.011055739352569203, 0.01009254993927719, 0.008878093722517693, 0.008543071317894384, 0.007538004104024457, 0.006030403283219565, 0.007202981699401147, 0.0066585702918882704, 0.007328615101134889], [0.01800745424850287, 0.016960509234055027, 0.0, 0.01377779639013359, 0.012270195569328698, 0.010301938942166758, 0.009464382930608485, 0.008794338121361866, 0.008543071317894384, 0.0055697474768625155, 0.007998659910381506, 0.006742325893044097, 0.006867959294777838, 0.007496126303446543], [0.01252146237279618, 0.012898362577997403, 0.01377779639013359, 0.0, 0.0141128187947569, 0.012144562167594958, 0.012605217973952008, 0.009380627329452657, 0.009715649734075966, 0.00942250513003057, 0.008208048913271076, 0.006867959294777838, 0.007496126303446543, 0.008417437916160644], [0.012647095774529922, 0.011893295364127476, 0.012270195569328698, 0.0141128187947569, 0.0, 0.011558272959504167, 0.012605217973952008, 0.009925038736965534, 0.010008794338121362, 0.010846350349679635, 0.009045604924829347, 0.008543071317894384, 0.008249926713848988, 0.008459315716738558], [0.010930105950835461, 0.011055739352569203, 0.010301938942166758, 0.012144562167594958, 0.011558272959504167, 0.0, 0.013400896184932367, 0.011307006156036685, 0.011767661962393735, 0.009548138531764313, 0.009925038736965534, 0.009966916537543448, 0.009590016332342225, 0.010008794338121362], [0.009213116127141003, 0.01009254993927719, 0.009464382930608485, 0.012605217973952008, 0.012605217973952008, 0.013400896184932367, 0.0, 0.01239582897106244, 0.01160015076008208, 0.010846350349679635, 0.010930105950835461, 0.009966916537543448, 0.010176305540433016, 0.00975752753465388], [0.008752460320783952, 0.008878093722517693, 0.008794338121361866, 0.009380627329452657, 0.009925038736965534, 0.011307006156036685, 0.01239582897106244, 0.0, 0.013861551991289418, 0.013317140583776541, 0.013359018384354453, 0.01160015076008208, 0.011977050965283304, 0.012270195569328698], [0.008291804514426902, 0.008543071317894384, 0.008543071317894384, 0.009715649734075966, 0.010008794338121362, 0.011767661962393735, 0.01160015076008208, 0.013861551991289418, 0.0, 0.013149629381464885, 0.01193517316470539, 0.012940240378575317, 0.011893295364127476, 0.013610285187821935], [0.006574814690732443, 0.007538004104024457, 0.0055697474768625155, 0.00942250513003057, 0.010846350349679635, 0.009548138531764313, 0.010846350349679635, 0.013317140583776541, 0.013149629381464885, 0.0, 0.015536664014405963, 0.015411030612672223, 0.01469910800284769, 0.014950374806315172], [0.006574814690732443, 0.006030403283219565, 0.007998659910381506, 0.008208048913271076, 0.009045604924829347, 0.009925038736965534, 0.010930105950835461, 0.013359018384354453, 0.01193517316470539, 0.015536664014405963, 0.0, 0.016667364630009632, 0.0159554420201851, 0.015913564219607185], [0.007202981699401147, 0.007202981699401147, 0.006742325893044097, 0.006867959294777838, 0.008543071317894384, 0.009966916537543448, 0.009966916537543448, 0.01160015076008208, 0.012940240378575317, 0.015411030612672223, 0.016667364630009632, 0.0, 0.017881820846769127, 0.016709242430587544], [0.0066166924913103565, 0.0066585702918882704, 0.006867959294777838, 0.007496126303446543, 0.008249926713848988, 0.009590016332342225, 0.010176305540433016, 0.011977050965283304, 0.011893295364127476, 0.01469910800284769, 0.0159554420201851, 0.017881820846769127, 0.0, 0.023116545919008333], [0.006449181288998702, 0.007328615101134889, 0.007496126303446543, 0.008417437916160644, 0.008459315716738558, 0.010008794338121362, 0.00975752753465388, 0.012270195569328698, 0.013610285187821935, 0.014950374806315172, 0.015913564219607185, 0.016709242430587544, 0.023116545919008333, 0.0]]}