{"counts": [[0.0, 0.017881820846769127, 0.01767243184387956, 0.014029063193601072, 0.011097617153147117, 0.009087482725407261, 0.009715649734075966, 0.00871058252020604, 0.009464382930608485, 0.006491059089576616, 0.007328615101134889, 0.007496126303446543, 0.006742325893044097, 0.006951714895933665], [0.017881820846769127, 0.0, 0.018049332049080782, 0.012898362577997403, 0.011851417563549562, 0.010930105950835461, 0.010511327945056326, 0.009129360525985175, 0.00804053771095942, 0.006491059089576616, 0.006532936890154529, 0.00711922609824532, 0.0066585702918882704, 0.006826081494199924], [0.01767243184387956, 0.018049332049080782, 0.0, 0.012479584572218268, 0.011683906361237908, 0.011097617153147117, 0.00975752753465388, 0.008794338121361866, 0.008291804514426902, 0.006951714895933665, 0.007077348297667406, 0.007538004104024457, 0.007202981699401147, 0.006784203693622011], [0.014029063193601072, 0.012898362577997403, 0.012479584572218268, 0.0, 0.013275262783198627, 0.01285648477741949, 0.011097617153147117, 0.010930105950835461, 0.008919971523095607, 0.008208048913271076, 0.00871058252020604, 0.008249926713848988, 0.008166171112693162, 0.00791490430922568], [0.011097617153147117, 0.011851417563549562, 0.011683906361237908, 0.013275262783198627, 0.0, 0.012772729176263663, 0.012688973575107836, 0.010930105950835461, 0.009841283135809707, 0.010260061141588844, 0.007998659910381506, 0.009464382930608485, 0.009045604924829347, 0.009213116127141003], [0.009087482725407261, 0.010930105950835461, 0.011097617153147117, 0.01285648477741949, 0.012772729176263663, 0.0, 0.013023995979731145, 0.011516395158926253, 0.012144562167594958, 0.009213116127141003, 0.009715649734075966, 0.009799405335231794, 0.009548138531764313, 0.009380627329452657], [0.009715649734075966, 0.010511327945056326, 0.00975752753465388, 0.011097617153147117, 0.012688973575107836, 0.013023995979731145, 0.0, 0.012814606976841576, 0.011474517358348339, 0.009715649734075966, 0.010050672138699276, 0.01067883914736798, 0.010260061141588844, 0.011307006156036685], [0.00871058252020604, 0.009129360525985175, 0.008794338121361866, 0.010930105950835461, 0.010930105950835461, 0.011516395158926253, 0.012814606976841576, 0.0, 0.01285648477741949, 0.012772729176263663, 0.012647095774529922, 0.01172578416181582, 0.010720716947945894, 0.011809539762971649], [0.009464382930608485, 0.00804053771095942, 0.008291804514426902, 0.008919971523095607, 0.009841283135809707, 0.012144562167594958, 0.011474517358348339, 0.01285648477741949, 0.0, 0.013945307592445244, 0.013023995979731145, 0.011642028560659995, 0.012102684367017044, 0.013484651786088195], [0.006491059089576616, 0.006491059089576616, 0.006951714895933665, 0.008208048913271076, 0.010260061141588844, 0.009213116127141003, 0.009715649734075966, 0.012772729176263663, 0.013945307592445244, 0.0, 0.015746053017295533, 0.015369152812094309, 0.016290464424808408, 0.015913564219607185], [0.007328615101134889, 0.006532936890154529, 0.007077348297667406, 0.00871058252020604, 0.007998659910381506, 0.009715649734075966, 0.010050672138699276, 0.012647095774529922, 0.013023995979731145, 0.015746053017295533, 0.0, 0.01620670882365258, 0.016709242430587544, 0.015871686419029273], [0.007496126303446543, 0.00711922609824532, 0.007538004104024457, 0.008249926713848988, 0.009464382930608485, 0.009799405335231794, 0.01067883914736798, 0.01172578416181582, 0.011642028560659995, 0.015369152812094309, 0.01620670882365258, 0.0, 0.01620670882365258, 0.01620670882365258], [0.006742325893044097, 0.0066585702918882704, 0.007202981699401147, 0.008166171112693162, 0.009045604924829347, 0.009548138531764313, 0.010260061141588844, 0.010720716947945894, 0.012102684367017044, 0.016290464424808408, 0.016709242430587544, 0.01620670882365258, 0.0, 0.022195234306294234], [0.006951714895933665, 0.006826081494199924, 0.006784203693622011, 0.00791490430922568, 0.009213116127141003, 0.009380627329452657, 0.011307006156036685, 0.011809539762971649, 0.013484651786088195, 0.015913564219607185, 0.015871686419029273, 0.01620670882365258, 0.022195234306294234, 0.0]], "sysname": ["SOURCE", "UFC", "IITB", "SJTU", "IPN", "RAC", "PKU", "AMU", "UMC", "NTHU", "POST", "CUUI", "NUCLEA", "CAMB"]}