{"sysname": ["SOURCE", "UFC", "IITB", "SJTU", "PKU", "RAC", "IPN", "AMU", "UMC", "POST", "NTHU", "CUUI", "NUCLEA", "CAMB"], "counts": [[0.0, 0.018837284832737902, 0.014344484139872252, 0.012341669373173108, 0.012179278986683988, 0.011692107827216629, 0.01071776550828191, 0.009364512287539244, 0.008390169968604526, 0.007794738551477752, 0.0074158276496698065, 0.0068745263613727405, 0.006279094944245968, 0.006549745588394501], [0.018837284832737902, 0.0, 0.01661794955071993, 0.011854498213705749, 0.010988416152430442, 0.011421457183068095, 0.010501244992963083, 0.00990581357583631, 0.007794738551477752, 0.007957128937966872, 0.006549745588394501, 0.007307567392010393, 0.005629533398289488, 0.00703691674786186], [0.014344484139872252, 0.01661794955071993, 0.0, 0.011854498213705749, 0.012125148857854281, 0.011908628342535456, 0.012125148857854281, 0.009581032802858071, 0.008390169968604526, 0.007253437263180686, 0.0071451770055212735, 0.0073616975208401, 0.006928656490202446, 0.007794738551477752], [0.012341669373173108, 0.011854498213705749, 0.011854498213705749, 0.0, 0.013207751434448413, 0.012341669373173108, 0.01277471040381076, 0.010338854606473963, 0.009472772545198658, 0.008065389195626285, 0.00909386164339071, 0.007902998809137167, 0.009364512287539244, 0.008877341128071885], [0.012179278986683988, 0.010988416152430442, 0.012125148857854281, 0.013207751434448413, 0.0, 0.0147233950416802, 0.013045361047959295, 0.01104254628126015, 0.010284724477644256, 0.00990581357583631, 0.009310382158709538, 0.007091046876691567, 0.009147991772220417, 0.009635162931687778], [0.011692107827216629, 0.011421457183068095, 0.011908628342535456, 0.012341669373173108, 0.0147233950416802, 0.0, 0.013370141820937534, 0.00925625202987983, 0.009364512287539244, 0.010771895637111617, 0.008877341128071885, 0.008714950741582765, 0.008714950741582765, 0.010447114864133376], [0.01071776550828191, 0.010501244992963083, 0.012125148857854281, 0.01277471040381076, 0.013045361047959295, 0.013370141820937534, 0.0, 0.010447114864133376, 0.01055537512179279, 0.010014073833495724, 0.009310382158709538, 0.009526902674028365, 0.009472772545198658, 0.008769080870412472], [0.009364512287539244, 0.00990581357583631, 0.009581032802858071, 0.010338854606473963, 0.01104254628126015, 0.00925625202987983, 0.010447114864133376, 0.0, 0.014019703366894013, 0.012179278986683988, 0.011908628342535456, 0.012991230919129588, 0.012720580274981054, 0.011529717440727508], [0.008390169968604526, 0.007794738551477752, 0.008390169968604526, 0.009472772545198658, 0.010284724477644256, 0.009364512287539244, 0.01055537512179279, 0.014019703366894013, 0.0, 0.014452744397531666, 0.013153621305618708, 0.013694922593915774, 0.012882970661470174, 0.01326188156327812], [0.007794738551477752, 0.007957128937966872, 0.007253437263180686, 0.008065389195626285, 0.00990581357583631, 0.010771895637111617, 0.010014073833495724, 0.012179278986683988, 0.014452744397531666, 0.0, 0.01569773736061492, 0.01407383349572372, 0.015427086716466386, 0.014506874526361372], [0.0074158276496698065, 0.006549745588394501, 0.0071451770055212735, 0.00909386164339071, 0.009310382158709538, 0.008877341128071885, 0.009310382158709538, 0.011908628342535456, 0.013153621305618708, 0.01569773736061492, 0.0, 0.016888600194868465, 0.01661794955071993, 0.016076648262422864], [0.0068745263613727405, 0.007307567392010393, 0.0073616975208401, 0.007902998809137167, 0.007091046876691567, 0.008714950741582765, 0.009526902674028365, 0.012991230919129588, 0.013694922593915774, 0.01407383349572372, 0.016888600194868465, 0.0, 0.017050990581357582, 0.018025332900292304], [0.006279094944245968, 0.005629533398289488, 0.006928656490202446, 0.009364512287539244, 0.009147991772220417, 0.008714950741582765, 0.009472772545198658, 0.012720580274981054, 0.012882970661470174, 0.015427086716466386, 0.01661794955071993, 0.017050990581357582, 0.0, 0.02078596947060734], [0.006549745588394501, 0.00703691674786186, 0.007794738551477752, 0.008877341128071885, 0.009635162931687778, 0.010447114864133376, 0.008769080870412472, 0.011529717440727508, 0.01326188156327812, 0.014506874526361372, 0.016076648262422864, 0.018025332900292304, 0.02078596947060734, 0.0]]}