{"sysname": ["SOURCE", "UFC", "IITB", "SJTU", "IPN", "RAC", "PKU", "AMU", "UMC", "NTHU", "POST", "CUUI", "NUCLEA", "CAMB"], "counts": [[0.0, 0.01895913906171179, 0.017613922986379687, 0.013241970741550362, 0.01080376660501093, 0.009836892550865983, 0.009963006557928367, 0.008659828484950395, 0.00853371447788801, 0.006684042374306373, 0.007104422397847654, 0.006810156381368757, 0.006852194383722886, 0.007524802421388936], [0.01895913906171179, 0.0, 0.017193542962838405, 0.012947704725071464, 0.01080376660501093, 0.010929880612073315, 0.009290398520262318, 0.00899613250378342, 0.008281486463763242, 0.00790314444257609, 0.006642004371952245, 0.006726080376660501, 0.007146460400201783, 0.006684042374306373], [0.017613922986379687, 0.017193542962838405, 0.0, 0.012191020682697158, 0.011980830670926517, 0.01080376660501093, 0.01055153859088616, 0.008912056499075165, 0.008659828484950395, 0.007314612409618295, 0.00765091642845132, 0.006852194383722886, 0.006642004371952245, 0.00718849840255591], [0.013241970741550362, 0.012947704725071464, 0.012191020682697158, 0.0, 0.01437699680511182, 0.012905666722717337, 0.01101395661678157, 0.00853371447788801, 0.0097107785438036, 0.009080208508491677, 0.00853371447788801, 0.00811333445434673, 0.008617790482596267, 0.008239448461409114], [0.01080376660501093, 0.01080376660501093, 0.011980830670926517, 0.01437699680511182, 0.0, 0.012106944677988903, 0.011896754666218262, 0.011055994619135699, 0.010761728602656801, 0.010425424583823777, 0.010089120564990752, 0.00899613250378342, 0.008323524466117371, 0.00945855052967883], [0.009836892550865983, 0.010929880612073315, 0.01080376660501093, 0.012905666722717337, 0.012106944677988903, 0.0, 0.012905666722717337, 0.012695476710946696, 0.011518412645031109, 0.010005044560282495, 0.009963006557928367, 0.009374474524970573, 0.009290398520262318, 0.009122246510845805], [0.009963006557928367, 0.009290398520262318, 0.01055153859088616, 0.01101395661678157, 0.011896754666218262, 0.012905666722717337, 0.0, 0.01235917269211367, 0.010887842609719187, 0.011308222633260468, 0.011518412645031109, 0.009836892550865983, 0.009626702539095342, 0.011518412645031109], [0.008659828484950395, 0.00899613250378342, 0.008912056499075165, 0.00853371447788801, 0.011055994619135699, 0.012695476710946696, 0.01235917269211367, 0.0, 0.015175718849840255, 0.011098032621489827, 0.011854716663864133, 0.012064906675634774, 0.011644526652093493, 0.011812678661510005], [0.00853371447788801, 0.008281486463763242, 0.008659828484950395, 0.0097107785438036, 0.010761728602656801, 0.011518412645031109, 0.010887842609719187, 0.015175718849840255, 0.0, 0.012443248696821927, 0.012695476710946696, 0.01282159071800908, 0.012275096687405415, 0.012064906675634774], [0.006684042374306373, 0.00790314444257609, 0.007314612409618295, 0.009080208508491677, 0.010425424583823777, 0.010005044560282495, 0.011308222633260468, 0.011098032621489827, 0.012443248696821927, 0.0, 0.014755338826298973, 0.015722212880443922, 0.015385908861610896, 0.015007566840423743], [0.007104422397847654, 0.006642004371952245, 0.00765091642845132, 0.00853371447788801, 0.010089120564990752, 0.009963006557928367, 0.011518412645031109, 0.011854716663864133, 0.012695476710946696, 0.014755338826298973, 0.0, 0.015638136875735665, 0.015385908861610896, 0.01597444089456869], [0.006810156381368757, 0.006726080376660501, 0.006852194383722886, 0.00811333445434673, 0.00899613250378342, 0.009374474524970573, 0.009836892550865983, 0.012064906675634774, 0.01282159071800908, 0.015722212880443922, 0.015638136875735665, 0.0, 0.01689927694635951, 0.01731965696990079], [0.006852194383722886, 0.007146460400201783, 0.006642004371952245, 0.008617790482596267, 0.008323524466117371, 0.009290398520262318, 0.009626702539095342, 0.011644526652093493, 0.012275096687405415, 0.015385908861610896, 0.015385908861610896, 0.01689927694635951, 0.0, 0.022910711282999832], [0.007524802421388936, 0.006684042374306373, 0.00718849840255591, 0.008239448461409114, 0.00945855052967883, 0.009122246510845805, 0.011518412645031109, 0.011812678661510005, 0.012064906675634774, 0.015007566840423743, 0.01597444089456869, 0.01731965696990079, 0.022910711282999832, 0.0]]}