{"sysname": ["SOURCE", "UFC", "IITB", "SJTU", "IPN", "RAC", "PKU", "AMU", "UMC", "NTHU", "POST", "CUUI", "NUCLEA", "CAMB"], "counts": [[0.0, 0.017379287239834163, 0.018468110054859918, 0.013107751580886971, 0.011558272959504167, 0.011432639557770427, 0.009799405335231794, 0.008626826919050212, 0.007873026508647766, 0.0077473931069140245, 0.0067004480924661835, 0.006742325893044097, 0.006449181288998702, 0.006407303488420788], [0.017379287239834163, 0.0, 0.0177980652456133, 0.013107751580886971, 0.011809539762971649, 0.01009254993927719, 0.010050672138699276, 0.00942250513003057, 0.008333682315004816, 0.0076636375057581975, 0.007370492901712802, 0.007202981699401147, 0.006072281083797479, 0.007286737300556975], [0.018468110054859918, 0.0177980652456133, 0.0, 0.011516395158926253, 0.011893295364127476, 0.011642028560659995, 0.01055320574563424, 0.007831148708069852, 0.008333682315004816, 0.006532936890154529, 0.006909837095355752, 0.006867959294777838, 0.006993592696511579, 0.007538004104024457], [0.013107751580886971, 0.013107751580886971, 0.011516395158926253, 0.0, 0.013735918589555677, 0.011558272959504167, 0.011893295364127476, 0.010176305540433016, 0.00988316093638762, 0.008626826919050212, 0.00942250513003057, 0.008543071317894384, 0.008333682315004816, 0.007998659910381506], [0.011558272959504167, 0.011809539762971649, 0.011893295364127476, 0.013735918589555677, 0.0, 0.013065873780309057, 0.013149629381464885, 0.010301938942166758, 0.011558272959504167, 0.009338749528874743, 0.008543071317894384, 0.008626826919050212, 0.00804053771095942, 0.008961849323673521], [0.011432639557770427, 0.01009254993927719, 0.011642028560659995, 0.011558272959504167, 0.013065873780309057, 0.0, 0.012814606976841576, 0.010260061141588844, 0.011055739352569203, 0.009380627329452657, 0.010720716947945894, 0.009464382930608485, 0.009631894132920139, 0.00988316093638762], [0.009799405335231794, 0.010050672138699276, 0.01055320574563424, 0.011893295364127476, 0.013149629381464885, 0.012814606976841576, 0.0, 0.01193517316470539, 0.01101386155199129, 0.011181372754302943, 0.010050672138699276, 0.01101386155199129, 0.009506260731186399, 0.009673771933498053], [0.008626826919050212, 0.00942250513003057, 0.007831148708069852, 0.010176305540433016, 0.010301938942166758, 0.010260061141588844, 0.01193517316470539, 0.0, 0.013987185393023158, 0.012647095774529922, 0.012102684367017044, 0.012312073369906612, 0.012437706771640354, 0.012814606976841576], [0.007873026508647766, 0.008333682315004816, 0.008333682315004816, 0.00988316093638762, 0.011558272959504167, 0.011055739352569203, 0.01101386155199129, 0.013987185393023158, 0.0, 0.013275262783198627, 0.012772729176263663, 0.012563340173374094, 0.012018928765861216, 0.013065873780309057], [0.0077473931069140245, 0.0076636375057581975, 0.006532936890154529, 0.008626826919050212, 0.009338749528874743, 0.009380627329452657, 0.011181372754302943, 0.012647095774529922, 0.013275262783198627, 0.0, 0.015913564219607185, 0.014866619205159345, 0.015452908413250137, 0.015117886008626827], [0.0067004480924661835, 0.007370492901712802, 0.006909837095355752, 0.00942250513003057, 0.008543071317894384, 0.010720716947945894, 0.010050672138699276, 0.012102684367017044, 0.012772729176263663, 0.015913564219607185, 0.0, 0.016583609028853804, 0.015704175216717617, 0.015243519410360567], [0.006742325893044097, 0.007202981699401147, 0.006867959294777838, 0.008543071317894384, 0.008626826919050212, 0.009464382930608485, 0.01101386155199129, 0.012312073369906612, 0.012563340173374094, 0.014866619205159345, 0.016583609028853804, 0.0, 0.016792998031743372, 0.0159554420201851], [0.006449181288998702, 0.006072281083797479, 0.006993592696511579, 0.008333682315004816, 0.00804053771095942, 0.009631894132920139, 0.009506260731186399, 0.012437706771640354, 0.012018928765861216, 0.015452908413250137, 0.015704175216717617, 0.016792998031743372, 0.0, 0.023912224129988693], [0.006407303488420788, 0.007286737300556975, 0.007538004104024457, 0.007998659910381506, 0.008961849323673521, 0.00988316093638762, 0.009673771933498053, 0.012814606976841576, 0.013065873780309057, 0.015117886008626827, 0.015243519410360567, 0.0159554420201851, 0.023912224129988693, 0.0]]}