{"counts": [[0.0, 0.02050850747234263, 0.009963123503914085, 0.009316167432231352, 0.010933557611438183, 0.008410428931875526, 0.009122080610726531, 0.008345733324707252, 0.008604515753380346, 0.00989842789674581, 0.008216342110370705, 0.007181212395678333, 0.007892864074529339, 0.006598951931163874, 0.006663647538332147], [0.02050850747234263, 0.0, 0.010804166397101637, 0.009251471825063078, 0.010933557611438183, 0.00989842789674581, 0.008345733324707252, 0.007698777253024519, 0.008151646503202433, 0.008539820146212072, 0.008927993789221713, 0.007957559681697613, 0.006275473895322507, 0.00711651678851006, 0.008539820146212072], [0.009963123503914085, 0.010804166397101637, 0.0, 0.01086886200426991, 0.010157210325418903, 0.010351297146923724, 0.009833732289577537, 0.009833732289577537, 0.008604515753380346, 0.009639645468072718, 0.008410428931875526, 0.008086950896034159, 0.008410428931875526, 0.007634081645856246, 0.008216342110370705], [0.009316167432231352, 0.009251471825063078, 0.01086886200426991, 0.0, 0.011515818075952642, 0.009122080610726531, 0.010610079575596816, 0.009510254253736172, 0.01028660153975545, 0.008863298182053439, 0.009122080610726531, 0.007763472860192793, 0.008022255288865887, 0.007763472860192793, 0.0084751245390438], [0.010933557611438183, 0.010933557611438183, 0.010157210325418903, 0.011515818075952642, 0.0, 0.00828103771753898, 0.00989842789674581, 0.009057385003558259, 0.009057385003558259, 0.009122080610726531, 0.007892864074529339, 0.008927993789221713, 0.007569386038687973, 0.008022255288865887, 0.009639645468072718], [0.008410428931875526, 0.00989842789674581, 0.010351297146923724, 0.009122080610726531, 0.00828103771753898, 0.0, 0.008992689396389985, 0.01086886200426991, 0.009963123503914085, 0.007763472860192793, 0.00989842789674581, 0.008539820146212072, 0.008927993789221713, 0.007957559681697613, 0.007245908002846606], [0.009122080610726531, 0.008345733324707252, 0.009833732289577537, 0.010610079575596816, 0.00989842789674581, 0.008992689396389985, 0.0, 0.010157210325418903, 0.010610079575596816, 0.008863298182053439, 0.008733906967716892, 0.009251471825063078, 0.009380863039399626, 0.008216342110370705, 0.009833732289577537], [0.008345733324707252, 0.007698777253024519, 0.009833732289577537, 0.009510254253736172, 0.009057385003558259, 0.01086886200426991, 0.010157210325418903, 0.0, 0.010998253218606457, 0.009510254253736172, 0.008345733324707252, 0.007245908002846606, 0.008086950896034159, 0.008345733324707252, 0.008733906967716892], [0.008604515753380346, 0.008151646503202433, 0.008604515753380346, 0.01028660153975545, 0.009057385003558259, 0.009963123503914085, 0.010610079575596816, 0.010998253218606457, 0.0, 0.00989842789674581, 0.008992689396389985, 0.010092514718250631, 0.009186776217894805, 0.008216342110370705, 0.009510254253736172], [0.00989842789674581, 0.008539820146212072, 0.009639645468072718, 0.008863298182053439, 0.009122080610726531, 0.007763472860192793, 0.008863298182053439, 0.009510254253736172, 0.00989842789674581, 0.0, 0.011192340040111276, 0.010545383968428544, 0.011709904897457463, 0.010221905932587178, 0.009251471825063078], [0.008216342110370705, 0.008927993789221713, 0.008410428931875526, 0.009122080610726531, 0.007892864074529339, 0.00989842789674581, 0.008733906967716892, 0.008345733324707252, 0.008992689396389985, 0.011192340040111276, 0.0, 0.011515818075952642, 0.010998253218606457, 0.010998253218606457, 0.011968687326130555], [0.007181212395678333, 0.007957559681697613, 0.008086950896034159, 0.007763472860192793, 0.008927993789221713, 0.008539820146212072, 0.009251471825063078, 0.007245908002846606, 0.010092514718250631, 0.010545383968428544, 0.011515818075952642, 0.0, 0.012486252183476742, 0.014297729184188394, 0.012421556576308468], [0.007892864074529339, 0.006275473895322507, 0.008410428931875526, 0.008022255288865887, 0.007569386038687973, 0.008927993789221713, 0.009380863039399626, 0.008086950896034159, 0.009186776217894805, 0.011709904897457463, 0.010998253218606457, 0.012486252183476742, 0.0, 0.015721032541890407, 0.014750598434366307], [0.006598951931163874, 0.00711651678851006, 0.007634081645856246, 0.007763472860192793, 0.008022255288865887, 0.007957559681697613, 0.008216342110370705, 0.008345733324707252, 0.008216342110370705, 0.010221905932587178, 0.010998253218606457, 0.014297729184188394, 0.015721032541890407, 0.0, 0.016885553470919325], [0.006663647538332147, 0.008539820146212072, 0.008216342110370705, 0.0084751245390438, 0.009639645468072718, 0.007245908002846606, 0.009833732289577537, 0.008733906967716892, 0.009510254253736172, 0.009251471825063078, 0.011968687326130555, 0.012421556576308468, 0.014750598434366307, 0.016885553470919325, 0.0]], "sysname": ["IITB", "SJTU", "PKU", "IPN", "RAC", "src", "JMGR", "UFC", "AMU", "UMC", "NTHU", "CUUI", "NUCLEA", "POST", "CAMB"]}