{"counts": [[0.0, 0.018748949049941146, 0.017613922986379687, 0.012275096687405415, 0.01303178072977972, 0.010509500588532034, 0.009836892550865983, 0.009416512527324701, 0.008029258449638473, 0.0069783083907852695, 0.006137548343702707, 0.007819068437867832, 0.005927358331932067, 0.0062216243484109635], [0.018748949049941146, 0.0, 0.016983352951067766, 0.013241970741550362, 0.01256936270388431, 0.0097107785438036, 0.00992096855557424, 0.008155372456700857, 0.008659828484950395, 0.007272574407264167, 0.007314612409618295, 0.00765091642845132, 0.006179586346056835, 0.006179586346056835], [0.017613922986379687, 0.016983352951067766, 0.0, 0.014419034807465949, 0.012275096687405415, 0.011182108626198083, 0.009500588532032958, 0.00765091642845132, 0.00811333445434673, 0.0069783083907852695, 0.007146460400201783, 0.007356650411972423, 0.007524802421388936, 0.006936270388431142], [0.012275096687405415, 0.013241970741550362, 0.014419034807465949, 0.0, 0.013662350765091643, 0.011896754666218262, 0.012443248696821927, 0.011055994619135699, 0.00920632251555406, 0.00853371447788801, 0.008029258449638473, 0.005927358331932067, 0.008365562468471498, 0.008239448461409114], [0.01303178072977972, 0.01256936270388431, 0.012275096687405415, 0.013662350765091643, 0.0, 0.01172860265680175, 0.010677652597948546, 0.010635614595594417, 0.010719690600302674, 0.009080208508491677, 0.00899613250378342, 0.009584664536741214, 0.00874390448965865, 0.008281486463763242], [0.010509500588532034, 0.0097107785438036, 0.011182108626198083, 0.011896754666218262, 0.01172860265680175, 0.0, 0.013199932739196233, 0.01261140070623844, 0.011602488649739364, 0.010677652597948546, 0.009878930553220111, 0.009164284513199932, 0.0097107785438036, 0.00924836051790819], [0.009836892550865983, 0.00992096855557424, 0.009500588532032958, 0.012443248696821927, 0.010677652597948546, 0.013199932739196233, 0.0, 0.012653438708592568, 0.012737514713300825, 0.01172860265680175, 0.010971918614427442, 0.009752816546157726, 0.00878594249201278, 0.010509500588532034], [0.009416512527324701, 0.008155372456700857, 0.00765091642845132, 0.011055994619135699, 0.010635614595594417, 0.01261140070623844, 0.012653438708592568, 0.0, 0.013788464772154027, 0.012527324701530184, 0.01214898268034303, 0.01147637464267698, 0.010719690600302674, 0.012317134689759543], [0.008029258449638473, 0.008659828484950395, 0.00811333445434673, 0.00920632251555406, 0.010719690600302674, 0.011602488649739364, 0.012737514713300825, 0.013788464772154027, 0.0, 0.012779552715654952, 0.012317134689759543, 0.01282159071800908, 0.011140070623843954, 0.01349419875567513], [0.0069783083907852695, 0.007272574407264167, 0.0069783083907852695, 0.00853371447788801, 0.009080208508491677, 0.010677652597948546, 0.01172860265680175, 0.012527324701530184, 0.012779552715654952, 0.0, 0.015722212880443922, 0.014965528838069614, 0.015091642845132, 0.014923490835715487], [0.006137548343702707, 0.007314612409618295, 0.007146460400201783, 0.008029258449638473, 0.00899613250378342, 0.009878930553220111, 0.010971918614427442, 0.01214898268034303, 0.012317134689759543, 0.015722212880443922, 0.0, 0.016478896922818228, 0.016100554901631075, 0.01736169497225492], [0.007819068437867832, 0.00765091642845132, 0.007356650411972423, 0.005927358331932067, 0.009584664536741214, 0.009164284513199932, 0.009752816546157726, 0.01147637464267698, 0.01282159071800908, 0.014965528838069614, 0.016478896922818228, 0.0, 0.018370607028753993, 0.01639482091810997], [0.005927358331932067, 0.006179586346056835, 0.007524802421388936, 0.008365562468471498, 0.00874390448965865, 0.0097107785438036, 0.00878594249201278, 0.010719690600302674, 0.011140070623843954, 0.015091642845132, 0.016100554901631075, 0.018370607028753993, 0.0, 0.02455019337481083], [0.0062216243484109635, 0.006179586346056835, 0.006936270388431142, 0.008239448461409114, 0.008281486463763242, 0.00924836051790819, 0.010509500588532034, 0.012317134689759543, 0.01349419875567513, 0.014923490835715487, 0.01736169497225492, 0.01639482091810997, 0.02455019337481083, 0.0]], "sysname": ["SOURCE", "UFC", "IITB", "SJTU", "IPN", "RAC", "PKU", "AMU", "UMC", "NTHU", "POST", "CUUI", "NUCLEA", "CAMB"]}