{"counts": [[0.0, 0.021478941579866725, 0.010998253218606457, 0.010157210325418903, 0.008798602574885165, 0.008733906967716892, 0.008539820146212072, 0.009380863039399626, 0.008410428931875526, 0.008410428931875526, 0.007892864074529339, 0.00731060361001488, 0.007634081645856246, 0.006275473895322507, 0.006987125574173514], [0.021478941579866725, 0.0, 0.010804166397101637, 0.009510254253736172, 0.011709904897457463, 0.007698777253024519, 0.009122080610726531, 0.008216342110370705, 0.008604515753380346, 0.008798602574885165, 0.007892864074529339, 0.008539820146212072, 0.007181212395678333, 0.006987125574173514, 0.006340169502490781], [0.010998253218606457, 0.010804166397101637, 0.0, 0.010157210325418903, 0.010027819111082357, 0.010157210325418903, 0.009057385003558259, 0.008733906967716892, 0.009251471825063078, 0.009251471825063078, 0.009122080610726531, 0.008798602574885165, 0.00828103771753898, 0.007634081645856246, 0.007634081645856246], [0.010157210325418903, 0.009510254253736172, 0.010157210325418903, 0.0, 0.010998253218606457, 0.009057385003558259, 0.00989842789674581, 0.009380863039399626, 0.010157210325418903, 0.009186776217894805, 0.009122080610726531, 0.009057385003558259, 0.00828103771753898, 0.00828103771753898, 0.007698777253024519], [0.008798602574885165, 0.011709904897457463, 0.010027819111082357, 0.010998253218606457, 0.0, 0.009574949860904444, 0.009833732289577537, 0.009963123503914085, 0.008733906967716892, 0.0084751245390438, 0.009122080610726531, 0.008539820146212072, 0.007245908002846606, 0.008863298182053439, 0.007634081645856246], [0.008733906967716892, 0.007698777253024519, 0.010157210325418903, 0.009057385003558259, 0.009574949860904444, 0.0, 0.010221905932587178, 0.009380863039399626, 0.010221905932587178, 0.008410428931875526, 0.008604515753380346, 0.008151646503202433, 0.007634081645856246, 0.0084751245390438, 0.01028660153975545], [0.008539820146212072, 0.009122080610726531, 0.009057385003558259, 0.00989842789674581, 0.009833732289577537, 0.010221905932587178, 0.0, 0.01048068836126027, 0.010027819111082357, 0.010933557611438183, 0.010157210325418903, 0.008345733324707252, 0.008798602574885165, 0.008992689396389985, 0.009186776217894805], [0.009380863039399626, 0.008216342110370705, 0.008733906967716892, 0.009380863039399626, 0.009963123503914085, 0.009380863039399626, 0.01048068836126027, 0.0, 0.010092514718250631, 0.009769036682409265, 0.0075046904315197, 0.008022255288865887, 0.008992689396389985, 0.0073752992171831535, 0.009639645468072718], [0.008410428931875526, 0.008604515753380346, 0.009251471825063078, 0.010157210325418903, 0.008733906967716892, 0.010221905932587178, 0.010027819111082357, 0.010092514718250631, 0.0, 0.009380863039399626, 0.010157210325418903, 0.008669211360548618, 0.010415992754091998, 0.00970434107524099, 0.009122080610726531], [0.008410428931875526, 0.008798602574885165, 0.009251471825063078, 0.009186776217894805, 0.0084751245390438, 0.008410428931875526, 0.010933557611438183, 0.009769036682409265, 0.009380863039399626, 0.0, 0.011386426861616096, 0.01106294882577473, 0.009963123503914085, 0.009122080610726531, 0.01106294882577473], [0.007892864074529339, 0.007892864074529339, 0.009122080610726531, 0.009122080610726531, 0.009122080610726531, 0.008604515753380346, 0.010157210325418903, 0.0075046904315197, 0.010157210325418903, 0.011386426861616096, 0.0, 0.010739470789933363, 0.012162774147635376, 0.010351297146923724, 0.01067477518276509], [0.00731060361001488, 0.008539820146212072, 0.008798602574885165, 0.009057385003558259, 0.008539820146212072, 0.008151646503202433, 0.008345733324707252, 0.008022255288865887, 0.008669211360548618, 0.01106294882577473, 0.010739470789933363, 0.0, 0.013391990683832568, 0.012421556576308468, 0.013780164326842207], [0.007634081645856246, 0.007181212395678333, 0.00828103771753898, 0.00828103771753898, 0.007245908002846606, 0.007634081645856246, 0.008798602574885165, 0.008992689396389985, 0.010415992754091998, 0.009963123503914085, 0.012162774147635376, 0.013391990683832568, 0.0, 0.015397554506049039, 0.01462120722002976], [0.006275473895322507, 0.006987125574173514, 0.007634081645856246, 0.00828103771753898, 0.008863298182053439, 0.0084751245390438, 0.008992689396389985, 0.0073752992171831535, 0.00970434107524099, 0.009122080610726531, 0.010351297146923724, 0.012421556576308468, 0.015397554506049039, 0.0, 0.017079640292424144], [0.006987125574173514, 0.006340169502490781, 0.007634081645856246, 0.007698777253024519, 0.007634081645856246, 0.01028660153975545, 0.009186776217894805, 0.009639645468072718, 0.009122080610726531, 0.01106294882577473, 0.01067477518276509, 0.013780164326842207, 0.01462120722002976, 0.017079640292424144, 0.0]], "sysname": ["IITB", "SJTU", "PKU", "RAC", "IPN", "UFC", "AMU", "src", "JMGR", "UMC", "NTHU", "CUUI", "NUCLEA", "POST", "CAMB"]}