{"counts": [[0.0, 0.016709242430587544, 0.016792998031743372, 0.01088822815025755, 0.011767661962393735, 0.01172578416181582, 0.010301938942166758, 0.009338749528874743, 0.00745424850286863, 0.007789270907491938, 0.008082415511537334, 0.007244859499979061, 0.007161103898823234, 0.007370492901712802], [0.016709242430587544, 0.0, 0.015704175216717617, 0.01273085137568575, 0.011851417563549562, 0.01101386155199129, 0.010260061141588844, 0.009841283135809707, 0.008417437916160644, 0.007328615101134889, 0.007286737300556975, 0.0077473931069140245, 0.007789270907491938, 0.006909837095355752], [0.016792998031743372, 0.015704175216717617, 0.0, 0.011767661962393735, 0.011432639557770427, 0.011139494953725031, 0.009925038736965534, 0.01009254993927719, 0.008919971523095607, 0.008333682315004816, 0.006574814690732443, 0.007161103898823234, 0.00791490430922568, 0.00791490430922568], [0.01088822815025755, 0.01273085137568575, 0.011767661962393735, 0.0, 0.013400896184932367, 0.013484651786088195, 0.01206080656643913, 0.011683906361237908, 0.008919971523095607, 0.010595083546212154, 0.008919971523095607, 0.00871058252020604, 0.008794338121361866, 0.009925038736965534], [0.011767661962393735, 0.011851417563549562, 0.011432639557770427, 0.013400896184932367, 0.0, 0.011390761757192513, 0.013107751580886971, 0.01160015076008208, 0.009799405335231794, 0.00942250513003057, 0.009129360525985175, 0.009171238326563089, 0.009213116127141003, 0.00975752753465388], [0.01172578416181582, 0.01101386155199129, 0.011139494953725031, 0.013484651786088195, 0.011390761757192513, 0.0, 0.012102684367017044, 0.010511327945056326, 0.009715649734075966, 0.009380627329452657, 0.00988316093638762, 0.009506260731186399, 0.008249926713848988, 0.00988316093638762], [0.010301938942166758, 0.010260061141588844, 0.009925038736965534, 0.01206080656643913, 0.013107751580886971, 0.012102684367017044, 0.0, 0.01193517316470539, 0.011307006156036685, 0.00975752753465388, 0.009590016332342225, 0.00942250513003057, 0.009631894132920139, 0.011851417563549562], [0.009338749528874743, 0.009841283135809707, 0.01009254993927719, 0.011683906361237908, 0.01160015076008208, 0.010511327945056326, 0.01193517316470539, 0.0, 0.012353951170484526, 0.011390761757192513, 0.01252146237279618, 0.010804472549101721, 0.01172578416181582, 0.01160015076008208], [0.00745424850286863, 0.008417437916160644, 0.008919971523095607, 0.008919971523095607, 0.009799405335231794, 0.009715649734075966, 0.011307006156036685, 0.012353951170484526, 0.0, 0.014489718999958122, 0.013694040788977763, 0.013819674190711504, 0.01273085137568575, 0.013610285187821935], [0.007789270907491938, 0.007328615101134889, 0.008333682315004816, 0.010595083546212154, 0.00942250513003057, 0.009380627329452657, 0.00975752753465388, 0.011390761757192513, 0.014489718999958122, 0.0, 0.015578541814983877, 0.013987185393023158, 0.015787930817873445, 0.014280329997068554], [0.008082415511537334, 0.007286737300556975, 0.006574814690732443, 0.008919971523095607, 0.009129360525985175, 0.00988316093638762, 0.009590016332342225, 0.01252146237279618, 0.013694040788977763, 0.015578541814983877, 0.0, 0.015662297416139705, 0.015704175216717617, 0.014824741404581432], [0.007244859499979061, 0.0077473931069140245, 0.007161103898823234, 0.00871058252020604, 0.009171238326563089, 0.009506260731186399, 0.00942250513003057, 0.010804472549101721, 0.013819674190711504, 0.013987185393023158, 0.015662297416139705, 0.0, 0.017044264835210855, 0.016792998031743372], [0.007161103898823234, 0.007789270907491938, 0.00791490430922568, 0.008794338121361866, 0.009213116127141003, 0.008249926713848988, 0.009631894132920139, 0.01172578416181582, 0.01273085137568575, 0.015787930817873445, 0.015704175216717617, 0.017044264835210855, 0.0, 0.019096277063528625], [0.007370492901712802, 0.006909837095355752, 0.00791490430922568, 0.009925038736965534, 0.00975752753465388, 0.00988316093638762, 0.011851417563549562, 0.01160015076008208, 0.013610285187821935, 0.014280329997068554, 0.014824741404581432, 0.016792998031743372, 0.019096277063528625, 0.0]], "sysname": ["SOURCE", "UFC", "IITB", "PKU", "RAC", "SJTU", "IPN", "AMU", "UMC", "POST", "NTHU", "CUUI", "NUCLEA", "CAMB"]}