{"sysname": ["IITB", "SJTU", "PKU", "RAC", "AMU", "JMGR", "UFC", "IPN", "src", "UMC", "NTHU", "NUCLEA", "CUUI", "POST", "CAMB"], "counts": [[0.0, 0.018438248042957885, 0.012356860969140196, 0.010157210325418903, 0.009380863039399626, 0.009639645468072718, 0.009574949860904444, 0.008216342110370705, 0.0084751245390438, 0.007569386038687973, 0.008410428931875526, 0.00711651678851006, 0.007569386038687973, 0.007569386038687973, 0.006857734359836967], [0.018438248042957885, 0.0, 0.013262599469496022, 0.012486252183476742, 0.008151646503202433, 0.01028660153975545, 0.008410428931875526, 0.008151646503202433, 0.009445558646567898, 0.00828103771753898, 0.008927993789221713, 0.00711651678851006, 0.008022255288865887, 0.006469560716827328, 0.006793038752668693], [0.012356860969140196, 0.013262599469496022, 0.0, 0.012939121433654655, 0.010415992754091998, 0.008927993789221713, 0.009122080610726531, 0.007569386038687973, 0.007051821181341787, 0.008151646503202433, 0.007763472860192793, 0.009186776217894805, 0.006340169502490781, 0.008345733324707252, 0.009510254253736172], [0.010157210325418903, 0.012486252183476742, 0.012939121433654655, 0.0, 0.010545383968428544, 0.010221905932587178, 0.008539820146212072, 0.009122080610726531, 0.007892864074529339, 0.008086950896034159, 0.00828103771753898, 0.008345733324707252, 0.008863298182053439, 0.00828103771753898, 0.006987125574173514], [0.009380863039399626, 0.008151646503202433, 0.010415992754091998, 0.010545383968428544, 0.0, 0.009833732289577537, 0.010221905932587178, 0.00989842789674581, 0.009251471825063078, 0.008927993789221713, 0.008151646503202433, 0.010804166397101637, 0.008733906967716892, 0.00828103771753898, 0.010157210325418903], [0.009639645468072718, 0.01028660153975545, 0.008927993789221713, 0.010221905932587178, 0.009833732289577537, 0.0, 0.009769036682409265, 0.009639645468072718, 0.01028660153975545, 0.009445558646567898, 0.008927993789221713, 0.009057385003558259, 0.008733906967716892, 0.008863298182053439, 0.008669211360548618], [0.009574949860904444, 0.008410428931875526, 0.009122080610726531, 0.008539820146212072, 0.010221905932587178, 0.009769036682409265, 0.0, 0.009833732289577537, 0.009122080610726531, 0.008927993789221713, 0.008151646503202433, 0.009251471825063078, 0.007828168467361066, 0.008022255288865887, 0.010027819111082357], [0.008216342110370705, 0.008151646503202433, 0.007569386038687973, 0.009122080610726531, 0.00989842789674581, 0.009639645468072718, 0.009833732289577537, 0.0, 0.009445558646567898, 0.008992689396389985, 0.00970434107524099, 0.009574949860904444, 0.009639645468072718, 0.009769036682409265, 0.011127644432943003], [0.0084751245390438, 0.009445558646567898, 0.007051821181341787, 0.007892864074529339, 0.009251471825063078, 0.01028660153975545, 0.009122080610726531, 0.009445558646567898, 0.0, 0.010221905932587178, 0.008863298182053439, 0.008992689396389985, 0.009769036682409265, 0.009574949860904444, 0.008733906967716892], [0.007569386038687973, 0.00828103771753898, 0.008151646503202433, 0.008086950896034159, 0.008927993789221713, 0.009445558646567898, 0.008927993789221713, 0.008992689396389985, 0.010221905932587178, 0.0, 0.012292165361971922, 0.01145112246878437, 0.010739470789933363, 0.011127644432943003, 0.010933557611438183], [0.008410428931875526, 0.008927993789221713, 0.007763472860192793, 0.00828103771753898, 0.008151646503202433, 0.008927993789221713, 0.008151646503202433, 0.00970434107524099, 0.008863298182053439, 0.012292165361971922, 0.0, 0.011321731254447824, 0.01125703564727955, 0.01086886200426991, 0.01203338293329883], [0.00711651678851006, 0.00711651678851006, 0.009186776217894805, 0.008345733324707252, 0.010804166397101637, 0.009057385003558259, 0.009251471825063078, 0.009574949860904444, 0.008992689396389985, 0.01145112246878437, 0.011321731254447824, 0.0, 0.012421556576308468, 0.012292165361971922, 0.012162774147635376], [0.007569386038687973, 0.008022255288865887, 0.006340169502490781, 0.008863298182053439, 0.008733906967716892, 0.008733906967716892, 0.007828168467361066, 0.009639645468072718, 0.009769036682409265, 0.010739470789933363, 0.01125703564727955, 0.012421556576308468, 0.0, 0.012874425826486381, 0.012292165361971922], [0.007569386038687973, 0.006469560716827328, 0.008345733324707252, 0.00828103771753898, 0.00828103771753898, 0.008863298182053439, 0.008022255288865887, 0.009769036682409265, 0.009574949860904444, 0.011127644432943003, 0.01086886200426991, 0.012292165361971922, 0.012874425826486381, 0.0, 0.015074076470207674], [0.006857734359836967, 0.006793038752668693, 0.009510254253736172, 0.006987125574173514, 0.010157210325418903, 0.008669211360548618, 0.010027819111082357, 0.011127644432943003, 0.008733906967716892, 0.010933557611438183, 0.01203338293329883, 0.012162774147635376, 0.012292165361971922, 0.015074076470207674, 0.0]]}