{"sysname": ["SOURCE", "UFC", "IITB", "PKU", "RAC", "SJTU", "IPN", "AMU", "UMC", "POST", "NTHU", "CUUI", "NUCLEA", "CAMB"], "counts": [[0.0, 0.016773162939297124, 0.014671262821590718, 0.012106944677988903, 0.012317134689759543, 0.010467462586177905, 0.010509500588532034, 0.009878930553220111, 0.00765091642845132, 0.008071296451992602, 0.007272574407264167, 0.008617790482596267, 0.0070623843954935265, 0.007861106440221961], [0.016773162939297124, 0.0, 0.015133680847486128, 0.012191020682697158, 0.011644526652093493, 0.011392298637968723, 0.010635614595594417, 0.009290398520262318, 0.007356650411972423, 0.008701866487304524, 0.007356650411972423, 0.008407600470825626, 0.007230536404910039, 0.007314612409618295], [0.014671262821590718, 0.015133680847486128, 0.0, 0.011812678661510005, 0.011896754666218262, 0.011560450647385236, 0.011224146628552211, 0.00924836051790819, 0.007020346393139398, 0.009038170506137548, 0.008954094501429291, 0.006894232386077013, 0.00811333445434673, 0.008491676475533883], [0.012106944677988903, 0.012191020682697158, 0.011812678661510005, 0.0, 0.014755338826298973, 0.01349419875567513, 0.012317134689759543, 0.01101395661678157, 0.009416512527324701, 0.01034134857911552, 0.008659828484950395, 0.00920632251555406, 0.00878594249201278, 0.008407600470825626], [0.012317134689759543, 0.011644526652093493, 0.011896754666218262, 0.014755338826298973, 0.0, 0.012317134689759543, 0.01261140070623844, 0.011350260635614595, 0.009836892550865983, 0.00920632251555406, 0.008954094501429291, 0.007861106440221961, 0.008954094501429291, 0.008912056499075165], [0.010467462586177905, 0.011392298637968723, 0.011560450647385236, 0.01349419875567513, 0.012317134689759543, 0.0, 0.013241970741550362, 0.012275096687405415, 0.010215234572053136, 0.008407600470825626, 0.008449638473179755, 0.008197410459054985, 0.008617790482596267, 0.009290398520262318], [0.010509500588532034, 0.010635614595594417, 0.011224146628552211, 0.012317134689759543, 0.01261140070623844, 0.013241970741550362, 0.0, 0.011812678661510005, 0.010635614595594417, 0.009416512527324701, 0.00874390448965865, 0.010047082562636624, 0.009080208508491677, 0.010509500588532034], [0.009878930553220111, 0.009290398520262318, 0.00924836051790819, 0.01101395661678157, 0.011350260635614595, 0.012275096687405415, 0.011812678661510005, 0.0, 0.012527324701530184, 0.01214898268034303, 0.012401210694467799, 0.011434336640322852, 0.009963006557928367, 0.011644526652093493], [0.00765091642845132, 0.007356650411972423, 0.007020346393139398, 0.009416512527324701, 0.009836892550865983, 0.010215234572053136, 0.010635614595594417, 0.012527324701530184, 0.0, 0.014082730788632924, 0.014082730788632924, 0.013662350765091643, 0.015469984866319153, 0.013872540776862284], [0.008071296451992602, 0.008701866487304524, 0.009038170506137548, 0.01034134857911552, 0.00920632251555406, 0.008407600470825626, 0.009416512527324701, 0.01214898268034303, 0.014082730788632924, 0.0, 0.014545148814528334, 0.013830502774508155, 0.014461072809820077, 0.015007566840423743], [0.007272574407264167, 0.007356650411972423, 0.008954094501429291, 0.008659828484950395, 0.008954094501429291, 0.008449638473179755, 0.00874390448965865, 0.012401210694467799, 0.014082730788632924, 0.014545148814528334, 0.0, 0.014461072809820077, 0.016562972927526485, 0.016647048932234742], [0.008617790482596267, 0.008407600470825626, 0.006894232386077013, 0.00920632251555406, 0.007861106440221961, 0.008197410459054985, 0.010047082562636624, 0.011434336640322852, 0.013662350765091643, 0.013830502774508155, 0.014461072809820077, 0.0, 0.017613922986379687, 0.017277618967546662], [0.0070623843954935265, 0.007230536404910039, 0.00811333445434673, 0.00878594249201278, 0.008954094501429291, 0.008617790482596267, 0.009080208508491677, 0.009963006557928367, 0.015469984866319153, 0.014461072809820077, 0.016562972927526485, 0.017613922986379687, 0.0, 0.018790987052295274], [0.007861106440221961, 0.007314612409618295, 0.008491676475533883, 0.008407600470825626, 0.008912056499075165, 0.009290398520262318, 0.010509500588532034, 0.011644526652093493, 0.013872540776862284, 0.015007566840423743, 0.016647048932234742, 0.017277618967546662, 0.018790987052295274, 0.0]]}