{"sysname": ["IITB", "SJTU", "PKU", "RAC", "IPN", "AMU", "UFC", "src", "JMGR", "UMC", "NTHU", "CUUI", "NUCLEA", "POST", "CAMB"], "counts": [[0.0, 0.020637898686679174, 0.009186776217894805, 0.00989842789674581, 0.009122080610726531, 0.00970434107524099, 0.007892864074529339, 0.00989842789674581, 0.008151646503202433, 0.008022255288865887, 0.008992689396389985, 0.007245908002846606, 0.008216342110370705, 0.0073752992171831535, 0.00711651678851006], [0.020637898686679174, 0.0, 0.01145112246878437, 0.009833732289577537, 0.010157210325418903, 0.008022255288865887, 0.008410428931875526, 0.009057385003558259, 0.0084751245390438, 0.008022255288865887, 0.008151646503202433, 0.008539820146212072, 0.0073752992171831535, 0.0073752992171831535, 0.0075046904315197], [0.009186776217894805, 0.01145112246878437, 0.0, 0.010804166397101637, 0.008863298182053439, 0.009380863039399626, 0.00989842789674581, 0.009963123503914085, 0.010545383968428544, 0.01086886200426991, 0.008086950896034159, 0.008410428931875526, 0.0073752992171831535, 0.00828103771753898, 0.00828103771753898], [0.00989842789674581, 0.009833732289577537, 0.010804166397101637, 0.0, 0.010610079575596816, 0.011580513683120916, 0.008927993789221713, 0.008539820146212072, 0.009510254253736172, 0.009057385003558259, 0.009186776217894805, 0.007892864074529339, 0.008151646503202433, 0.008669211360548618, 0.007957559681697613], [0.009122080610726531, 0.010157210325418903, 0.008863298182053439, 0.010610079575596816, 0.0, 0.009963123503914085, 0.009316167432231352, 0.009445558646567898, 0.011515818075952642, 0.00970434107524099, 0.008669211360548618, 0.007957559681697613, 0.009639645468072718, 0.007763472860192793, 0.0084751245390438], [0.00970434107524099, 0.008022255288865887, 0.009380863039399626, 0.011580513683120916, 0.009963123503914085, 0.0, 0.010545383968428544, 0.009445558646567898, 0.009251471825063078, 0.008410428931875526, 0.009639645468072718, 0.0073752992171831535, 0.009057385003558259, 0.009769036682409265, 0.01048068836126027], [0.007892864074529339, 0.008410428931875526, 0.00989842789674581, 0.008927993789221713, 0.009316167432231352, 0.010545383968428544, 0.0, 0.009316167432231352, 0.00989842789674581, 0.009380863039399626, 0.008733906967716892, 0.008798602574885165, 0.008216342110370705, 0.008733906967716892, 0.008733906967716892], [0.00989842789674581, 0.009057385003558259, 0.009963123503914085, 0.008539820146212072, 0.009445558646567898, 0.009445558646567898, 0.009316167432231352, 0.0, 0.010415992754091998, 0.008733906967716892, 0.008151646503202433, 0.009316167432231352, 0.008022255288865887, 0.008539820146212072, 0.007763472860192793], [0.008151646503202433, 0.0084751245390438, 0.010545383968428544, 0.009510254253736172, 0.011515818075952642, 0.009251471825063078, 0.00989842789674581, 0.010415992754091998, 0.0, 0.008733906967716892, 0.009251471825063078, 0.009963123503914085, 0.008733906967716892, 0.008927993789221713, 0.008992689396389985], [0.008022255288865887, 0.008022255288865887, 0.01086886200426991, 0.009057385003558259, 0.00970434107524099, 0.008410428931875526, 0.009380863039399626, 0.008733906967716892, 0.008733906967716892, 0.0, 0.009574949860904444, 0.01067477518276509, 0.011903991718962283, 0.011192340040111276, 0.01086886200426991], [0.008992689396389985, 0.008151646503202433, 0.008086950896034159, 0.009186776217894805, 0.008669211360548618, 0.009639645468072718, 0.008733906967716892, 0.008151646503202433, 0.009251471825063078, 0.009574949860904444, 0.0, 0.011192340040111276, 0.012809730219318109, 0.010545383968428544, 0.012421556576308468], [0.007245908002846606, 0.008539820146212072, 0.008410428931875526, 0.007892864074529339, 0.007957559681697613, 0.0073752992171831535, 0.008798602574885165, 0.009316167432231352, 0.009963123503914085, 0.01067477518276509, 0.011192340040111276, 0.0, 0.011968687326130555, 0.011645209290289189, 0.01442712039852494], [0.008216342110370705, 0.0073752992171831535, 0.0073752992171831535, 0.008151646503202433, 0.009639645468072718, 0.009057385003558259, 0.008216342110370705, 0.008022255288865887, 0.008733906967716892, 0.011903991718962283, 0.012809730219318109, 0.011968687326130555, 0.0, 0.01365077311250566, 0.013974251148347027], [0.0073752992171831535, 0.0073752992171831535, 0.00828103771753898, 0.008669211360548618, 0.007763472860192793, 0.009769036682409265, 0.008733906967716892, 0.008539820146212072, 0.008927993789221713, 0.011192340040111276, 0.010545383968428544, 0.011645209290289189, 0.01365077311250566, 0.0, 0.014685902827198033], [0.00711651678851006, 0.0075046904315197, 0.00828103771753898, 0.007957559681697613, 0.0084751245390438, 0.01048068836126027, 0.008733906967716892, 0.007763472860192793, 0.008992689396389985, 0.01086886200426991, 0.012421556576308468, 0.01442712039852494, 0.013974251148347027, 0.014685902827198033, 0.0]]}