{"counts": [[0.0, 0.017908189002858583, 0.0174878089793173, 0.012905666722717337, 0.01328400874390449, 0.011392298637968723, 0.009374474524970573, 0.008029258449638473, 0.007777030435513704, 0.007104422397847654, 0.006894232386077013, 0.006810156381368757, 0.006894232386077013, 0.0070623843954935265], [0.017908189002858583, 0.0, 0.017025390953421895, 0.013157894736842105, 0.011392298637968723, 0.010047082562636624, 0.01013115856734488, 0.008954094501429291, 0.009038170506137548, 0.007398688414326551, 0.007104422397847654, 0.0074407264166806795, 0.006684042374306373, 0.0070623843954935265], [0.0174878089793173, 0.017025390953421895, 0.0, 0.012779552715654952, 0.011644526652093493, 0.011350260635614595, 0.01034134857911552, 0.00811333445434673, 0.00924836051790819, 0.007314612409618295, 0.006347738355473348, 0.007566840423743064, 0.006810156381368757, 0.0069783083907852695], [0.012905666722717337, 0.013157894736842105, 0.012779552715654952, 0.0, 0.013830502774508155, 0.012275096687405415, 0.01256936270388431, 0.010677652597948546, 0.009584664536741214, 0.0070623843954935265, 0.008617790482596267, 0.007734992433159576, 0.008197410459054985, 0.008155372456700857], [0.01328400874390449, 0.011392298637968723, 0.011644526652093493, 0.013830502774508155, 0.0, 0.012653438708592568, 0.012275096687405415, 0.011308222633260468, 0.010089120564990752, 0.009164284513199932, 0.01013115856734488, 0.007777030435513704, 0.009080208508491677, 0.0070623843954935265], [0.011392298637968723, 0.010047082562636624, 0.011350260635614595, 0.012275096687405415, 0.012653438708592568, 0.0, 0.014292920800403565, 0.011350260635614595, 0.010509500588532034, 0.009836892550865983, 0.009794854548511854, 0.009752816546157726, 0.008617790482596267, 0.009416512527324701], [0.009374474524970573, 0.01013115856734488, 0.01034134857911552, 0.01256936270388431, 0.012275096687405415, 0.014292920800403565, 0.0, 0.012191020682697158, 0.01261140070623844, 0.011392298637968723, 0.009416512527324701, 0.009332436522616444, 0.00924836051790819, 0.010089120564990752], [0.008029258449638473, 0.008954094501429291, 0.00811333445434673, 0.010677652597948546, 0.011308222633260468, 0.011350260635614595, 0.012191020682697158, 0.0, 0.013241970741550362, 0.012527324701530184, 0.010887842609719187, 0.011854716663864133, 0.012485286699176056, 0.013620312762737515], [0.007777030435513704, 0.009038170506137548, 0.00924836051790819, 0.009584664536741214, 0.010089120564990752, 0.010509500588532034, 0.01261140070623844, 0.013241970741550362, 0.0, 0.013199932739196233, 0.013241970741550362, 0.01256936270388431, 0.011055994619135699, 0.012779552715654952], [0.007104422397847654, 0.007398688414326551, 0.007314612409618295, 0.0070623843954935265, 0.009164284513199932, 0.009836892550865983, 0.011392298637968723, 0.012527324701530184, 0.013199932739196233, 0.0, 0.015638136875735665, 0.015343870859256769, 0.01639482091810997, 0.015385908861610896], [0.006894232386077013, 0.007104422397847654, 0.006347738355473348, 0.008617790482596267, 0.01013115856734488, 0.009794854548511854, 0.009416512527324701, 0.010887842609719187, 0.013241970741550362, 0.015638136875735665, 0.0, 0.017740036993442072, 0.0164368589204641, 0.015554060871027408], [0.006810156381368757, 0.0074407264166806795, 0.007566840423743064, 0.007734992433159576, 0.007777030435513704, 0.009752816546157726, 0.009332436522616444, 0.011854716663864133, 0.01256936270388431, 0.015343870859256769, 0.017740036993442072, 0.0, 0.01593240289221456, 0.01795022700521271], [0.006894232386077013, 0.006684042374306373, 0.006810156381368757, 0.008197410459054985, 0.009080208508491677, 0.008617790482596267, 0.00924836051790819, 0.012485286699176056, 0.011055994619135699, 0.01639482091810997, 0.0164368589204641, 0.01593240289221456, 0.0, 0.023204977299478728], [0.0070623843954935265, 0.0070623843954935265, 0.0069783083907852695, 0.008155372456700857, 0.0070623843954935265, 0.009416512527324701, 0.010089120564990752, 0.013620312762737515, 0.012779552715654952, 0.015385908861610896, 0.015554060871027408, 0.01795022700521271, 0.023204977299478728, 0.0]], "sysname": ["SOURCE", "UFC", "IITB", "SJTU", "IPN", "RAC", "PKU", "AMU", "UMC", "NTHU", "POST", "CUUI", "NUCLEA", "CAMB"]}