{"sysname": ["PKU", "AMU", "RAC", "NUCLEA", "POST", "CAMB", "SOURCE", "UMC", "NTHU", "CUUI", "UFC", "IITB", "IPN", "SJTU"], "counts": [[0.0, 0.01328400874390449, 0.012779552715654952, 0.012401210694467799, 0.011392298637968723, 0.010929880612073315, 0.009500588532032958, 0.010761728602656801, 0.010887842609719187, 0.009542626534387085, 0.010719690600302674, 0.010047082562636624, 0.010257272574407264, 0.010173196569699007], [0.01328400874390449, 0.0, 0.013704388767445772, 0.012317134689759543, 0.011938792668572389, 0.01055153859088616, 0.009038170506137548, 0.01013115856734488, 0.010719690600302674, 0.009836892550865983, 0.009752816546157726, 0.010593576593240289, 0.01013115856734488, 0.010425424583823777], [0.012779552715654952, 0.013704388767445772, 0.0, 0.013199932739196233, 0.010593576593240289, 0.01147637464267698, 0.010509500588532034, 0.01080376660501093, 0.009332436522616444, 0.010635614595594417, 0.010005044560282495, 0.010299310576761393, 0.009542626534387085, 0.009416512527324701], [0.012401210694467799, 0.012317134689759543, 0.013199932739196233, 0.0, 0.010971918614427442, 0.012022868673280646, 0.010047082562636624, 0.010215234572053136, 0.010299310576761393, 0.011224146628552211, 0.010257272574407264, 0.01101395661678157, 0.011854716663864133, 0.010173196569699007], [0.011392298637968723, 0.011938792668572389, 0.010593576593240289, 0.010971918614427442, 0.0, 0.010719690600302674, 0.011896754666218262, 0.010635614595594417, 0.011434336640322852, 0.011644526652093493, 0.011644526652093493, 0.009963006557928367, 0.010971918614427442, 0.01034134857911552], [0.010929880612073315, 0.01055153859088616, 0.01147637464267698, 0.012022868673280646, 0.010719690600302674, 0.0, 0.012022868673280646, 0.011854716663864133, 0.01034134857911552, 0.010971918614427442, 0.01126618463090634, 0.010761728602656801, 0.011560450647385236, 0.01101395661678157], [0.009500588532032958, 0.009038170506137548, 0.010509500588532034, 0.010047082562636624, 0.011896754666218262, 0.012022868673280646, 0.0, 0.011518412645031109, 0.011644526652093493, 0.011308222633260468, 0.01055153859088616, 0.009963006557928367, 0.011182108626198083, 0.011308222633260468], [0.010761728602656801, 0.01013115856734488, 0.01080376660501093, 0.010215234572053136, 0.010635614595594417, 0.011854716663864133, 0.011518412645031109, 0.0, 0.01101395661678157, 0.011350260635614595, 0.010509500588532034, 0.012106944677988903, 0.010635614595594417, 0.012275096687405415], [0.010887842609719187, 0.010719690600302674, 0.009332436522616444, 0.010299310576761393, 0.011434336640322852, 0.01034134857911552, 0.011644526652093493, 0.01101395661678157, 0.0, 0.011812678661510005, 0.012064906675634774, 0.011308222633260468, 0.011182108626198083, 0.010971918614427442], [0.009542626534387085, 0.009836892550865983, 0.010635614595594417, 0.011224146628552211, 0.011644526652093493, 0.010971918614427442, 0.011308222633260468, 0.011350260635614595, 0.011812678661510005, 0.0, 0.011308222633260468, 0.012064906675634774, 0.011055994619135699, 0.011518412645031109], [0.010719690600302674, 0.009752816546157726, 0.010005044560282495, 0.010257272574407264, 0.011644526652093493, 0.01126618463090634, 0.01055153859088616, 0.010509500588532034, 0.012064906675634774, 0.011308222633260468, 0.0, 0.01101395661678157, 0.01080376660501093, 0.010719690600302674], [0.010047082562636624, 0.010593576593240289, 0.010299310576761393, 0.01101395661678157, 0.009963006557928367, 0.010761728602656801, 0.009963006557928367, 0.012106944677988903, 0.011308222633260468, 0.012064906675634774, 0.01101395661678157, 0.0, 0.010467462586177905, 0.011308222633260468], [0.010257272574407264, 0.01013115856734488, 0.009542626534387085, 0.011854716663864133, 0.010971918614427442, 0.011560450647385236, 0.011182108626198083, 0.010635614595594417, 0.011182108626198083, 0.011055994619135699, 0.01080376660501093, 0.010467462586177905, 0.0, 0.012275096687405415], [0.010173196569699007, 0.010425424583823777, 0.009416512527324701, 0.010173196569699007, 0.01034134857911552, 0.01101395661678157, 0.011308222633260468, 0.012275096687405415, 0.010971918614427442, 0.011518412645031109, 0.010719690600302674, 0.011308222633260468, 0.012275096687405415, 0.0]]}