{"sysname": ["PKU", "AMU", "RAC", "NUCLEA", "CAMB", "POST", "UMC", "SOURCE", "IITB", "NTHU", "CUUI", "UFC", "IPN", "SJTU"], "counts": [[0.0, 0.013045361047959295, 0.012882970661470174, 0.012395799502002815, 0.012341669373173108, 0.012504059759662229, 0.011962758471365163, 0.009689293060517483, 0.010501244992963083, 0.009472772545198658, 0.009959943704666017, 0.009364512287539244, 0.009635162931687778, 0.009039731514561005], [0.013045361047959295, 0.0, 0.013478402078596947, 0.011854498213705749, 0.011583847569557215, 0.010988416152430442, 0.010176464219984844, 0.010122334091155137, 0.009202121901050124, 0.010663635379452203, 0.011529717440727508, 0.010338854606473963, 0.010501244992963083, 0.009364512287539244], [0.012882970661470174, 0.013478402078596947, 0.0, 0.013099491176789001, 0.011637977698386922, 0.010447114864133376, 0.00974342318934719, 0.009959943704666017, 0.01055537512179279, 0.010447114864133376, 0.00990581357583631, 0.009472772545198658, 0.010122334091155137, 0.010338854606473963], [0.012395799502002815, 0.011854498213705749, 0.013099491176789001, 0.0, 0.011854498213705749, 0.010934286023600736, 0.010338854606473963, 0.011800368084876042, 0.009689293060517483, 0.01136732705423839, 0.01104254628126015, 0.010176464219984844, 0.010176464219984844, 0.010663635379452203], [0.012341669373173108, 0.011583847569557215, 0.011637977698386922, 0.011854498213705749, 0.0, 0.01104254628126015, 0.012125148857854281, 0.010880155894771029, 0.010663635379452203, 0.010826025765941324, 0.010501244992963083, 0.011313196925408683, 0.009689293060517483, 0.01136732705423839], [0.012504059759662229, 0.010988416152430442, 0.010447114864133376, 0.010934286023600736, 0.01104254628126015, 0.0, 0.011529717440727508, 0.010663635379452203, 0.01120493666774927, 0.011637977698386922, 0.011854498213705749, 0.01055537512179279, 0.010447114864133376, 0.01071776550828191], [0.011962758471365163, 0.010176464219984844, 0.00974342318934719, 0.010338854606473963, 0.012125148857854281, 0.011529717440727508, 0.0, 0.010826025765941324, 0.01104254628126015, 0.012179278986683988, 0.011259066796578976, 0.011529717440727508, 0.011421457183068095, 0.010447114864133376], [0.009689293060517483, 0.010122334091155137, 0.009959943704666017, 0.011800368084876042, 0.010880155894771029, 0.010663635379452203, 0.010826025765941324, 0.0, 0.010934286023600736, 0.010122334091155137, 0.011313196925408683, 0.010826025765941324, 0.01104254628126015, 0.011854498213705749], [0.010501244992963083, 0.009202121901050124, 0.01055537512179279, 0.009689293060517483, 0.010663635379452203, 0.01120493666774927, 0.01104254628126015, 0.010934286023600736, 0.0, 0.010230594348814551, 0.01277471040381076, 0.01039298473530367, 0.012233409115513695, 0.01071776550828191], [0.009472772545198658, 0.010663635379452203, 0.010447114864133376, 0.01136732705423839, 0.010826025765941324, 0.011637977698386922, 0.012179278986683988, 0.010122334091155137, 0.010230594348814551, 0.0, 0.011313196925408683, 0.011800368084876042, 0.01104254628126015, 0.011800368084876042], [0.009959943704666017, 0.011529717440727508, 0.00990581357583631, 0.01104254628126015, 0.010501244992963083, 0.011854498213705749, 0.011259066796578976, 0.011313196925408683, 0.01277471040381076, 0.011313196925408683, 0.0, 0.010284724477644256, 0.011259066796578976, 0.012125148857854281], [0.009364512287539244, 0.010338854606473963, 0.009472772545198658, 0.010176464219984844, 0.011313196925408683, 0.01055537512179279, 0.011529717440727508, 0.010826025765941324, 0.01039298473530367, 0.011800368084876042, 0.010284724477644256, 0.0, 0.012125148857854281, 0.011908628342535456], [0.009635162931687778, 0.010501244992963083, 0.010122334091155137, 0.010176464219984844, 0.009689293060517483, 0.010447114864133376, 0.011421457183068095, 0.01104254628126015, 0.012233409115513695, 0.01104254628126015, 0.011259066796578976, 0.012125148857854281, 0.0, 0.011800368084876042], [0.009039731514561005, 0.009364512287539244, 0.010338854606473963, 0.010663635379452203, 0.01136732705423839, 0.01071776550828191, 0.010447114864133376, 0.011854498213705749, 0.01071776550828191, 0.011800368084876042, 0.012125148857854281, 0.011908628342535456, 0.011800368084876042, 0.0]]}