{"counts": [[0.0, 0.01710946695813015, 0.018370607028753993, 0.01235917269211367, 0.012275096687405415, 0.010005044560282495, 0.009290398520262318, 0.009038170506137548, 0.007945182444930216, 0.007987220447284345, 0.007734992433159576, 0.007104422397847654, 0.006684042374306373, 0.006684042374306373], [0.01710946695813015, 0.0, 0.01689927694635951, 0.01307381873213385, 0.01261140070623844, 0.00966874054144947, 0.010509500588532034, 0.009416512527324701, 0.008071296451992602, 0.008197410459054985, 0.006852194383722886, 0.007566840423743064, 0.007020346393139398, 0.006179586346056835], [0.018370607028753993, 0.01689927694635951, 0.0, 0.014208844795695308, 0.011224146628552211, 0.010929880612073315, 0.009416512527324701, 0.009038170506137548, 0.008407600470825626, 0.006810156381368757, 0.006936270388431142, 0.007020346393139398, 0.006347738355473348, 0.006473852362535732], [0.01235917269211367, 0.01307381873213385, 0.014208844795695308, 0.0, 0.014419034807465949, 0.012695476710946696, 0.01126618463090634, 0.008323524466117371, 0.00945855052967883, 0.008827980494366908, 0.008407600470825626, 0.008071296451992602, 0.007819068437867832, 0.00899613250378342], [0.012275096687405415, 0.01261140070623844, 0.011224146628552211, 0.014419034807465949, 0.0, 0.014587186816882461, 0.011098032621489827, 0.010719690600302674, 0.009374474524970573, 0.008954094501429291, 0.008407600470825626, 0.009122246510845805, 0.008870018496721036, 0.00874390448965865], [0.010005044560282495, 0.00966874054144947, 0.010929880612073315, 0.012695476710946696, 0.014587186816882461, 0.0, 0.011980830670926517, 0.011518412645031109, 0.011644526652093493, 0.010257272574407264, 0.00924836051790819, 0.00945855052967883, 0.009080208508491677, 0.010173196569699007], [0.009290398520262318, 0.010509500588532034, 0.009416512527324701, 0.01126618463090634, 0.011098032621489827, 0.011980830670926517, 0.0, 0.012485286699176056, 0.012947704725071464, 0.010719690600302674, 0.011518412645031109, 0.010719690600302674, 0.011140070623843954, 0.010047082562636624], [0.009038170506137548, 0.009416512527324701, 0.009038170506137548, 0.008323524466117371, 0.010719690600302674, 0.011518412645031109, 0.012485286699176056, 0.0, 0.015049604842777871, 0.012779552715654952, 0.011224146628552211, 0.011098032621489827, 0.011098032621489827, 0.01303178072977972], [0.007945182444930216, 0.008071296451992602, 0.008407600470825626, 0.00945855052967883, 0.009374474524970573, 0.011644526652093493, 0.012947704725071464, 0.015049604842777871, 0.0, 0.013326046746258619, 0.01256936270388431, 0.012317134689759543, 0.011518412645031109, 0.012275096687405415], [0.007987220447284345, 0.008197410459054985, 0.006810156381368757, 0.008827980494366908, 0.008954094501429291, 0.010257272574407264, 0.010719690600302674, 0.012779552715654952, 0.013326046746258619, 0.0, 0.015343870859256769, 0.015638136875735665, 0.013746426769799898, 0.015217756852194383], [0.007734992433159576, 0.006852194383722886, 0.006936270388431142, 0.008407600470825626, 0.008407600470825626, 0.00924836051790819, 0.011518412645031109, 0.011224146628552211, 0.01256936270388431, 0.015343870859256769, 0.0, 0.01593240289221456, 0.016352782915755842, 0.017151504960484277], [0.007104422397847654, 0.007566840423743064, 0.007020346393139398, 0.008071296451992602, 0.009122246510845805, 0.00945855052967883, 0.010719690600302674, 0.011098032621489827, 0.012317134689759543, 0.015638136875735665, 0.01593240289221456, 0.0, 0.018160417016983354, 0.01597444089456869], [0.006684042374306373, 0.007020346393139398, 0.006347738355473348, 0.007819068437867832, 0.008870018496721036, 0.009080208508491677, 0.011140070623843954, 0.011098032621489827, 0.011518412645031109, 0.013746426769799898, 0.016352782915755842, 0.018160417016983354, 0.0, 0.02362535732302001], [0.006684042374306373, 0.006179586346056835, 0.006473852362535732, 0.00899613250378342, 0.00874390448965865, 0.010173196569699007, 0.010047082562636624, 0.01303178072977972, 0.012275096687405415, 0.015217756852194383, 0.017151504960484277, 0.01597444089456869, 0.02362535732302001, 0.0]], "sysname": ["SOURCE", "UFC", "IITB", "SJTU", "IPN", "RAC", "PKU", "AMU", "UMC", "NTHU", "POST", "CUUI", "NUCLEA", "CAMB"]}