{"counts": [[0.0, 0.01884501026006114, 0.017714309644457474, 0.011977050965283304, 0.011055739352569203, 0.010176305540433016, 0.011055739352569203, 0.008626826919050212, 0.007621759705180284, 0.007035470497089493, 0.007161103898823234, 0.0075798819046023706, 0.0067004480924661835, 0.006532936890154529], [0.01884501026006114, 0.0, 0.01700238703463294, 0.013568407387244023, 0.011767661962393735, 0.011390761757192513, 0.008417437916160644, 0.00804053771095942, 0.008249926713848988, 0.0076636375057581975, 0.00791490430922568, 0.006574814690732443, 0.006532936890154529, 0.007370492901712802], [0.017714309644457474, 0.01700238703463294, 0.0, 0.013107751580886971, 0.012228317768750786, 0.01055320574563424, 0.010385694543322584, 0.008417437916160644, 0.008333682315004816, 0.006826081494199924, 0.006742325893044097, 0.007370492901712802, 0.007035470497089493, 0.0075798819046023706], [0.011977050965283304, 0.013568407387244023, 0.013107751580886971, 0.0, 0.015327275011516395, 0.012437706771640354, 0.013065873780309057, 0.01009254993927719, 0.008543071317894384, 0.009296871728296829, 0.0077473931069140245, 0.008333682315004816, 0.006909837095355752, 0.007370492901712802], [0.011055739352569203, 0.011767661962393735, 0.012228317768750786, 0.015327275011516395, 0.0, 0.012018928765861216, 0.012772729176263663, 0.010427572343900498, 0.011097617153147117, 0.008417437916160644, 0.009129360525985175, 0.008752460320783952, 0.008333682315004816, 0.00871058252020604], [0.010176305540433016, 0.011390761757192513, 0.01055320574563424, 0.012437706771640354, 0.012018928765861216, 0.0, 0.01285648477741949, 0.011390761757192513, 0.010930105950835461, 0.010595083546212154, 0.009966916537543448, 0.009506260731186399, 0.009171238326563089, 0.009841283135809707], [0.011055739352569203, 0.008417437916160644, 0.010385694543322584, 0.013065873780309057, 0.012772729176263663, 0.01285648477741949, 0.0, 0.012102684367017044, 0.01239582897106244, 0.010720716947945894, 0.010427572343900498, 0.009464382930608485, 0.010008794338121362, 0.009590016332342225], [0.008626826919050212, 0.00804053771095942, 0.008417437916160644, 0.01009254993927719, 0.010427572343900498, 0.011390761757192513, 0.012102684367017044, 0.0, 0.014992252606893085, 0.011265128355458771, 0.01206080656643913, 0.013149629381464885, 0.011474517358348339, 0.013233384982620713], [0.007621759705180284, 0.008249926713848988, 0.008333682315004816, 0.008543071317894384, 0.011097617153147117, 0.010930105950835461, 0.01239582897106244, 0.014992252606893085, 0.0, 0.013359018384354453, 0.012102684367017044, 0.012940240378575317, 0.012563340173374094, 0.01285648477741949], [0.007035470497089493, 0.0076636375057581975, 0.006826081494199924, 0.009296871728296829, 0.008417437916160644, 0.010595083546212154, 0.010720716947945894, 0.011265128355458771, 0.013359018384354453, 0.0, 0.016457975627120064, 0.014657230202269778, 0.015201641609782655, 0.015494786213828049], [0.007161103898823234, 0.00791490430922568, 0.006742325893044097, 0.0077473931069140245, 0.009129360525985175, 0.009966916537543448, 0.010427572343900498, 0.01206080656643913, 0.012102684367017044, 0.016457975627120064, 0.0, 0.015997319820763013, 0.016332342225386324, 0.015578541814983877], [0.0075798819046023706, 0.006574814690732443, 0.007370492901712802, 0.008333682315004816, 0.008752460320783952, 0.009506260731186399, 0.009464382930608485, 0.013149629381464885, 0.012940240378575317, 0.014657230202269778, 0.015997319820763013, 0.0, 0.016960509234055027, 0.016374220025964236], [0.0067004480924661835, 0.006532936890154529, 0.007035470497089493, 0.006909837095355752, 0.008333682315004816, 0.009171238326563089, 0.010008794338121362, 0.011474517358348339, 0.012563340173374094, 0.015201641609782655, 0.016332342225386324, 0.016960509234055027, 0.0, 0.024037857531722433], [0.006532936890154529, 0.007370492901712802, 0.0075798819046023706, 0.007370492901712802, 0.00871058252020604, 0.009841283135809707, 0.009590016332342225, 0.013233384982620713, 0.01285648477741949, 0.015494786213828049, 0.015578541814983877, 0.016374220025964236, 0.024037857531722433, 0.0]], "sysname": ["SOURCE", "UFC", "IITB", "SJTU", "IPN", "RAC", "PKU", "AMU", "UMC", "NTHU", "POST", "CUUI", "NUCLEA", "CAMB"]}