{"sysname": ["IITB", "SJTU", "PKU", "RAC", "IPN", "UFC", "JMGR", "src", "AMU", "UMC", "NTHU", "CUUI", "NUCLEA", "POST", "CAMB"], "counts": [[0.0, 0.01914989972180889, 0.012292165361971922, 0.010545383968428544, 0.00989842789674581, 0.00828103771753898, 0.009251471825063078, 0.008539820146212072, 0.00970434107524099, 0.00828103771753898, 0.008604515753380346, 0.007245908002846606, 0.007051821181341787, 0.006598951931163874, 0.006857734359836967], [0.01914989972180889, 0.0, 0.013197903862327748, 0.010804166397101637, 0.009963123503914085, 0.009639645468072718, 0.008022255288865887, 0.00711651678851006, 0.008733906967716892, 0.008863298182053439, 0.007698777253024519, 0.0075046904315197, 0.007569386038687973, 0.007828168467361066, 0.007763472860192793], [0.012292165361971922, 0.013197903862327748, 0.0, 0.009833732289577537, 0.009833732289577537, 0.009639645468072718, 0.010933557611438183, 0.009510254253736172, 0.009380863039399626, 0.008151646503202433, 0.008539820146212072, 0.008798602574885165, 0.0069224299670052405, 0.0064048651096590544, 0.0075046904315197], [0.010545383968428544, 0.010804166397101637, 0.009833732289577537, 0.0, 0.010739470789933363, 0.008733906967716892, 0.010804166397101637, 0.008733906967716892, 0.008733906967716892, 0.007439994824351427, 0.009057385003558259, 0.008604515753380346, 0.008992689396389985, 0.007763472860192793, 0.009445558646567898], [0.00989842789674581, 0.009963123503914085, 0.009833732289577537, 0.010739470789933363, 0.0, 0.00970434107524099, 0.010221905932587178, 0.008927993789221713, 0.010933557611438183, 0.008410428931875526, 0.009122080610726531, 0.007698777253024519, 0.007892864074529339, 0.008086950896034159, 0.009251471825063078], [0.00828103771753898, 0.009639645468072718, 0.009639645468072718, 0.008733906967716892, 0.00970434107524099, 0.0, 0.007439994824351427, 0.010739470789933363, 0.009769036682409265, 0.008798602574885165, 0.009445558646567898, 0.008345733324707252, 0.009122080610726531, 0.007828168467361066, 0.009251471825063078], [0.009251471825063078, 0.008022255288865887, 0.010933557611438183, 0.010804166397101637, 0.010221905932587178, 0.007439994824351427, 0.0, 0.009639645468072718, 0.010221905932587178, 0.010739470789933363, 0.008669211360548618, 0.008345733324707252, 0.00989842789674581, 0.008992689396389985, 0.009316167432231352], [0.008539820146212072, 0.00711651678851006, 0.009510254253736172, 0.008733906967716892, 0.008927993789221713, 0.010739470789933363, 0.009639645468072718, 0.0, 0.010351297146923724, 0.008539820146212072, 0.008927993789221713, 0.009963123503914085, 0.007245908002846606, 0.009057385003558259, 0.008927993789221713], [0.00970434107524099, 0.008733906967716892, 0.009380863039399626, 0.008733906967716892, 0.010933557611438183, 0.009769036682409265, 0.010221905932587178, 0.010351297146923724, 0.0, 0.00989842789674581, 0.009057385003558259, 0.008151646503202433, 0.00989842789674581, 0.008992689396389985, 0.008539820146212072], [0.00828103771753898, 0.008863298182053439, 0.008151646503202433, 0.007439994824351427, 0.008410428931875526, 0.008798602574885165, 0.010739470789933363, 0.008539820146212072, 0.00989842789674581, 0.0, 0.012874425826486381, 0.011192340040111276, 0.01086886200426991, 0.009251471825063078, 0.010998253218606457], [0.008604515753380346, 0.007698777253024519, 0.008539820146212072, 0.009057385003558259, 0.009122080610726531, 0.009445558646567898, 0.008669211360548618, 0.008927993789221713, 0.009057385003558259, 0.012874425826486381, 0.0, 0.010415992754091998, 0.011645209290289189, 0.010610079575596816, 0.010221905932587178], [0.007245908002846606, 0.0075046904315197, 0.008798602574885165, 0.008604515753380346, 0.007698777253024519, 0.008345733324707252, 0.008345733324707252, 0.009963123503914085, 0.008151646503202433, 0.011192340040111276, 0.010415992754091998, 0.0, 0.013715468719673935, 0.012939121433654655, 0.012745034612149835], [0.007051821181341787, 0.007569386038687973, 0.0069224299670052405, 0.008992689396389985, 0.007892864074529339, 0.009122080610726531, 0.00989842789674581, 0.007245908002846606, 0.00989842789674581, 0.01086886200426991, 0.011645209290289189, 0.013715468719673935, 0.0, 0.015397554506049039, 0.01345668629100084], [0.006598951931163874, 0.007828168467361066, 0.0064048651096590544, 0.007763472860192793, 0.008086950896034159, 0.007828168467361066, 0.008992689396389985, 0.009057385003558259, 0.008992689396389985, 0.009251471825063078, 0.010610079575596816, 0.012939121433654655, 0.015397554506049039, 0.0, 0.01779129197127515], [0.006857734359836967, 0.007763472860192793, 0.0075046904315197, 0.009445558646567898, 0.009251471825063078, 0.009251471825063078, 0.009316167432231352, 0.008927993789221713, 0.008539820146212072, 0.010998253218606457, 0.010221905932587178, 0.012745034612149835, 0.01345668629100084, 0.01779129197127515, 0.0]]}