{"sysname": ["CAMB", "NUCLEA", "POST", "CUUI", "AMU", "NTHU", "UMC", "PKU", "RAC", "IPN", "SJTU", "IITB", "UFC", "SOURCE"], "counts": [[0.0, 0.028811926797604588, 0.0168767536328992, 0.014866619205159345, 0.012270195569328698, 0.013652162988399849, 0.012228317768750786, 0.011055739352569203, 0.00975752753465388, 0.007496126303446543, 0.007956782109803592, 0.006826081494199924, 0.005695380878596256, 0.006407303488420788], [0.028811926797604588, 0.0, 0.017169898236944595, 0.013317140583776541, 0.012940240378575317, 0.01285648477741949, 0.011474517358348339, 0.010008794338121362, 0.009590016332342225, 0.00871058252020604, 0.007035470497089493, 0.006365425687842875, 0.006114158884375393, 0.006491059089576616], [0.0168767536328992, 0.017169898236944595, 0.0, 0.014531596800536036, 0.01457347460111395, 0.013484651786088195, 0.011809539762971649, 0.012647095774529922, 0.011683906361237908, 0.008208048913271076, 0.008124293312115248, 0.006909837095355752, 0.0066166924913103565, 0.005444114075128775], [0.014866619205159345, 0.013317140583776541, 0.014531596800536036, 0.0, 0.015201641609782655, 0.01469910800284769, 0.01273085137568575, 0.012018928765861216, 0.011223250554880857, 0.008961849323673521, 0.008417437916160644, 0.006784203693622011, 0.007244859499979061, 0.006951714895933665], [0.012270195569328698, 0.012940240378575317, 0.01457347460111395, 0.015201641609782655, 0.0, 0.014866619205159345, 0.013610285187821935, 0.013023995979731145, 0.011390761757192513, 0.008417437916160644, 0.00804053771095942, 0.008249926713848988, 0.006742325893044097, 0.007202981699401147], [0.013652162988399849, 0.01285648477741949, 0.013484651786088195, 0.01469910800284769, 0.014866619205159345, 0.0, 0.013442773985510281, 0.012186439968172872, 0.01101386155199129, 0.008919971523095607, 0.008794338121361866, 0.007538004104024457, 0.007998659910381506, 0.00745424850286863], [0.012228317768750786, 0.011474517358348339, 0.011809539762971649, 0.01273085137568575, 0.013610285187821935, 0.013442773985510281, 0.0, 0.013442773985510281, 0.01206080656643913, 0.010469450144478412, 0.009925038736965534, 0.007956782109803592, 0.008166171112693162, 0.008124293312115248], [0.011055739352569203, 0.010008794338121362, 0.012647095774529922, 0.012018928765861216, 0.013023995979731145, 0.012186439968172872, 0.013442773985510281, 0.0, 0.013484651786088195, 0.01088822815025755, 0.009380627329452657, 0.008166171112693162, 0.009464382930608485, 0.00837556011558273], [0.00975752753465388, 0.009590016332342225, 0.011683906361237908, 0.011223250554880857, 0.011390761757192513, 0.01101386155199129, 0.01206080656643913, 0.013484651786088195, 0.0, 0.012144562167594958, 0.011097617153147117, 0.009129360525985175, 0.009590016332342225, 0.010427572343900498], [0.007496126303446543, 0.00871058252020604, 0.008208048913271076, 0.008961849323673521, 0.008417437916160644, 0.008919971523095607, 0.010469450144478412, 0.01088822815025755, 0.012144562167594958, 0.0, 0.016248586624230496, 0.014029063193601072, 0.013317140583776541, 0.012647095774529922], [0.007956782109803592, 0.007035470497089493, 0.008124293312115248, 0.008417437916160644, 0.00804053771095942, 0.008794338121361866, 0.009925038736965534, 0.009380627329452657, 0.011097617153147117, 0.016248586624230496, 0.0, 0.013442773985510281, 0.013652162988399849, 0.01469910800284769], [0.006826081494199924, 0.006365425687842875, 0.006909837095355752, 0.006784203693622011, 0.008249926713848988, 0.007538004104024457, 0.007956782109803592, 0.008166171112693162, 0.009129360525985175, 0.014029063193601072, 0.013442773985510281, 0.0, 0.01897064366179488, 0.018593743456593658], [0.005695380878596256, 0.006114158884375393, 0.0066166924913103565, 0.007244859499979061, 0.006742325893044097, 0.007998659910381506, 0.008166171112693162, 0.009464382930608485, 0.009590016332342225, 0.013317140583776541, 0.013652162988399849, 0.01897064366179488, 0.0, 0.01897064366179488], [0.006407303488420788, 0.006491059089576616, 0.005444114075128775, 0.006951714895933665, 0.007202981699401147, 0.00745424850286863, 0.008124293312115248, 0.00837556011558273, 0.010427572343900498, 0.012647095774529922, 0.01469910800284769, 0.018593743456593658, 0.01897064366179488, 0.0]]}