{"sysname": ["CAMB", "NUCLEA", "POST", "CUUI", "NTHU", "AMU", "UMC", "PKU", "RAC", "IPN", "SJTU", "IITB", "UFC", "SOURCE"], "counts": [[0.0, 0.025441160549962108, 0.017159250839016996, 0.017484031611995236, 0.015372956587636679, 0.011583847569557215, 0.012179278986683988, 0.00974342318934719, 0.010014073833495724, 0.008119519324455992, 0.007632348164988633, 0.006441485330735087, 0.006603875717224207, 0.006658005846053913], [0.025441160549962108, 0.0, 0.01678033993720905, 0.015156436072317852, 0.013370141820937534, 0.013099491176789001, 0.012882970661470174, 0.011150806538919563, 0.011908628342535456, 0.007091046876691567, 0.008336039839774819, 0.006224964815416261, 0.005304752625311248, 0.005088232109992422], [0.017159250839016996, 0.01678033993720905, 0.0, 0.01775468225614377, 0.015427086716466386, 0.012287539244343402, 0.011800368084876042, 0.010230594348814551, 0.010176464219984844, 0.008390169968604526, 0.008119519324455992, 0.006766266103713327, 0.0068745263613727405, 0.006928656490202446], [0.017484031611995236, 0.015156436072317852, 0.01775468225614377, 0.0, 0.015102305943488145, 0.011637977698386922, 0.011529717440727508, 0.011475587311897802, 0.009472772545198658, 0.008336039839774819, 0.008498430226263938, 0.007740608422648046, 0.0071451770055212735, 0.006549745588394501], [0.015372956587636679, 0.013370141820937534, 0.015427086716466386, 0.015102305943488145, 0.0, 0.014290354011042547, 0.012287539244343402, 0.010988416152430442, 0.01006820396232543, 0.009472772545198658, 0.008606690483923351, 0.00784886868030746, 0.008552560355093644, 0.006116704557756847], [0.011583847569557215, 0.013099491176789001, 0.012287539244343402, 0.011637977698386922, 0.014290354011042547, 0.0, 0.014831655299339613, 0.011475587311897802, 0.011583847569557215, 0.010609505250622497, 0.00974342318934719, 0.007632348164988633, 0.008227779582115406, 0.008227779582115406], [0.012179278986683988, 0.012882970661470174, 0.011800368084876042, 0.011529717440727508, 0.012287539244343402, 0.014831655299339613, 0.0, 0.01277471040381076, 0.01261232001732164, 0.011096676410089856, 0.009581032802858071, 0.008065389195626285, 0.008011259066796578, 0.007902998809137167], [0.00974342318934719, 0.011150806538919563, 0.010230594348814551, 0.011475587311897802, 0.010988416152430442, 0.011475587311897802, 0.01277471040381076, 0.0, 0.014831655299339613, 0.012395799502002815, 0.010663635379452203, 0.009039731514561005, 0.008390169968604526, 0.009797553318176897], [0.010014073833495724, 0.011908628342535456, 0.010176464219984844, 0.009472772545198658, 0.01006820396232543, 0.011583847569557215, 0.01261232001732164, 0.014831655299339613, 0.0, 0.011692107827216629, 0.010988416152430442, 0.010447114864133376, 0.009147991772220417, 0.009039731514561005], [0.008119519324455992, 0.007091046876691567, 0.008390169968604526, 0.008336039839774819, 0.009472772545198658, 0.010609505250622497, 0.011096676410089856, 0.012395799502002815, 0.011692107827216629, 0.0, 0.014452744397531666, 0.012937100790299881, 0.012233409115513695, 0.013153621305618708], [0.007632348164988633, 0.008336039839774819, 0.008119519324455992, 0.008498430226263938, 0.008606690483923351, 0.00974342318934719, 0.009581032802858071, 0.010663635379452203, 0.010988416152430442, 0.014452744397531666, 0.0, 0.013478402078596947, 0.013640792465086067, 0.01326188156327812], [0.006441485330735087, 0.006224964815416261, 0.006766266103713327, 0.007740608422648046, 0.00784886868030746, 0.007632348164988633, 0.008065389195626285, 0.009039731514561005, 0.010447114864133376, 0.012937100790299881, 0.013478402078596947, 0.0, 0.01775468225614377, 0.018295983544440834], [0.006603875717224207, 0.005304752625311248, 0.0068745263613727405, 0.0071451770055212735, 0.008552560355093644, 0.008227779582115406, 0.008011259066796578, 0.008390169968604526, 0.009147991772220417, 0.012233409115513695, 0.013640792465086067, 0.01775468225614377, 0.0, 0.020677709212947926], [0.006658005846053913, 0.005088232109992422, 0.006928656490202446, 0.006549745588394501, 0.006116704557756847, 0.008227779582115406, 0.007902998809137167, 0.009797553318176897, 0.009039731514561005, 0.013153621305618708, 0.01326188156327812, 0.018295983544440834, 0.020677709212947926, 0.0]]}