{"sysname": ["SOURCE", "UFC", "IITB", "SJTU", "IPN", "RAC", "PKU", "AMU", "UMC", "NTHU", "POST", "CUUI", "NUCLEA", "CAMB"], "counts": [[0.0, 0.017839943046191215, 0.016541731228275892, 0.011893295364127476, 0.01206080656643913, 0.011893295364127476, 0.010762594748523808, 0.009799405335231794, 0.007956782109803592, 0.006281670086687047, 0.007538004104024457, 0.007077348297667406, 0.006993592696511579, 0.006156036684953306], [0.017839943046191215, 0.0, 0.016583609028853804, 0.01252146237279618, 0.01172578416181582, 0.011307006156036685, 0.01101386155199129, 0.00850119351731647, 0.008249926713848988, 0.008124293312115248, 0.007244859499979061, 0.006030403283219565, 0.006784203693622011, 0.007161103898823234], [0.016541731228275892, 0.016583609028853804, 0.0, 0.012563340173374094, 0.011474517358348339, 0.011432639557770427, 0.01206080656643913, 0.00871058252020604, 0.007538004104024457, 0.007538004104024457, 0.006993592696511579, 0.006909837095355752, 0.007412370702290716, 0.007328615101134889], [0.011893295364127476, 0.01252146237279618, 0.012563340173374094, 0.0, 0.01285648477741949, 0.013191507182042799, 0.011767661962393735, 0.010301938942166758, 0.010176305540433016, 0.008668704719628125, 0.008668704719628125, 0.008752460320783952, 0.00837556011558273, 0.007831148708069852], [0.01206080656643913, 0.01172578416181582, 0.011474517358348339, 0.01285648477741949, 0.0, 0.01273085137568575, 0.012940240378575317, 0.010846350349679635, 0.010385694543322584, 0.00883621592193978, 0.00942250513003057, 0.008752460320783952, 0.009213116127141003, 0.009045604924829347], [0.011893295364127476, 0.011307006156036685, 0.011432639557770427, 0.013191507182042799, 0.01273085137568575, 0.0, 0.01285648477741949, 0.011097617153147117, 0.011432639557770427, 0.009966916537543448, 0.009464382930608485, 0.008208048913271076, 0.008584949118472298, 0.00871058252020604], [0.010762594748523808, 0.01101386155199129, 0.01206080656643913, 0.011767661962393735, 0.012940240378575317, 0.01285648477741949, 0.0, 0.011348883956614599, 0.010804472549101721, 0.00975752753465388, 0.010343816742744672, 0.01021818334101093, 0.008878093722517693, 0.00975752753465388], [0.009799405335231794, 0.00850119351731647, 0.00871058252020604, 0.010301938942166758, 0.010846350349679635, 0.011097617153147117, 0.011348883956614599, 0.0, 0.014154696595334812, 0.014615352401691864, 0.011767661962393735, 0.012144562167594958, 0.01172578416181582, 0.01067883914736798], [0.007956782109803592, 0.008249926713848988, 0.007538004104024457, 0.010176305540433016, 0.010385694543322584, 0.011432639557770427, 0.010804472549101721, 0.014154696595334812, 0.0, 0.01273085137568575, 0.013694040788977763, 0.012312073369906612, 0.012814606976841576, 0.01273085137568575], [0.006281670086687047, 0.008124293312115248, 0.007538004104024457, 0.008668704719628125, 0.00883621592193978, 0.009966916537543448, 0.00975752753465388, 0.014615352401691864, 0.01273085137568575, 0.0, 0.015327275011516395, 0.015159763809204741, 0.015076008208048913, 0.01582980861845136], [0.007538004104024457, 0.007244859499979061, 0.006993592696511579, 0.008668704719628125, 0.00942250513003057, 0.009464382930608485, 0.010343816742744672, 0.011767661962393735, 0.013694040788977763, 0.015327275011516395, 0.0, 0.01641609782654215, 0.014740985803425604, 0.016667364630009632], [0.007077348297667406, 0.006030403283219565, 0.006909837095355752, 0.008752460320783952, 0.008752460320783952, 0.008208048913271076, 0.01021818334101093, 0.012144562167594958, 0.012312073369906612, 0.015159763809204741, 0.01641609782654215, 0.0, 0.016834875832321287, 0.01892876586121697], [0.006993592696511579, 0.006784203693622011, 0.007412370702290716, 0.00837556011558273, 0.009213116127141003, 0.008584949118472298, 0.008878093722517693, 0.01172578416181582, 0.012814606976841576, 0.015076008208048913, 0.014740985803425604, 0.016834875832321287, 0.0, 0.02345156832363164], [0.006156036684953306, 0.007161103898823234, 0.007328615101134889, 0.007831148708069852, 0.009045604924829347, 0.00871058252020604, 0.00975752753465388, 0.01067883914736798, 0.01273085137568575, 0.01582980861845136, 0.016667364630009632, 0.01892876586121697, 0.02345156832363164, 0.0]]}