{"counts": [[0.0, 0.017445770976963176, 0.01710946695813015, 0.013199932739196233, 0.011182108626198083, 0.009626702539095342, 0.011980830670926517, 0.007861106440221961, 0.008659828484950395, 0.007734992433159576, 0.007524802421388936, 0.0070623843954935265, 0.006473852362535732, 0.00630570035311922], [0.017445770976963176, 0.0, 0.017277618967546662, 0.011224146628552211, 0.010635614595594417, 0.011812678661510005, 0.010677652597948546, 0.01013115856734488, 0.007945182444930216, 0.007482764419034807, 0.007482764419034807, 0.00718849840255591, 0.00718849840255591, 0.006431814360181604], [0.01710946695813015, 0.017277618967546662, 0.0, 0.011896754666218262, 0.01034134857911552, 0.01126618463090634, 0.011182108626198083, 0.00966874054144947, 0.009332436522616444, 0.0070623843954935265, 0.006557928367243989, 0.008449638473179755, 0.007272574407264167, 0.006557928367243989], [0.013199932739196233, 0.011224146628552211, 0.011896754666218262, 0.0, 0.013410122750966874, 0.012485286699176056, 0.011938792668572389, 0.01080376660501093, 0.009500588532032958, 0.009080208508491677, 0.009416512527324701, 0.008659828484950395, 0.007020346393139398, 0.00945855052967883], [0.011182108626198083, 0.010635614595594417, 0.01034134857911552, 0.013410122750966874, 0.0, 0.013662350765091643, 0.012863628720363209, 0.011182108626198083, 0.010425424583823777, 0.009164284513199932, 0.009794854548511854, 0.009752816546157726, 0.008954094501429291, 0.009080208508491677], [0.009626702539095342, 0.011812678661510005, 0.01126618463090634, 0.012485286699176056, 0.013662350765091643, 0.0, 0.014124768790987053, 0.010929880612073315, 0.009626702539095342, 0.009963006557928367, 0.009794854548511854, 0.008827980494366908, 0.00920632251555406, 0.009542626534387085], [0.011980830670926517, 0.010677652597948546, 0.011182108626198083, 0.011938792668572389, 0.012863628720363209, 0.014124768790987053, 0.0, 0.010299310576761393, 0.011686564654447621, 0.009416512527324701, 0.009290398520262318, 0.009542626534387085, 0.009164284513199932, 0.010299310576761393], [0.007861106440221961, 0.01013115856734488, 0.00966874054144947, 0.01080376660501093, 0.011182108626198083, 0.010929880612073315, 0.010299310576761393, 0.0, 0.013830502774508155, 0.013368084748612745, 0.011854716663864133, 0.011140070623843954, 0.010887842609719187, 0.012695476710946696], [0.008659828484950395, 0.007945182444930216, 0.009332436522616444, 0.009500588532032958, 0.010425424583823777, 0.009626702539095342, 0.011686564654447621, 0.013830502774508155, 0.0, 0.01307381873213385, 0.013704388767445772, 0.012317134689759543, 0.012695476710946696, 0.012947704725071464], [0.007734992433159576, 0.007482764419034807, 0.0070623843954935265, 0.009080208508491677, 0.009164284513199932, 0.009963006557928367, 0.009416512527324701, 0.013368084748612745, 0.01307381873213385, 0.0, 0.015007566840423743, 0.014503110812174206, 0.017193542962838405, 0.015596098873381536], [0.007524802421388936, 0.007482764419034807, 0.006557928367243989, 0.009416512527324701, 0.009794854548511854, 0.009794854548511854, 0.009290398520262318, 0.011854716663864133, 0.013704388767445772, 0.015007566840423743, 0.0, 0.015596098873381536, 0.015427946863965024, 0.0164368589204641], [0.0070623843954935265, 0.00718849840255591, 0.008449638473179755, 0.008659828484950395, 0.009752816546157726, 0.008827980494366908, 0.009542626534387085, 0.011140070623843954, 0.012317134689759543, 0.014503110812174206, 0.015596098873381536, 0.0, 0.01736169497225492, 0.016983352951067766], [0.006473852362535732, 0.00718849840255591, 0.007272574407264167, 0.007020346393139398, 0.008954094501429291, 0.00920632251555406, 0.009164284513199932, 0.010887842609719187, 0.012695476710946696, 0.017193542962838405, 0.015427946863965024, 0.01736169497225492, 0.0, 0.021775685219438373], [0.00630570035311922, 0.006431814360181604, 0.006557928367243989, 0.00945855052967883, 0.009080208508491677, 0.009542626534387085, 0.010299310576761393, 0.012695476710946696, 0.012947704725071464, 0.015596098873381536, 0.0164368589204641, 0.016983352951067766, 0.021775685219438373, 0.0]], "sysname": ["SOURCE", "UFC", "IITB", "SJTU", "IPN", "RAC", "PKU", "AMU", "UMC", "POST", "NTHU", "CUUI", "NUCLEA", "CAMB"]}