{"counts": [[0.0, 0.02029879831113998, 0.019540976507524087, 0.012937100790299881, 0.012395799502002815, 0.010988416152430442, 0.00703691674786186, 0.00784886868030746, 0.007632348164988633, 0.007957128937966872, 0.00703691674786186, 0.006982786619032153, 0.005900184042438021, 0.005142362238822128], [0.02029879831113998, 0.0, 0.018620764317419075, 0.014615134784020786, 0.012558189888491935, 0.009581032802858071, 0.009526902674028365, 0.00784886868030746, 0.007794738551477752, 0.00703691674786186, 0.006549745588394501, 0.006603875717224207, 0.005521273140630075, 0.005196492367651835], [0.019540976507524087, 0.018620764317419075, 0.0, 0.014452744397531666, 0.012991230919129588, 0.009418642416368951, 0.010284724477644256, 0.0068745263613727405, 0.008390169968604526, 0.006495615459564794, 0.006224964815416261, 0.007091046876691567, 0.006603875717224207, 0.005683663527119195], [0.012937100790299881, 0.014615134784020786, 0.014452744397531666, 0.0, 0.013857312980404893, 0.012504059759662229, 0.011096676410089856, 0.009039731514561005, 0.008444300097434233, 0.009472772545198658, 0.00784886868030746, 0.008227779582115406, 0.006766266103713327, 0.008173649453285699], [0.012395799502002815, 0.012558189888491935, 0.012991230919129588, 0.013857312980404893, 0.0, 0.01407383349572372, 0.011637977698386922, 0.011096676410089856, 0.009581032802858071, 0.008985601385731299, 0.008985601385731299, 0.007957128937966872, 0.008281909710945112, 0.008498430226263938], [0.010988416152430442, 0.009581032802858071, 0.009418642416368951, 0.012504059759662229, 0.01407383349572372, 0.0, 0.014127963624553427, 0.01071776550828191, 0.01071776550828191, 0.010284724477644256, 0.010880155894771029, 0.010826025765941324, 0.008444300097434233, 0.009689293060517483], [0.00703691674786186, 0.009526902674028365, 0.010284724477644256, 0.011096676410089856, 0.011637977698386922, 0.014127963624553427, 0.0, 0.012504059759662229, 0.011746237956046335, 0.01358666233625636, 0.010826025765941324, 0.010609505250622497, 0.010284724477644256, 0.010934286023600736], [0.00784886868030746, 0.00784886868030746, 0.0068745263613727405, 0.009039731514561005, 0.011096676410089856, 0.01071776550828191, 0.012504059759662229, 0.0, 0.014615134784020786, 0.013694922593915774, 0.013099491176789001, 0.01277471040381076, 0.013045361047959295, 0.012504059759662229], [0.007632348164988633, 0.007794738551477752, 0.008390169968604526, 0.008444300097434233, 0.009581032802858071, 0.01071776550828191, 0.011746237956046335, 0.014615134784020786, 0.0, 0.014615134784020786, 0.01407383349572372, 0.013478402078596947, 0.011800368084876042, 0.012504059759662229], [0.007957128937966872, 0.00703691674786186, 0.006495615459564794, 0.009472772545198658, 0.008985601385731299, 0.010284724477644256, 0.01358666233625636, 0.013694922593915774, 0.014615134784020786, 0.0, 0.014398614268701959, 0.014669264912850493, 0.012558189888491935, 0.01358666233625636], [0.00703691674786186, 0.006549745588394501, 0.006224964815416261, 0.00784886868030746, 0.008985601385731299, 0.010880155894771029, 0.010826025765941324, 0.013099491176789001, 0.01407383349572372, 0.014398614268701959, 0.0, 0.01726751109667641, 0.015210566201147559, 0.015535346974125798], [0.006982786619032153, 0.006603875717224207, 0.007091046876691567, 0.008227779582115406, 0.007957128937966872, 0.010826025765941324, 0.010609505250622497, 0.01277471040381076, 0.013478402078596947, 0.014669264912850493, 0.01726751109667641, 0.0, 0.01569773736061492, 0.015805997618274333], [0.005900184042438021, 0.005521273140630075, 0.006603875717224207, 0.006766266103713327, 0.008281909710945112, 0.008444300097434233, 0.010284724477644256, 0.013045361047959295, 0.011800368084876042, 0.012558189888491935, 0.015210566201147559, 0.01569773736061492, 0.0, 0.03069178304644365], [0.005142362238822128, 0.005196492367651835, 0.005683663527119195, 0.008173649453285699, 0.008498430226263938, 0.009689293060517483, 0.010934286023600736, 0.012504059759662229, 0.012504059759662229, 0.01358666233625636, 0.015535346974125798, 0.015805997618274333, 0.03069178304644365, 0.0]], "sysname": ["SOURCE", "UFC", "IITB", "SJTU", "IPN", "RAC", "PKU", "AMU", "UMC", "NTHU", "POST", "CUUI", "NUCLEA", "CAMB"]}