{"sysname": ["CAMB", "NUCLEA", "POST", "CUUI", "NTHU", "UMC", "AMU", "PKU", "RAC", "IPN", "SJTU", "IITB", "UFC", "SOURCE"], "counts": [[0.0, 0.02890548879506333, 0.01596838800476345, 0.013370141820937534, 0.014127963624553427, 0.012179278986683988, 0.013640792465086067, 0.01120493666774927, 0.009418642416368951, 0.006982786619032153, 0.007307567392010393, 0.00671213597488362, 0.007253437263180686, 0.00638735520190538], [0.02890548879506333, 0.0, 0.016563819421890225, 0.015156436072317852, 0.01277471040381076, 0.01055537512179279, 0.013478402078596947, 0.01104254628126015, 0.009851683447006604, 0.007469957778499512, 0.008336039839774819, 0.005521273140630075, 0.005900184042438021, 0.005737793655948901], [0.01596838800476345, 0.016563819421890225, 0.0, 0.01775468225614377, 0.014019703366894013, 0.013640792465086067, 0.012666450146151347, 0.011475587311897802, 0.009039731514561005, 0.009851683447006604, 0.007469957778499512, 0.006333225073075674, 0.006062574428927141, 0.006928656490202446], [0.013370141820937534, 0.015156436072317852, 0.01775468225614377, 0.0, 0.015481216845296093, 0.01342427194976724, 0.013803182851575186, 0.012666450146151347, 0.009364512287539244, 0.00925625202987983, 0.007902998809137167, 0.005629533398289488, 0.006224964815416261, 0.006928656490202446], [0.014127963624553427, 0.01277471040381076, 0.014019703366894013, 0.015481216845296093, 0.0, 0.015264696329977265, 0.0139114431092346, 0.01104254628126015, 0.010501244992963083, 0.009310382158709538, 0.008281909710945112, 0.007578218036158926, 0.0071451770055212735, 0.007794738551477752], [0.012179278986683988, 0.01055537512179279, 0.013640792465086067, 0.01342427194976724, 0.015264696329977265, 0.0, 0.013640792465086067, 0.012287539244343402, 0.011529717440727508, 0.009039731514561005, 0.009797553318176897, 0.008606690483923351, 0.008065389195626285, 0.007091046876691567], [0.013640792465086067, 0.013478402078596947, 0.012666450146151347, 0.013803182851575186, 0.0139114431092346, 0.013640792465086067, 0.0, 0.01136732705423839, 0.012991230919129588, 0.008660820612753058, 0.008173649453285699, 0.008390169968604526, 0.007794738551477752, 0.0071451770055212735], [0.01120493666774927, 0.01104254628126015, 0.011475587311897802, 0.012666450146151347, 0.01104254628126015, 0.012287539244343402, 0.01136732705423839, 0.0, 0.014831655299339613, 0.011908628342535456, 0.010663635379452203, 0.008606690483923351, 0.0073616975208401, 0.00974342318934719], [0.009418642416368951, 0.009851683447006604, 0.009039731514561005, 0.009364512287539244, 0.010501244992963083, 0.011529717440727508, 0.012991230919129588, 0.014831655299339613, 0.0, 0.01261232001732164, 0.01326188156327812, 0.010447114864133376, 0.01039298473530367, 0.008931471256901592], [0.006982786619032153, 0.007469957778499512, 0.009851683447006604, 0.00925625202987983, 0.009310382158709538, 0.009039731514561005, 0.008660820612753058, 0.011908628342535456, 0.01261232001732164, 0.0, 0.01683447006603876, 0.012504059759662229, 0.012395799502002815, 0.013316011692107827], [0.007307567392010393, 0.008336039839774819, 0.007469957778499512, 0.007902998809137167, 0.008281909710945112, 0.009797553318176897, 0.008173649453285699, 0.010663635379452203, 0.01326188156327812, 0.01683447006603876, 0.0, 0.01407383349572372, 0.01326188156327812, 0.012937100790299881], [0.00671213597488362, 0.005521273140630075, 0.006333225073075674, 0.005629533398289488, 0.007578218036158926, 0.008606690483923351, 0.008390169968604526, 0.008606690483923351, 0.010447114864133376, 0.012504059759662229, 0.01407383349572372, 0.0, 0.019703366894013207, 0.01851250405975966], [0.007253437263180686, 0.005900184042438021, 0.006062574428927141, 0.006224964815416261, 0.0071451770055212735, 0.008065389195626285, 0.007794738551477752, 0.0073616975208401, 0.01039298473530367, 0.012395799502002815, 0.01326188156327812, 0.019703366894013207, 0.0, 0.020515318826458805], [0.00638735520190538, 0.005737793655948901, 0.006928656490202446, 0.006928656490202446, 0.007794738551477752, 0.007091046876691567, 0.0071451770055212735, 0.00974342318934719, 0.008931471256901592, 0.013316011692107827, 0.012937100790299881, 0.01851250405975966, 0.020515318826458805, 0.0]]}