{"counts": [[0.0, 0.028688968279744504, 0.015481216845296093, 0.015210566201147559, 0.013045361047959295, 0.012125148857854281, 0.013857312980404893, 0.010447114864133376, 0.010988416152430442, 0.009039731514561005, 0.0074158276496698065, 0.005791923784778608, 0.005683663527119195, 0.006982786619032153], [0.028688968279744504, 0.0, 0.014290354011042547, 0.01613077839125257, 0.013749052722745481, 0.012666450146151347, 0.012125148857854281, 0.010014073833495724, 0.00974342318934719, 0.0074158276496698065, 0.0073616975208401, 0.006658005846053913, 0.005900184042438021, 0.005954314171267728], [0.015481216845296093, 0.014290354011042547, 0.0, 0.017159250839016996, 0.015751867489444626, 0.013640792465086067, 0.01407383349572372, 0.011259066796578976, 0.010501244992963083, 0.008119519324455992, 0.007632348164988633, 0.00638735520190538, 0.00703691674786186, 0.0068745263613727405], [0.015210566201147559, 0.01613077839125257, 0.017159250839016996, 0.0, 0.012720580274981054, 0.013857312980404893, 0.013965573238064306, 0.011854498213705749, 0.010501244992963083, 0.01006820396232543, 0.00671213597488362, 0.00671213597488362, 0.006495615459564794, 0.006170834686586554], [0.013045361047959295, 0.013749052722745481, 0.015751867489444626, 0.012720580274981054, 0.0, 0.01569773736061492, 0.013640792465086067, 0.011529717440727508, 0.010880155894771029, 0.008552560355093644, 0.008714950741582765, 0.008065389195626285, 0.007199307134350979, 0.007253437263180686], [0.012125148857854281, 0.012666450146151347, 0.013640792465086067, 0.013857312980404893, 0.01569773736061492, 0.0, 0.013640792465086067, 0.012504059759662229, 0.012071018729024574, 0.008552560355093644, 0.00909386164339071, 0.0076864782938183395, 0.007253437263180686, 0.0073616975208401], [0.013857312980404893, 0.012125148857854281, 0.01407383349572372, 0.013965573238064306, 0.013640792465086067, 0.013640792465086067, 0.0, 0.011854498213705749, 0.010447114864133376, 0.01120493666774927, 0.008336039839774819, 0.0071451770055212735, 0.008390169968604526, 0.007469957778499512], [0.010447114864133376, 0.010014073833495724, 0.011259066796578976, 0.011854498213705749, 0.011529717440727508, 0.012504059759662229, 0.011854498213705749, 0.0, 0.01326188156327812, 0.011854498213705749, 0.012395799502002815, 0.007957128937966872, 0.009526902674028365, 0.008931471256901592], [0.010988416152430442, 0.00974342318934719, 0.010501244992963083, 0.010501244992963083, 0.010880155894771029, 0.012071018729024574, 0.010447114864133376, 0.01326188156327812, 0.0, 0.012287539244343402, 0.011637977698386922, 0.010230594348814551, 0.00990581357583631, 0.010176464219984844], [0.009039731514561005, 0.0074158276496698065, 0.008119519324455992, 0.01006820396232543, 0.008552560355093644, 0.008552560355093644, 0.01120493666774927, 0.011854498213705749, 0.012287539244343402, 0.0, 0.016996860452527875, 0.01342427194976724, 0.011692107827216629, 0.011800368084876042], [0.0074158276496698065, 0.0073616975208401, 0.007632348164988633, 0.00671213597488362, 0.008714950741582765, 0.00909386164339071, 0.008336039839774819, 0.012395799502002815, 0.011637977698386922, 0.016996860452527875, 0.0, 0.013478402078596947, 0.012882970661470174, 0.013803182851575186], [0.005791923784778608, 0.006658005846053913, 0.00638735520190538, 0.00671213597488362, 0.008065389195626285, 0.0076864782938183395, 0.0071451770055212735, 0.007957128937966872, 0.010230594348814551, 0.01342427194976724, 0.013478402078596947, 0.0, 0.01981162715167262, 0.019107935476886436], [0.005683663527119195, 0.005900184042438021, 0.00703691674786186, 0.006495615459564794, 0.007199307134350979, 0.007253437263180686, 0.008390169968604526, 0.009526902674028365, 0.00990581357583631, 0.011692107827216629, 0.012882970661470174, 0.01981162715167262, 0.0, 0.020028147666991448], [0.006982786619032153, 0.005954314171267728, 0.0068745263613727405, 0.006170834686586554, 0.007253437263180686, 0.0073616975208401, 0.007469957778499512, 0.008931471256901592, 0.010176464219984844, 0.011800368084876042, 0.013803182851575186, 0.019107935476886436, 0.020028147666991448, 0.0]], "sysname": ["CAMB", "NUCLEA", "POST", "CUUI", "NTHU", "UMC", "AMU", "PKU", "RAC", "IPN", "SJTU", "IITB", "UFC", "SOURCE"]}