{"sysname": ["SOURCE", "UFC", "IITB", "SJTU", "IPN", "RAC", "PKU", "AMU", "UMC", "NTHU", "POST", "CUUI", "NUCLEA", "CAMB"], "counts": [[0.0, 0.0191272910711283, 0.01706742895577602, 0.014419034807465949, 0.011350260635614595, 0.010467462586177905, 0.009290398520262318, 0.009038170506137548, 0.008575752480242138, 0.007398688414326551, 0.006557928367243989, 0.006642004371952245, 0.006095510341348579, 0.006263662350765092], [0.0191272910711283, 0.0, 0.01736169497225492, 0.013326046746258619, 0.012064906675634774, 0.009626702539095342, 0.009542626534387085, 0.009122246510845805, 0.0065999663695981165, 0.007734992433159576, 0.006810156381368757, 0.0074407264166806795, 0.0069783083907852695, 0.0070623843954935265], [0.01706742895577602, 0.01736169497225492, 0.0, 0.013115856734487978, 0.011518412645031109, 0.011686564654447621, 0.00992096855557424, 0.008827980494366908, 0.00874390448965865, 0.00676811837901463, 0.00790314444257609, 0.006936270388431142, 0.006852194383722886, 0.006810156381368757], [0.014419034807465949, 0.013326046746258619, 0.013115856734487978, 0.0, 0.01353623675802926, 0.011560450647385236, 0.011182108626198083, 0.00992096855557424, 0.00874390448965865, 0.008071296451992602, 0.008029258449638473, 0.008407600470825626, 0.008071296451992602, 0.009416512527324701], [0.011350260635614595, 0.012064906675634774, 0.011518412645031109, 0.01353623675802926, 0.0, 0.013704388767445772, 0.012191020682697158, 0.011098032621489827, 0.010677652597948546, 0.009752816546157726, 0.008155372456700857, 0.008155372456700857, 0.007819068437867832, 0.009794854548511854], [0.010467462586177905, 0.009626702539095342, 0.011686564654447621, 0.011560450647385236, 0.013704388767445772, 0.0, 0.013704388767445772, 0.011812678661510005, 0.009542626534387085, 0.010761728602656801, 0.01034134857911552, 0.009290398520262318, 0.009500588532032958, 0.00878594249201278], [0.009290398520262318, 0.009542626534387085, 0.00992096855557424, 0.011182108626198083, 0.012191020682697158, 0.013704388767445772, 0.0, 0.013956616781570539, 0.01235917269211367, 0.01034134857911552, 0.009836892550865983, 0.009836892550865983, 0.01055153859088616, 0.010383386581469648], [0.009038170506137548, 0.009122246510845805, 0.008827980494366908, 0.00992096855557424, 0.011098032621489827, 0.011812678661510005, 0.013956616781570539, 0.0, 0.013241970741550362, 0.011686564654447621, 0.012401210694467799, 0.011770640659155876, 0.01101395661678157, 0.01126618463090634], [0.008575752480242138, 0.0065999663695981165, 0.00874390448965865, 0.00874390448965865, 0.010677652597948546, 0.009542626534387085, 0.01235917269211367, 0.013241970741550362, 0.0, 0.013746426769799898, 0.014545148814528334, 0.013410122750966874, 0.012947704725071464, 0.012233058685051286], [0.007398688414326551, 0.007734992433159576, 0.00676811837901463, 0.008071296451992602, 0.009752816546157726, 0.010761728602656801, 0.01034134857911552, 0.011686564654447621, 0.013746426769799898, 0.0, 0.014040692786278796, 0.01483941483100723, 0.01639482091810997, 0.015722212880443922], [0.006557928367243989, 0.006810156381368757, 0.00790314444257609, 0.008029258449638473, 0.008155372456700857, 0.01034134857911552, 0.009836892550865983, 0.012401210694467799, 0.014545148814528334, 0.014040692786278796, 0.0, 0.017025390953421895, 0.016016478896922818, 0.016605010929880613], [0.006642004371952245, 0.0074407264166806795, 0.006936270388431142, 0.008407600470825626, 0.008155372456700857, 0.009290398520262318, 0.009836892550865983, 0.011770640659155876, 0.013410122750966874, 0.01483941483100723, 0.017025390953421895, 0.0, 0.01710946695813015, 0.017025390953421895], [0.006095510341348579, 0.0069783083907852695, 0.006852194383722886, 0.008071296451992602, 0.007819068437867832, 0.009500588532032958, 0.01055153859088616, 0.01101395661678157, 0.012947704725071464, 0.01639482091810997, 0.016016478896922818, 0.01710946695813015, 0.0, 0.022616445266520936], [0.006263662350765092, 0.0070623843954935265, 0.006810156381368757, 0.009416512527324701, 0.009794854548511854, 0.00878594249201278, 0.010383386581469648, 0.01126618463090634, 0.012233058685051286, 0.015722212880443922, 0.016605010929880613, 0.017025390953421895, 0.022616445266520936, 0.0]]}