{"counts": [[0.0, 0.016626771042246233, 0.01067477518276509, 0.01067477518276509, 0.00989842789674581, 0.009639645468072718, 0.009963123503914085, 0.008539820146212072, 0.007698777253024519, 0.008863298182053439, 0.007763472860192793, 0.009639645468072718, 0.007181212395678333, 0.0073752992171831535, 0.007698777253024519], [0.016626771042246233, 0.0, 0.012162774147635376, 0.01203338293329883, 0.01067477518276509, 0.010157210325418903, 0.008733906967716892, 0.008086950896034159, 0.00828103771753898, 0.007957559681697613, 0.007569386038687973, 0.007051821181341787, 0.007892864074529339, 0.007957559681697613, 0.008669211360548618], [0.01067477518276509, 0.012162774147635376, 0.0, 0.011709904897457463, 0.010415992754091998, 0.010092514718250631, 0.008733906967716892, 0.008927993789221713, 0.0084751245390438, 0.008022255288865887, 0.008863298182053439, 0.00828103771753898, 0.008733906967716892, 0.007245908002846606, 0.008798602574885165], [0.01067477518276509, 0.01203338293329883, 0.011709904897457463, 0.0, 0.009639645468072718, 0.009833732289577537, 0.008022255288865887, 0.009833732289577537, 0.00989842789674581, 0.008669211360548618, 0.00731060361001488, 0.008216342110370705, 0.007892864074529339, 0.007698777253024519, 0.009445558646567898], [0.00989842789674581, 0.01067477518276509, 0.010415992754091998, 0.009639645468072718, 0.0, 0.010804166397101637, 0.010351297146923724, 0.008604515753380346, 0.009445558646567898, 0.009963123503914085, 0.008604515753380346, 0.008345733324707252, 0.007634081645856246, 0.008798602574885165, 0.008798602574885165], [0.009639645468072718, 0.010157210325418903, 0.010092514718250631, 0.009833732289577537, 0.010804166397101637, 0.0, 0.010351297146923724, 0.008604515753380346, 0.008345733324707252, 0.008604515753380346, 0.008345733324707252, 0.009574949860904444, 0.009057385003558259, 0.009186776217894805, 0.010157210325418903], [0.009963123503914085, 0.008733906967716892, 0.008733906967716892, 0.008022255288865887, 0.010351297146923724, 0.010351297146923724, 0.0, 0.009057385003558259, 0.01106294882577473, 0.008669211360548618, 0.009574949860904444, 0.008992689396389985, 0.009057385003558259, 0.008798602574885165, 0.0084751245390438], [0.008539820146212072, 0.008086950896034159, 0.008927993789221713, 0.009833732289577537, 0.008604515753380346, 0.008604515753380346, 0.009057385003558259, 0.0, 0.00970434107524099, 0.010739470789933363, 0.008086950896034159, 0.008863298182053439, 0.008863298182053439, 0.008992689396389985, 0.01067477518276509], [0.007698777253024519, 0.00828103771753898, 0.0084751245390438, 0.00989842789674581, 0.009445558646567898, 0.008345733324707252, 0.01106294882577473, 0.00970434107524099, 0.0, 0.00970434107524099, 0.007634081645856246, 0.008669211360548618, 0.00970434107524099, 0.007957559681697613, 0.009574949860904444], [0.008863298182053439, 0.007957559681697613, 0.008022255288865887, 0.008669211360548618, 0.009963123503914085, 0.008604515753380346, 0.008669211360548618, 0.010739470789933363, 0.00970434107524099, 0.0, 0.012550947790645015, 0.01086886200426991, 0.00970434107524099, 0.009833732289577537, 0.01028660153975545], [0.007763472860192793, 0.007569386038687973, 0.008863298182053439, 0.00731060361001488, 0.008604515753380346, 0.008345733324707252, 0.009574949860904444, 0.008086950896034159, 0.007634081645856246, 0.012550947790645015, 0.0, 0.012292165361971922, 0.013133208255159476, 0.013197903862327748, 0.009574949860904444], [0.009639645468072718, 0.007051821181341787, 0.00828103771753898, 0.008216342110370705, 0.008345733324707252, 0.009574949860904444, 0.008992689396389985, 0.008863298182053439, 0.008669211360548618, 0.01086886200426991, 0.012292165361971922, 0.0, 0.013003817040822927, 0.012680339004981563, 0.012486252183476742], [0.007181212395678333, 0.007892864074529339, 0.008733906967716892, 0.007892864074529339, 0.007634081645856246, 0.009057385003558259, 0.009057385003558259, 0.008863298182053439, 0.00970434107524099, 0.00970434107524099, 0.013133208255159476, 0.013003817040822927, 0.0, 0.012550947790645015, 0.01145112246878437], [0.0073752992171831535, 0.007957559681697613, 0.007245908002846606, 0.007698777253024519, 0.008798602574885165, 0.009186776217894805, 0.008798602574885165, 0.008992689396389985, 0.007957559681697613, 0.009833732289577537, 0.013197903862327748, 0.012680339004981563, 0.012550947790645015, 0.0, 0.015721032541890407], [0.007698777253024519, 0.008669211360548618, 0.008798602574885165, 0.009445558646567898, 0.008798602574885165, 0.010157210325418903, 0.0084751245390438, 0.01067477518276509, 0.009574949860904444, 0.01028660153975545, 0.009574949860904444, 0.012486252183476742, 0.01145112246878437, 0.015721032541890407, 0.0]], "sysname": ["IITB", "SJTU", "PKU", "RAC", "AMU", "JMGR", "IPN", "UFC", "src", "UMC", "NTHU", "NUCLEA", "CUUI", "POST", "CAMB"]}