{"sysname": ["SOURCE", "UFC", "IITB", "PKU", "RAC", "SJTU", "IPN", "AMU", "UMC", "POST", "NTHU", "CUUI", "NUCLEA", "CAMB"], "counts": [[0.0, 0.01593240289221456, 0.015259794854548512, 0.011770640659155876, 0.012064906675634774, 0.010719690600302674, 0.011224146628552211, 0.010677652597948546, 0.008491676475533883, 0.007272574407264167, 0.007819068437867832, 0.007104422397847654, 0.007272574407264167, 0.007777030435513704], [0.01593240289221456, 0.0, 0.015343870859256769, 0.012191020682697158, 0.011434336640322852, 0.011896754666218262, 0.01034134857911552, 0.00945855052967883, 0.008029258449638473, 0.008701866487304524, 0.006936270388431142, 0.008155372456700857, 0.007861106440221961, 0.0074407264166806795], [0.015259794854548512, 0.015343870859256769, 0.0, 0.012779552715654952, 0.01126618463090634, 0.010719690600302674, 0.011350260635614595, 0.009374474524970573, 0.008827980494366908, 0.007819068437867832, 0.007692954430805448, 0.007608878426097192, 0.008365562468471498, 0.0074407264166806795], [0.011770640659155876, 0.012191020682697158, 0.012779552715654952, 0.0, 0.01462922481923659, 0.014082730788632924, 0.011350260635614595, 0.011055994619135699, 0.009416512527324701, 0.009836892550865983, 0.009542626534387085, 0.008870018496721036, 0.008575752480242138, 0.007945182444930216], [0.012064906675634774, 0.011434336640322852, 0.01126618463090634, 0.01462922481923659, 0.0, 0.01282159071800908, 0.01282159071800908, 0.010677652597948546, 0.009836892550865983, 0.010173196569699007, 0.009584664536741214, 0.008954094501429291, 0.008323524466117371, 0.008912056499075165], [0.010719690600302674, 0.011896754666218262, 0.010719690600302674, 0.014082730788632924, 0.01282159071800908, 0.0, 0.013199932739196233, 0.010971918614427442, 0.010005044560282495, 0.009038170506137548, 0.00853371447788801, 0.008575752480242138, 0.009290398520262318, 0.008870018496721036], [0.011224146628552211, 0.01034134857911552, 0.011350260635614595, 0.011350260635614595, 0.01282159071800908, 0.013199932739196233, 0.0, 0.01214898268034303, 0.009332436522616444, 0.010761728602656801, 0.0097107785438036, 0.00945855052967883, 0.00920632251555406, 0.009752816546157726], [0.010677652597948546, 0.00945855052967883, 0.009374474524970573, 0.011055994619135699, 0.010677652597948546, 0.010971918614427442, 0.01214898268034303, 0.0, 0.012106944677988903, 0.010761728602656801, 0.012485286699176056, 0.010593576593240289, 0.011392298637968723, 0.01256936270388431], [0.008491676475533883, 0.008029258449638473, 0.008827980494366908, 0.009416512527324701, 0.009836892550865983, 0.010005044560282495, 0.009332436522616444, 0.012106944677988903, 0.0, 0.014881452833361359, 0.014671262821590718, 0.01235917269211367, 0.012695476710946696, 0.013788464772154027], [0.007272574407264167, 0.008701866487304524, 0.007819068437867832, 0.009836892550865983, 0.010173196569699007, 0.009038170506137548, 0.010761728602656801, 0.010761728602656801, 0.014881452833361359, 0.0, 0.014881452833361359, 0.012989742727425592, 0.015007566840423743, 0.01580628888515218], [0.007819068437867832, 0.006936270388431142, 0.007692954430805448, 0.009542626534387085, 0.009584664536741214, 0.00853371447788801, 0.0097107785438036, 0.012485286699176056, 0.014671262821590718, 0.014881452833361359, 0.0, 0.014797376828653102, 0.014755338826298973, 0.016478896922818228], [0.007104422397847654, 0.008155372456700857, 0.007608878426097192, 0.008870018496721036, 0.008954094501429291, 0.008575752480242138, 0.00945855052967883, 0.010593576593240289, 0.01235917269211367, 0.012989742727425592, 0.014797376828653102, 0.0, 0.018790987052295274, 0.018580797040524635], [0.007272574407264167, 0.007861106440221961, 0.008365562468471498, 0.008575752480242138, 0.008323524466117371, 0.009290398520262318, 0.00920632251555406, 0.011392298637968723, 0.012695476710946696, 0.015007566840423743, 0.014755338826298973, 0.018790987052295274, 0.0, 0.01891710105935766], [0.007777030435513704, 0.0074407264166806795, 0.0074407264166806795, 0.007945182444930216, 0.008912056499075165, 0.008870018496721036, 0.009752816546157726, 0.01256936270388431, 0.013788464772154027, 0.01580628888515218, 0.016478896922818228, 0.018580797040524635, 0.01891710105935766, 0.0]]}