{"sysname": ["CAMB", "NUCLEA", "POST", "CUUI", "NTHU", "AMU", "UMC", "PKU", "RAC", "IPN", "SJTU", "IITB", "UFC", "SOURCE"], "counts": [[0.0, 0.02558733615310524, 0.018049332049080782, 0.016122953222496756, 0.013442773985510281, 0.012437706771640354, 0.01172578416181582, 0.010636961346790066, 0.010134427739855102, 0.008333682315004816, 0.008208048913271076, 0.006323547887264961, 0.006742325893044097, 0.0066585702918882704], [0.02558733615310524, 0.0, 0.015327275011516395, 0.018426232254282006, 0.012898362577997403, 0.01206080656643913, 0.012270195569328698, 0.009338749528874743, 0.010343816742744672, 0.009213116127141003, 0.007202981699401147, 0.00619791448553122, 0.006407303488420788, 0.00619791448553122], [0.018049332049080782, 0.015327275011516395, 0.0, 0.014950374806315172, 0.014782863604003518, 0.012228317768750786, 0.013233384982620713, 0.010846350349679635, 0.010176305540433016, 0.00837556011558273, 0.007998659910381506, 0.007370492901712802, 0.007831148708069852, 0.006951714895933665], [0.016122953222496756, 0.018426232254282006, 0.014950374806315172, 0.0, 0.015201641609782655, 0.012814606976841576, 0.01160015076008208, 0.011390761757192513, 0.010260061141588844, 0.008166171112693162, 0.007873026508647766, 0.007035470497089493, 0.007202981699401147, 0.006951714895933665], [0.013442773985510281, 0.012898362577997403, 0.014782863604003518, 0.015201641609782655, 0.0, 0.013065873780309057, 0.013987185393023158, 0.011390761757192513, 0.011055739352569203, 0.009841283135809707, 0.008961849323673521, 0.007873026508647766, 0.00791490430922568, 0.007077348297667406], [0.012437706771640354, 0.01206080656643913, 0.012228317768750786, 0.012814606976841576, 0.013065873780309057, 0.0, 0.014196574395912726, 0.012312073369906612, 0.011642028560659995, 0.010595083546212154, 0.009631894132920139, 0.00871058252020604, 0.007538004104024457, 0.008249926713848988], [0.01172578416181582, 0.012270195569328698, 0.013233384982620713, 0.01160015076008208, 0.013987185393023158, 0.014196574395912726, 0.0, 0.014196574395912726, 0.01088822815025755, 0.009506260731186399, 0.009673771933498053, 0.00850119351731647, 0.006826081494199924, 0.008459315716738558], [0.010636961346790066, 0.009338749528874743, 0.010846350349679635, 0.011390761757192513, 0.011390761757192513, 0.012312073369906612, 0.014196574395912726, 0.0, 0.013945307592445244, 0.012437706771640354, 0.009925038736965534, 0.008878093722517693, 0.009171238326563089, 0.008626826919050212], [0.010134427739855102, 0.010343816742744672, 0.010176305540433016, 0.010260061141588844, 0.011055739352569203, 0.011642028560659995, 0.01088822815025755, 0.013945307592445244, 0.0, 0.01160015076008208, 0.012563340173374094, 0.008919971523095607, 0.010008794338121362, 0.010134427739855102], [0.008333682315004816, 0.009213116127141003, 0.00837556011558273, 0.008166171112693162, 0.009841283135809707, 0.010595083546212154, 0.009506260731186399, 0.012437706771640354, 0.01160015076008208, 0.0, 0.01423845219649064, 0.013191507182042799, 0.01206080656643913, 0.012312073369906612], [0.008208048913271076, 0.007202981699401147, 0.007998659910381506, 0.007873026508647766, 0.008961849323673521, 0.009631894132920139, 0.009673771933498053, 0.009925038736965534, 0.012563340173374094, 0.01423845219649064, 0.0, 0.014405963398802294, 0.013400896184932367, 0.013442773985510281], [0.006323547887264961, 0.00619791448553122, 0.007370492901712802, 0.007035470497089493, 0.007873026508647766, 0.00871058252020604, 0.00850119351731647, 0.008878093722517693, 0.008919971523095607, 0.013191507182042799, 0.014405963398802294, 0.0, 0.018342476653126178, 0.017379287239834163], [0.006742325893044097, 0.006407303488420788, 0.007831148708069852, 0.007202981699401147, 0.00791490430922568, 0.007538004104024457, 0.006826081494199924, 0.009171238326563089, 0.010008794338121362, 0.01206080656643913, 0.013400896184932367, 0.018342476653126178, 0.0, 0.019389421667574017], [0.0066585702918882704, 0.00619791448553122, 0.006951714895933665, 0.006951714895933665, 0.007077348297667406, 0.008249926713848988, 0.008459315716738558, 0.008626826919050212, 0.010134427739855102, 0.012312073369906612, 0.013442773985510281, 0.017379287239834163, 0.019389421667574017, 0.0]]}