{"sysname": ["NUCLEA", "UFC", "SOURCE", "IITB", "SJTU", "RAC", "POST", "CUUI", "IPN", "PKU", "AMU", "UMC", "NTHU", "CAMB"], "counts": [[0.0, 0.015535346974125798, 0.012504059759662229, 0.01261232001732164, 0.012287539244343402, 0.011637977698386922, 0.012558189888491935, 0.011421457183068095, 0.008823210999242178, 0.009959943704666017, 0.009689293060517483, 0.009797553318176897, 0.011150806538919563, 0.011529717440727508], [0.015535346974125798, 0.0, 0.012125148857854281, 0.011475587311897802, 0.011583847569557215, 0.009635162931687778, 0.009526902674028365, 0.009039731514561005, 0.009581032802858071, 0.009581032802858071, 0.010122334091155137, 0.010284724477644256, 0.008227779582115406, 0.008336039839774819], [0.012504059759662229, 0.012125148857854281, 0.0, 0.012179278986683988, 0.011854498213705749, 0.009147991772220417, 0.009310382158709538, 0.010284724477644256, 0.00909386164339071, 0.00925625202987983, 0.009959943704666017, 0.009526902674028365, 0.008823210999242178, 0.01071776550828191], [0.01261232001732164, 0.011475587311897802, 0.012179278986683988, 0.0, 0.01277471040381076, 0.010988416152430442, 0.010176464219984844, 0.011150806538919563, 0.010176464219984844, 0.008714950741582765, 0.008714950741582765, 0.008769080870412472, 0.008714950741582765, 0.008660820612753058], [0.012287539244343402, 0.011583847569557215, 0.011854498213705749, 0.01277471040381076, 0.0, 0.00925625202987983, 0.009635162931687778, 0.00990581357583631, 0.00990581357583631, 0.010284724477644256, 0.010014073833495724, 0.01055537512179279, 0.009147991772220417, 0.010988416152430442], [0.011637977698386922, 0.009635162931687778, 0.009147991772220417, 0.010988416152430442, 0.00925625202987983, 0.0, 0.012504059759662229, 0.01071776550828191, 0.010230594348814551, 0.011475587311897802, 0.011259066796578976, 0.010609505250622497, 0.011854498213705749, 0.012828840532640468], [0.012558189888491935, 0.009526902674028365, 0.009310382158709538, 0.010176464219984844, 0.009635162931687778, 0.012504059759662229, 0.0, 0.012666450146151347, 0.011746237956046335, 0.010501244992963083, 0.013153621305618708, 0.011529717440727508, 0.012937100790299881, 0.01071776550828191], [0.011421457183068095, 0.009039731514561005, 0.010284724477644256, 0.011150806538919563, 0.00990581357583631, 0.01071776550828191, 0.012666450146151347, 0.0, 0.012179278986683988, 0.01071776550828191, 0.010609505250622497, 0.012287539244343402, 0.012449929630832522, 0.011746237956046335], [0.008823210999242178, 0.009581032802858071, 0.00909386164339071, 0.010176464219984844, 0.00990581357583631, 0.010230594348814551, 0.011746237956046335, 0.012179278986683988, 0.0, 0.012341669373173108, 0.012449929630832522, 0.010771895637111617, 0.010771895637111617, 0.013099491176789001], [0.009959943704666017, 0.009581032802858071, 0.00925625202987983, 0.008714950741582765, 0.010284724477644256, 0.011475587311897802, 0.010501244992963083, 0.01071776550828191, 0.012341669373173108, 0.0, 0.011962758471365163, 0.012720580274981054, 0.013694922593915774, 0.012287539244343402], [0.009689293060517483, 0.010122334091155137, 0.009959943704666017, 0.008714950741582765, 0.010014073833495724, 0.011259066796578976, 0.013153621305618708, 0.010609505250622497, 0.012449929630832522, 0.011962758471365163, 0.0, 0.012287539244343402, 0.012828840532640468, 0.012125148857854281], [0.009797553318176897, 0.010284724477644256, 0.009526902674028365, 0.008769080870412472, 0.01055537512179279, 0.010609505250622497, 0.011529717440727508, 0.012287539244343402, 0.010771895637111617, 0.012720580274981054, 0.012287539244343402, 0.0, 0.011259066796578976, 0.014506874526361372], [0.011150806538919563, 0.008227779582115406, 0.008823210999242178, 0.008714950741582765, 0.009147991772220417, 0.011854498213705749, 0.012937100790299881, 0.012449929630832522, 0.010771895637111617, 0.013694922593915774, 0.012828840532640468, 0.011259066796578976, 0.0, 0.014452744397531666], [0.011529717440727508, 0.008336039839774819, 0.01071776550828191, 0.008660820612753058, 0.010988416152430442, 0.012828840532640468, 0.01071776550828191, 0.011746237956046335, 0.013099491176789001, 0.012287539244343402, 0.012125148857854281, 0.014506874526361372, 0.014452744397531666, 0.0]]}