{"sysname": ["IITB", "SJTU", "PKU", "RAC", "IPN", "src", "AMU", "JMGR", "UFC", "UMC", "NTHU", "CUUI", "NUCLEA", "POST", "CAMB"], "counts": [[0.0, 0.021026072329688814, 0.011709904897457463, 0.008863298182053439, 0.010351297146923724, 0.008345733324707252, 0.008992689396389985, 0.009510254253736172, 0.00828103771753898, 0.007569386038687973, 0.0075046904315197, 0.006598951931163874, 0.008022255288865887, 0.006469560716827328, 0.008151646503202433], [0.021026072329688814, 0.0, 0.011127644432943003, 0.011321731254447824, 0.008992689396389985, 0.009057385003558259, 0.008927993789221713, 0.009833732289577537, 0.008151646503202433, 0.00711651678851006, 0.007245908002846606, 0.00711651678851006, 0.008086950896034159, 0.007763472860192793, 0.00711651678851006], [0.011709904897457463, 0.011127644432943003, 0.0, 0.01106294882577473, 0.01106294882577473, 0.008992689396389985, 0.009380863039399626, 0.008863298182053439, 0.009122080610726531, 0.008410428931875526, 0.009057385003558259, 0.008086950896034159, 0.009122080610726531, 0.007698777253024519, 0.0075046904315197], [0.008863298182053439, 0.011321731254447824, 0.01106294882577473, 0.0, 0.00989842789674581, 0.009833732289577537, 0.009057385003558259, 0.01028660153975545, 0.010804166397101637, 0.00989842789674581, 0.008345733324707252, 0.008022255288865887, 0.00828103771753898, 0.007892864074529339, 0.007763472860192793], [0.010351297146923724, 0.008992689396389985, 0.01106294882577473, 0.00989842789674581, 0.0, 0.008022255288865887, 0.010610079575596816, 0.008539820146212072, 0.009380863039399626, 0.008992689396389985, 0.009057385003558259, 0.008539820146212072, 0.008733906967716892, 0.008604515753380346, 0.009769036682409265], [0.008345733324707252, 0.009057385003558259, 0.008992689396389985, 0.009833732289577537, 0.008022255288865887, 0.0, 0.009057385003558259, 0.010739470789933363, 0.008863298182053439, 0.00970434107524099, 0.009251471825063078, 0.00970434107524099, 0.008410428931875526, 0.008022255288865887, 0.008927993789221713], [0.008992689396389985, 0.008927993789221713, 0.009380863039399626, 0.009057385003558259, 0.010610079575596816, 0.009057385003558259, 0.0, 0.010221905932587178, 0.010157210325418903, 0.010092514718250631, 0.008345733324707252, 0.008992689396389985, 0.009057385003558259, 0.009122080610726531, 0.01048068836126027], [0.009510254253736172, 0.009833732289577537, 0.008863298182053439, 0.01028660153975545, 0.008539820146212072, 0.010739470789933363, 0.010221905932587178, 0.0, 0.008539820146212072, 0.009057385003558259, 0.009769036682409265, 0.009963123503914085, 0.008798602574885165, 0.008798602574885165, 0.008927993789221713], [0.00828103771753898, 0.008151646503202433, 0.009122080610726531, 0.010804166397101637, 0.009380863039399626, 0.008863298182053439, 0.010157210325418903, 0.008539820146212072, 0.0, 0.008604515753380346, 0.008345733324707252, 0.008604515753380346, 0.008604515753380346, 0.009833732289577537, 0.009510254253736172], [0.007569386038687973, 0.00711651678851006, 0.008410428931875526, 0.00989842789674581, 0.008992689396389985, 0.00970434107524099, 0.010092514718250631, 0.009057385003558259, 0.008604515753380346, 0.0, 0.011515818075952642, 0.011580513683120916, 0.011386426861616096, 0.00989842789674581, 0.01106294882577473], [0.0075046904315197, 0.007245908002846606, 0.009057385003558259, 0.008345733324707252, 0.009057385003558259, 0.009251471825063078, 0.008345733324707252, 0.009769036682409265, 0.008345733324707252, 0.011515818075952642, 0.0, 0.011321731254447824, 0.01106294882577473, 0.011968687326130555, 0.01145112246878437], [0.006598951931163874, 0.00711651678851006, 0.008086950896034159, 0.008022255288865887, 0.008539820146212072, 0.00970434107524099, 0.008992689396389985, 0.009963123503914085, 0.008604515753380346, 0.011580513683120916, 0.011321731254447824, 0.0, 0.012486252183476742, 0.011968687326130555, 0.013391990683832568], [0.008022255288865887, 0.008086950896034159, 0.009122080610726531, 0.00828103771753898, 0.008733906967716892, 0.008410428931875526, 0.009057385003558259, 0.008798602574885165, 0.008604515753380346, 0.011386426861616096, 0.01106294882577473, 0.012486252183476742, 0.0, 0.01462120722002976, 0.013197903862327748], [0.006469560716827328, 0.007763472860192793, 0.007698777253024519, 0.007892864074529339, 0.008604515753380346, 0.008022255288865887, 0.009122080610726531, 0.008798602574885165, 0.009833732289577537, 0.00989842789674581, 0.011968687326130555, 0.011968687326130555, 0.01462120722002976, 0.0, 0.01462120722002976], [0.008151646503202433, 0.00711651678851006, 0.0075046904315197, 0.007763472860192793, 0.009769036682409265, 0.008927993789221713, 0.01048068836126027, 0.008927993789221713, 0.009510254253736172, 0.01106294882577473, 0.01145112246878437, 0.013391990683832568, 0.013197903862327748, 0.01462120722002976, 0.0]]}