{"counts": [[0.0, 0.018622835042878764, 0.017277618967546662, 0.012485286699176056, 0.012779552715654952, 0.009542626534387085, 0.010509500588532034, 0.007608878426097192, 0.008617790482596267, 0.008323524466117371, 0.006852194383722886, 0.007608878426097192, 0.006389776357827476, 0.005759206322515554], [0.018622835042878764, 0.0, 0.017403732974609048, 0.011980830670926517, 0.01282159071800908, 0.010383386581469648, 0.00899613250378342, 0.008281486463763242, 0.008197410459054985, 0.00676811837901463, 0.007230536404910039, 0.00811333445434673, 0.007398688414326551, 0.006726080376660501], [0.017277618967546662, 0.017403732974609048, 0.0, 0.01353623675802926, 0.012443248696821927, 0.011854716663864133, 0.0097107785438036, 0.009584664536741214, 0.008912056499075165, 0.006684042374306373, 0.006726080376660501, 0.006347738355473348, 0.005759206322515554, 0.00718849840255591], [0.012485286699176056, 0.011980830670926517, 0.01353623675802926, 0.0, 0.014881452833361359, 0.012485286699176056, 0.011434336640322852, 0.009584664536741214, 0.009794854548511854, 0.008827980494366908, 0.008071296451992602, 0.008407600470825626, 0.008575752480242138, 0.007734992433159576], [0.012779552715654952, 0.01282159071800908, 0.012443248696821927, 0.014881452833361359, 0.0, 0.012064906675634774, 0.012233058685051286, 0.011308222633260468, 0.00966874054144947, 0.008029258449638473, 0.008912056499075165, 0.009584664536741214, 0.007104422397847654, 0.008575752480242138], [0.009542626534387085, 0.010383386581469648, 0.011854716663864133, 0.012485286699176056, 0.012064906675634774, 0.0, 0.014419034807465949, 0.011098032621489827, 0.01080376660501093, 0.011055994619135699, 0.010089120564990752, 0.009416512527324701, 0.009038170506137548, 0.009038170506137548], [0.010509500588532034, 0.00899613250378342, 0.0097107785438036, 0.011434336640322852, 0.012233058685051286, 0.014419034807465949, 0.0, 0.011770640659155876, 0.012485286699176056, 0.010971918614427442, 0.010383386581469648, 0.009122246510845805, 0.009416512527324701, 0.011518412645031109], [0.007608878426097192, 0.008281486463763242, 0.009584664536741214, 0.009584664536741214, 0.011308222633260468, 0.011098032621489827, 0.011770640659155876, 0.0, 0.012947704725071464, 0.013199932739196233, 0.012233058685051286, 0.011938792668572389, 0.012653438708592568, 0.013368084748612745], [0.008617790482596267, 0.008197410459054985, 0.008912056499075165, 0.009794854548511854, 0.00966874054144947, 0.01080376660501093, 0.012485286699176056, 0.012947704725071464, 0.0, 0.013788464772154027, 0.012233058685051286, 0.012863628720363209, 0.012863628720363209, 0.011854716663864133], [0.008323524466117371, 0.00676811837901463, 0.006684042374306373, 0.008827980494366908, 0.008029258449638473, 0.011055994619135699, 0.010971918614427442, 0.013199932739196233, 0.013788464772154027, 0.0, 0.015512022868673281, 0.01437699680511182, 0.015133680847486128, 0.014419034807465949], [0.006852194383722886, 0.007230536404910039, 0.006726080376660501, 0.008071296451992602, 0.008912056499075165, 0.010089120564990752, 0.010383386581469648, 0.012233058685051286, 0.012233058685051286, 0.015512022868673281, 0.0, 0.016184630906339332, 0.016016478896922818, 0.01731965696990079], [0.007608878426097192, 0.00811333445434673, 0.006347738355473348, 0.008407600470825626, 0.009584664536741214, 0.009416512527324701, 0.009122246510845805, 0.011938792668572389, 0.012863628720363209, 0.01437699680511182, 0.016184630906339332, 0.0, 0.017235580965192534, 0.016731124936942995], [0.006389776357827476, 0.007398688414326551, 0.005759206322515554, 0.008575752480242138, 0.007104422397847654, 0.009038170506137548, 0.009416512527324701, 0.012653438708592568, 0.012863628720363209, 0.015133680847486128, 0.016016478896922818, 0.017235580965192534, 0.0, 0.023793509332436524], [0.005759206322515554, 0.006726080376660501, 0.00718849840255591, 0.007734992433159576, 0.008575752480242138, 0.009038170506137548, 0.011518412645031109, 0.013368084748612745, 0.011854716663864133, 0.014419034807465949, 0.01731965696990079, 0.016731124936942995, 0.023793509332436524, 0.0]], "sysname": ["SOURCE", "UFC", "IITB", "SJTU", "IPN", "RAC", "PKU", "AMU", "UMC", "NTHU", "POST", "CUUI", "NUCLEA", "CAMB"]}