{"sysname": ["SOURCE", "UFC", "IITB", "SJTU", "IPN", "RAC", "PKU", "AMU", "UMC", "NTHU", "POST", "CUUI", "NUCLEA", "CAMB"], "counts": [[0.0, 0.01838435445370409, 0.01758867624272373, 0.012437706771640354, 0.011851417563549562, 0.011139494953725031, 0.009590016332342225, 0.00871058252020604, 0.009087482725407261, 0.007328615101134889, 0.0075798819046023706, 0.007035470497089493, 0.005695380878596256, 0.0066585702918882704], [0.01838435445370409, 0.0, 0.018049332049080782, 0.012144562167594958, 0.011851417563549562, 0.010595083546212154, 0.010260061141588844, 0.008166171112693162, 0.008082415511537334, 0.0077055153063361114, 0.00791490430922568, 0.007035470497089493, 0.005988525482641652, 0.0067004480924661835], [0.01758867624272373, 0.018049332049080782, 0.0, 0.013735918589555677, 0.011390761757192513, 0.010971983751413375, 0.010804472549101721, 0.008333682315004816, 0.008208048913271076, 0.006323547887264961, 0.0066585702918882704, 0.007831148708069852, 0.0066585702918882704, 0.0066166924913103565], [0.012437706771640354, 0.012144562167594958, 0.013735918589555677, 0.0, 0.013233384982620713, 0.012312073369906612, 0.01239582897106244, 0.009715649734075966, 0.010469450144478412, 0.009631894132920139, 0.008752460320783952, 0.007496126303446543, 0.007621759705180284, 0.00791490430922568], [0.011851417563549562, 0.011851417563549562, 0.011390761757192513, 0.013233384982620713, 0.0, 0.014364085598224382, 0.013233384982620713, 0.010511327945056326, 0.011055739352569203, 0.007831148708069852, 0.008459315716738558, 0.00745424850286863, 0.00942250513003057, 0.009338749528874743], [0.011139494953725031, 0.010595083546212154, 0.010971983751413375, 0.012312073369906612, 0.014364085598224382, 0.0, 0.014657230202269778, 0.010469450144478412, 0.011055739352569203, 0.009171238326563089, 0.008752460320783952, 0.009254993927718917, 0.009171238326563089, 0.009464382930608485], [0.009590016332342225, 0.010260061141588844, 0.010804472549101721, 0.01239582897106244, 0.013233384982620713, 0.014657230202269778, 0.0, 0.011893295364127476, 0.00988316093638762, 0.009799405335231794, 0.010385694543322584, 0.010008794338121362, 0.00988316093638762, 0.010260061141588844], [0.00871058252020604, 0.008166171112693162, 0.008333682315004816, 0.009715649734075966, 0.010511327945056326, 0.010469450144478412, 0.011893295364127476, 0.0, 0.013694040788977763, 0.012353951170484526, 0.012647095774529922, 0.013610285187821935, 0.012772729176263663, 0.012228317768750786], [0.009087482725407261, 0.008082415511537334, 0.008208048913271076, 0.010469450144478412, 0.011055739352569203, 0.011055739352569203, 0.00988316093638762, 0.013694040788977763, 0.0, 0.012772729176263663, 0.012772729176263663, 0.011265128355458771, 0.012647095774529922, 0.0141128187947569], [0.007328615101134889, 0.0077055153063361114, 0.006323547887264961, 0.009631894132920139, 0.007831148708069852, 0.009171238326563089, 0.009799405335231794, 0.012353951170484526, 0.012772729176263663, 0.0, 0.016709242430587544, 0.01641609782654215, 0.015871686419029273, 0.01562041961556179], [0.0075798819046023706, 0.00791490430922568, 0.0066585702918882704, 0.008752460320783952, 0.008459315716738558, 0.008752460320783952, 0.010385694543322584, 0.012647095774529922, 0.012772729176263663, 0.016709242430587544, 0.0, 0.014950374806315172, 0.01662548682943172, 0.015285397210938481], [0.007035470497089493, 0.007035470497089493, 0.007831148708069852, 0.007496126303446543, 0.00745424850286863, 0.009254993927718917, 0.010008794338121362, 0.013610285187821935, 0.011265128355458771, 0.01641609782654215, 0.014950374806315172, 0.0, 0.017253653838100423, 0.018426232254282006], [0.005695380878596256, 0.005988525482641652, 0.0066585702918882704, 0.007621759705180284, 0.00942250513003057, 0.009171238326563089, 0.00988316093638762, 0.012772729176263663, 0.012647095774529922, 0.015871686419029273, 0.01662548682943172, 0.017253653838100423, 0.0, 0.021525189497047615], [0.0066585702918882704, 0.0067004480924661835, 0.0066166924913103565, 0.00791490430922568, 0.009338749528874743, 0.009464382930608485, 0.010260061141588844, 0.012228317768750786, 0.0141128187947569, 0.01562041961556179, 0.015285397210938481, 0.018426232254282006, 0.021525189497047615, 0.0]]}