{"counts": [[0.0, 0.016016478896922818, 0.015554060871027408, 0.012443248696821927, 0.011518412645031109, 0.012106944677988903, 0.01034134857911552, 0.009500588532032958, 0.008659828484950395, 0.007524802421388936, 0.007987220447284345, 0.0074407264166806795, 0.0069783083907852695, 0.007566840423743064], [0.016016478896922818, 0.0, 0.015385908861610896, 0.012653438708592568, 0.011560450647385236, 0.010425424583823777, 0.011182108626198083, 0.009752816546157726, 0.007987220447284345, 0.00874390448965865, 0.00790314444257609, 0.007524802421388936, 0.0070623843954935265, 0.007692954430805448], [0.015554060871027408, 0.015385908861610896, 0.0, 0.011518412645031109, 0.011644526652093493, 0.011350260635614595, 0.01256936270388431, 0.00878594249201278, 0.008071296451992602, 0.008407600470825626, 0.0065999663695981165, 0.008365562468471498, 0.007524802421388936, 0.007861106440221961], [0.012443248696821927, 0.012653438708592568, 0.011518412645031109, 0.0, 0.01307381873213385, 0.013620312762737515, 0.012317134689759543, 0.011224146628552211, 0.010971918614427442, 0.00920632251555406, 0.009416512527324701, 0.008071296451992602, 0.008239448461409114, 0.010215234572053136], [0.011518412645031109, 0.011560450647385236, 0.011644526652093493, 0.01307381873213385, 0.0, 0.013241970741550362, 0.012401210694467799, 0.00924836051790819, 0.0097107785438036, 0.009878930553220111, 0.009038170506137548, 0.008659828484950395, 0.00920632251555406, 0.008617790482596267], [0.012106944677988903, 0.010425424583823777, 0.011350260635614595, 0.013620312762737515, 0.013241970741550362, 0.0, 0.01328400874390449, 0.01303178072977972, 0.009794854548511854, 0.007861106440221961, 0.010215234572053136, 0.008029258449638473, 0.00899613250378342, 0.009332436522616444], [0.01034134857911552, 0.011182108626198083, 0.01256936270388431, 0.012317134689759543, 0.012401210694467799, 0.01328400874390449, 0.0, 0.012022868673280646, 0.010635614595594417, 0.00924836051790819, 0.009500588532032958, 0.008197410459054985, 0.009542626534387085, 0.00899613250378342], [0.009500588532032958, 0.009752816546157726, 0.00878594249201278, 0.011224146628552211, 0.00924836051790819, 0.01303178072977972, 0.012022868673280646, 0.0, 0.01303178072977972, 0.012443248696821927, 0.01147637464267698, 0.011308222633260468, 0.011938792668572389, 0.010635614595594417], [0.008659828484950395, 0.007987220447284345, 0.008071296451992602, 0.010971918614427442, 0.0097107785438036, 0.009794854548511854, 0.010635614595594417, 0.01303178072977972, 0.0, 0.014881452833361359, 0.012863628720363209, 0.013410122750966874, 0.01303178072977972, 0.012401210694467799], [0.007524802421388936, 0.00874390448965865, 0.008407600470825626, 0.00920632251555406, 0.009878930553220111, 0.007861106440221961, 0.00924836051790819, 0.012443248696821927, 0.014881452833361359, 0.0, 0.01593240289221456, 0.013578274760383386, 0.014208844795695308, 0.015343870859256769], [0.007987220447284345, 0.00790314444257609, 0.0065999663695981165, 0.009416512527324701, 0.009038170506137548, 0.010215234572053136, 0.009500588532032958, 0.01147637464267698, 0.012863628720363209, 0.01593240289221456, 0.0, 0.016058516899276946, 0.01483941483100723, 0.01580628888515218], [0.0074407264166806795, 0.007524802421388936, 0.008365562468471498, 0.008071296451992602, 0.008659828484950395, 0.008029258449638473, 0.008197410459054985, 0.011308222633260468, 0.013410122750966874, 0.013578274760383386, 0.016058516899276946, 0.0, 0.018202455019337482, 0.018622835042878764], [0.0069783083907852695, 0.0070623843954935265, 0.007524802421388936, 0.008239448461409114, 0.00920632251555406, 0.00899613250378342, 0.009542626534387085, 0.011938792668572389, 0.01303178072977972, 0.014208844795695308, 0.01483941483100723, 0.018202455019337482, 0.0, 0.020724735160585168], [0.007566840423743064, 0.007692954430805448, 0.007861106440221961, 0.010215234572053136, 0.008617790482596267, 0.009332436522616444, 0.00899613250378342, 0.010635614595594417, 0.012401210694467799, 0.015343870859256769, 0.01580628888515218, 0.018622835042878764, 0.020724735160585168, 0.0]], "sysname": ["SOURCE", "UFC", "IITB", "PKU", "SJTU", "RAC", "IPN", "AMU", "UMC", "POST", "NTHU", "CUUI", "NUCLEA", "CAMB"]}