{"sysname": ["SOURCE", "UFC", "IITB", "SJTU", "IPN", "RAC", "PKU", "AMU", "UMC", "NTHU", "POST", "CUUI", "NUCLEA", "CAMB"], "counts": [[0.0, 0.018468110054859918, 0.016918631433477115, 0.011809539762971649, 0.01101386155199129, 0.009841283135809707, 0.011851417563549562, 0.008626826919050212, 0.008459315716738558, 0.008166171112693162, 0.007077348297667406, 0.007496126303446543, 0.006574814690732443, 0.006532936890154529], [0.018468110054859918, 0.0, 0.01754679844214582, 0.012228317768750786, 0.011851417563549562, 0.011348883956614599, 0.010385694543322584, 0.0077055153063361114, 0.007538004104024457, 0.007496126303446543, 0.006323547887264961, 0.00791490430922568, 0.007077348297667406, 0.006742325893044097], [0.016918631433477115, 0.01754679844214582, 0.0, 0.013233384982620713, 0.012772729176263663, 0.01009254993927719, 0.010260061141588844, 0.00850119351731647, 0.007956782109803592, 0.007873026508647766, 0.007789270907491938, 0.006993592696511579, 0.006826081494199924, 0.0067004480924661835], [0.011809539762971649, 0.012228317768750786, 0.013233384982620713, 0.0, 0.014489718999958122, 0.012186439968172872, 0.011139494953725031, 0.010720716947945894, 0.010008794338121362, 0.008543071317894384, 0.00837556011558273, 0.007286737300556975, 0.00871058252020604, 0.008124293312115248], [0.01101386155199129, 0.011851417563549562, 0.012772729176263663, 0.014489718999958122, 0.0, 0.013610285187821935, 0.012144562167594958, 0.010804472549101721, 0.01009254993927719, 0.0077473931069140245, 0.008878093722517693, 0.008166171112693162, 0.009003727124251435, 0.009338749528874743], [0.009841283135809707, 0.011348883956614599, 0.01009254993927719, 0.012186439968172872, 0.013610285187821935, 0.0, 0.013023995979731145, 0.01088822815025755, 0.011809539762971649, 0.010301938942166758, 0.010511327945056326, 0.008543071317894384, 0.009087482725407261, 0.010008794338121362], [0.011851417563549562, 0.010385694543322584, 0.010260061141588844, 0.011139494953725031, 0.012144562167594958, 0.013023995979731145, 0.0, 0.01206080656643913, 0.011809539762971649, 0.011097617153147117, 0.011223250554880857, 0.009715649734075966, 0.009380627329452657, 0.008459315716738558], [0.008626826919050212, 0.0077055153063361114, 0.00850119351731647, 0.010720716947945894, 0.010804472549101721, 0.01088822815025755, 0.01206080656643913, 0.0, 0.013987185393023158, 0.013191507182042799, 0.012102684367017044, 0.01273085137568575, 0.011516395158926253, 0.012437706771640354], [0.008459315716738558, 0.007538004104024457, 0.007956782109803592, 0.010008794338121362, 0.01009254993927719, 0.011809539762971649, 0.011809539762971649, 0.013987185393023158, 0.0, 0.013400896184932367, 0.012814606976841576, 0.013359018384354453, 0.011767661962393735, 0.012479584572218268], [0.008166171112693162, 0.007496126303446543, 0.007873026508647766, 0.008543071317894384, 0.0077473931069140245, 0.010301938942166758, 0.011097617153147117, 0.013191507182042799, 0.013400896184932367, 0.0, 0.015662297416139705, 0.015076008208048913, 0.014489718999958122, 0.01490849700573726], [0.007077348297667406, 0.006323547887264961, 0.007789270907491938, 0.00837556011558273, 0.008878093722517693, 0.010511327945056326, 0.011223250554880857, 0.012102684367017044, 0.012814606976841576, 0.015662297416139705, 0.0, 0.0159554420201851, 0.015662297416139705, 0.016164831023074668], [0.007496126303446543, 0.00791490430922568, 0.006993592696511579, 0.007286737300556975, 0.008166171112693162, 0.008543071317894384, 0.009715649734075966, 0.01273085137568575, 0.013359018384354453, 0.015076008208048913, 0.0159554420201851, 0.0, 0.016709242430587544, 0.018049332049080782], [0.006574814690732443, 0.007077348297667406, 0.006826081494199924, 0.00871058252020604, 0.009003727124251435, 0.009087482725407261, 0.009380627329452657, 0.011516395158926253, 0.011767661962393735, 0.014489718999958122, 0.015662297416139705, 0.016709242430587544, 0.0, 0.024247246534612], [0.006532936890154529, 0.006742325893044097, 0.0067004480924661835, 0.008124293312115248, 0.009338749528874743, 0.010008794338121362, 0.008459315716738558, 0.012437706771640354, 0.012479584572218268, 0.01490849700573726, 0.016164831023074668, 0.018049332049080782, 0.024247246534612, 0.0]]}