{"counts": [[0.0, 0.017044264835210855, 0.014615352401691864, 0.010595083546212154, 0.012228317768750786, 0.011642028560659995, 0.011977050965283304, 0.009213116127141003, 0.00791490430922568, 0.007161103898823234, 0.008459315716738558, 0.007789270907491938, 0.006867959294777838, 0.0075798819046023706], [0.017044264835210855, 0.0, 0.014740985803425604, 0.011307006156036685, 0.011223250554880857, 0.011977050965283304, 0.010971983751413375, 0.009966916537543448, 0.008752460320783952, 0.00745424850286863, 0.00745424850286863, 0.00745424850286863, 0.007370492901712802, 0.0077473931069140245], [0.014615352401691864, 0.014740985803425604, 0.0, 0.011390761757192513, 0.011516395158926253, 0.011642028560659995, 0.011097617153147117, 0.009338749528874743, 0.008333682315004816, 0.008752460320783952, 0.00850119351731647, 0.00850119351731647, 0.007831148708069852, 0.007621759705180284], [0.010595083546212154, 0.011307006156036685, 0.011390761757192513, 0.0, 0.013861551991289418, 0.01285648477741949, 0.012186439968172872, 0.011223250554880857, 0.01009254993927719, 0.00871058252020604, 0.008878093722517693, 0.009045604924829347, 0.009045604924829347, 0.009045604924829347], [0.012228317768750786, 0.011223250554880857, 0.011516395158926253, 0.013861551991289418, 0.0, 0.013987185393023158, 0.012772729176263663, 0.011683906361237908, 0.009715649734075966, 0.00942250513003057, 0.009003727124251435, 0.008124293312115248, 0.009506260731186399, 0.009631894132920139], [0.011642028560659995, 0.011977050965283304, 0.011642028560659995, 0.01285648477741949, 0.013987185393023158, 0.0, 0.013065873780309057, 0.009590016332342225, 0.008878093722517693, 0.01009254993927719, 0.009254993927718917, 0.008208048913271076, 0.009171238326563089, 0.009799405335231794], [0.011977050965283304, 0.010971983751413375, 0.011097617153147117, 0.012186439968172872, 0.012772729176263663, 0.013065873780309057, 0.0, 0.01273085137568575, 0.009673771933498053, 0.009715649734075966, 0.00837556011558273, 0.009631894132920139, 0.009841283135809707, 0.008668704719628125], [0.009213116127141003, 0.009966916537543448, 0.009338749528874743, 0.011223250554880857, 0.011683906361237908, 0.009590016332342225, 0.01273085137568575, 0.0, 0.012688973575107836, 0.011893295364127476, 0.011516395158926253, 0.011642028560659995, 0.011516395158926253, 0.011139494953725031], [0.00791490430922568, 0.008752460320783952, 0.008333682315004816, 0.01009254993927719, 0.009715649734075966, 0.008878093722517693, 0.009673771933498053, 0.012688973575107836, 0.0, 0.014740985803425604, 0.013442773985510281, 0.013317140583776541, 0.01390342979186733, 0.0141128187947569], [0.007161103898823234, 0.00745424850286863, 0.008752460320783952, 0.00871058252020604, 0.00942250513003057, 0.01009254993927719, 0.009715649734075966, 0.011893295364127476, 0.014740985803425604, 0.0, 0.015494786213828049, 0.01390342979186733, 0.014992252606893085, 0.01608107542191884], [0.008459315716738558, 0.00745424850286863, 0.00850119351731647, 0.008878093722517693, 0.009003727124251435, 0.009254993927718917, 0.00837556011558273, 0.011516395158926253, 0.013442773985510281, 0.015494786213828049, 0.0, 0.01582980861845136, 0.016164831023074668, 0.014489718999958122], [0.007789270907491938, 0.00745424850286863, 0.00850119351731647, 0.009045604924829347, 0.008124293312115248, 0.008208048913271076, 0.009631894132920139, 0.011642028560659995, 0.013317140583776541, 0.01390342979186733, 0.01582980861845136, 0.0, 0.015704175216717617, 0.018551865656015746], [0.006867959294777838, 0.007370492901712802, 0.007831148708069852, 0.009045604924829347, 0.009506260731186399, 0.009171238326563089, 0.009841283135809707, 0.011516395158926253, 0.01390342979186733, 0.014992252606893085, 0.016164831023074668, 0.015704175216717617, 0.0, 0.019347543866996105], [0.0075798819046023706, 0.0077473931069140245, 0.007621759705180284, 0.009045604924829347, 0.009631894132920139, 0.009799405335231794, 0.008668704719628125, 0.011139494953725031, 0.0141128187947569, 0.01608107542191884, 0.014489718999958122, 0.018551865656015746, 0.019347543866996105, 0.0]], "sysname": ["SOURCE", "UFC", "IITB", "SJTU", "PKU", "RAC", "IPN", "AMU", "UMC", "POST", "NTHU", "CUUI", "NUCLEA", "CAMB"]}