{"sysname": ["SOURCE", "UFC", "IITB", "PKU", "SJTU", "RAC", "IPN", "AMU", "UMC", "POST", "NTHU", "CUUI", "NUCLEA", "CAMB"], "counts": [[0.0, 0.017025390953421895, 0.015343870859256769, 0.012695476710946696, 0.011392298637968723, 0.012064906675634774, 0.010383386581469648, 0.009584664536741214, 0.008071296451992602, 0.007146460400201783, 0.0074407264166806795, 0.007482764419034807, 0.006347738355473348, 0.00790314444257609], [0.017025390953421895, 0.0, 0.016016478896922818, 0.012485286699176056, 0.011980830670926517, 0.012485286699176056, 0.010425424583823777, 0.00920632251555406, 0.00765091642845132, 0.008155372456700857, 0.007398688414326551, 0.006263662350765092, 0.006431814360181604, 0.007692954430805448], [0.015343870859256769, 0.016016478896922818, 0.0, 0.012779552715654952, 0.011518412645031109, 0.01172860265680175, 0.011308222633260468, 0.009963006557928367, 0.008449638473179755, 0.008449638473179755, 0.007020346393139398, 0.006642004371952245, 0.007482764419034807, 0.007230536404910039], [0.012695476710946696, 0.012485286699176056, 0.012779552715654952, 0.0, 0.01282159071800908, 0.013872540776862284, 0.012233058685051286, 0.011224146628552211, 0.00878594249201278, 0.010089120564990752, 0.00874390448965865, 0.00899613250378342, 0.007777030435513704, 0.009122246510845805], [0.011392298637968723, 0.011980830670926517, 0.011518412645031109, 0.01282159071800908, 0.0, 0.013620312762737515, 0.012989742727425592, 0.010299310576761393, 0.010173196569699007, 0.008827980494366908, 0.007777030435513704, 0.008575752480242138, 0.008575752480242138, 0.009416512527324701], [0.012064906675634774, 0.012485286699176056, 0.01172860265680175, 0.013872540776862284, 0.013620312762737515, 0.0, 0.012191020682697158, 0.011434336640322852, 0.008870018496721036, 0.009332436522616444, 0.009080208508491677, 0.008071296451992602, 0.008912056499075165, 0.009122246510845805], [0.010383386581469648, 0.010425424583823777, 0.011308222633260468, 0.012233058685051286, 0.012989742727425592, 0.012191020682697158, 0.0, 0.011896754666218262, 0.010299310576761393, 0.010467462586177905, 0.009416512527324701, 0.009374474524970573, 0.010089120564990752, 0.009542626534387085], [0.009584664536741214, 0.00920632251555406, 0.009963006557928367, 0.011224146628552211, 0.010299310576761393, 0.011434336640322852, 0.011896754666218262, 0.0, 0.013157894736842105, 0.012233058685051286, 0.011812678661510005, 0.011644526652093493, 0.011224146628552211, 0.010971918614427442], [0.008071296451992602, 0.00765091642845132, 0.008449638473179755, 0.00878594249201278, 0.010173196569699007, 0.008870018496721036, 0.010299310576761393, 0.013157894736842105, 0.0, 0.015133680847486128, 0.014250882798049437, 0.014208844795695308, 0.01303178072977972, 0.013914578779216412], [0.007146460400201783, 0.008155372456700857, 0.008449638473179755, 0.010089120564990752, 0.008827980494366908, 0.009332436522616444, 0.010467462586177905, 0.012233058685051286, 0.015133680847486128, 0.0, 0.013746426769799898, 0.015007566840423743, 0.014797376828653102, 0.014503110812174206], [0.0074407264166806795, 0.007398688414326551, 0.007020346393139398, 0.00874390448965865, 0.007777030435513704, 0.009080208508491677, 0.009416512527324701, 0.011812678661510005, 0.014250882798049437, 0.013746426769799898, 0.0, 0.016058516899276946, 0.016815200941651252, 0.01752984698167143], [0.007482764419034807, 0.006263662350765092, 0.006642004371952245, 0.00899613250378342, 0.008575752480242138, 0.008071296451992602, 0.009374474524970573, 0.011644526652093493, 0.014208844795695308, 0.015007566840423743, 0.016058516899276946, 0.0, 0.01895913906171179, 0.016647048932234742], [0.006347738355473348, 0.006431814360181604, 0.007482764419034807, 0.007777030435513704, 0.008575752480242138, 0.008912056499075165, 0.010089120564990752, 0.011224146628552211, 0.01303178072977972, 0.014797376828653102, 0.016815200941651252, 0.01895913906171179, 0.0, 0.02068269715823104], [0.00790314444257609, 0.007692954430805448, 0.007230536404910039, 0.009122246510845805, 0.009416512527324701, 0.009122246510845805, 0.009542626534387085, 0.010971918614427442, 0.013914578779216412, 0.014503110812174206, 0.01752984698167143, 0.016647048932234742, 0.02068269715823104, 0.0]]}