{"counts": [[0.0, 0.018891117293135796, 0.012098078540467102, 0.010998253218606457, 0.0084751245390438, 0.009445558646567898, 0.009122080610726531, 0.009639645468072718, 0.010221905932587178, 0.008410428931875526, 0.006987125574173514, 0.0069224299670052405, 0.006663647538332147, 0.006534256323995601, 0.007245908002846606], [0.018891117293135796, 0.0, 0.012745034612149835, 0.01086886200426991, 0.008992689396389985, 0.008539820146212072, 0.009186776217894805, 0.009445558646567898, 0.007634081645856246, 0.008151646503202433, 0.008863298182053439, 0.007828168467361066, 0.00731060361001488, 0.008151646503202433, 0.006857734359836967], [0.012098078540467102, 0.012745034612149835, 0.0, 0.012098078540467102, 0.009574949860904444, 0.00970434107524099, 0.009510254253736172, 0.008992689396389985, 0.006857734359836967, 0.008345733324707252, 0.008669211360548618, 0.0075046904315197, 0.008733906967716892, 0.008669211360548618, 0.00711651678851006], [0.010998253218606457, 0.01086886200426991, 0.012098078540467102, 0.0, 0.009510254253736172, 0.0084751245390438, 0.010157210325418903, 0.007957559681697613, 0.00828103771753898, 0.008992689396389985, 0.008798602574885165, 0.0084751245390438, 0.008669211360548618, 0.00828103771753898, 0.009380863039399626], [0.0084751245390438, 0.008992689396389985, 0.009574949860904444, 0.009510254253736172, 0.0, 0.010804166397101637, 0.01067477518276509, 0.010804166397101637, 0.00970434107524099, 0.008604515753380346, 0.009122080610726531, 0.009057385003558259, 0.00989842789674581, 0.007439994824351427, 0.009769036682409265], [0.009445558646567898, 0.008539820146212072, 0.00970434107524099, 0.0084751245390438, 0.010804166397101637, 0.0, 0.009445558646567898, 0.010221905932587178, 0.01048068836126027, 0.008863298182053439, 0.008669211360548618, 0.009316167432231352, 0.009380863039399626, 0.009251471825063078, 0.009963123503914085], [0.009122080610726531, 0.009186776217894805, 0.009510254253736172, 0.010157210325418903, 0.01067477518276509, 0.009445558646567898, 0.0, 0.009122080610726531, 0.008927993789221713, 0.009769036682409265, 0.008086950896034159, 0.009445558646567898, 0.009057385003558259, 0.009186776217894805, 0.008863298182053439], [0.009639645468072718, 0.009445558646567898, 0.008992689396389985, 0.007957559681697613, 0.010804166397101637, 0.010221905932587178, 0.009122080610726531, 0.0, 0.008216342110370705, 0.009316167432231352, 0.009057385003558259, 0.008539820146212072, 0.00828103771753898, 0.008151646503202433, 0.010221905932587178], [0.010221905932587178, 0.007634081645856246, 0.006857734359836967, 0.00828103771753898, 0.00970434107524099, 0.01048068836126027, 0.008927993789221713, 0.008216342110370705, 0.0, 0.008992689396389985, 0.008733906967716892, 0.008733906967716892, 0.01106294882577473, 0.009574949860904444, 0.010545383968428544], [0.008410428931875526, 0.008151646503202433, 0.008345733324707252, 0.008992689396389985, 0.008604515753380346, 0.008863298182053439, 0.009769036682409265, 0.009316167432231352, 0.008992689396389985, 0.0, 0.012098078540467102, 0.010804166397101637, 0.009833732289577537, 0.011386426861616096, 0.010610079575596816], [0.006987125574173514, 0.008863298182053439, 0.008669211360548618, 0.008798602574885165, 0.009122080610726531, 0.008669211360548618, 0.008086950896034159, 0.009057385003558259, 0.008733906967716892, 0.012098078540467102, 0.0, 0.010610079575596816, 0.011645209290289189, 0.011580513683120916, 0.011386426861616096], [0.0069224299670052405, 0.007828168467361066, 0.0075046904315197, 0.0084751245390438, 0.009057385003558259, 0.009316167432231352, 0.009445558646567898, 0.008539820146212072, 0.008733906967716892, 0.010804166397101637, 0.010610079575596816, 0.0, 0.012550947790645015, 0.013003817040822927, 0.012939121433654655], [0.006663647538332147, 0.00731060361001488, 0.008733906967716892, 0.008669211360548618, 0.00989842789674581, 0.009380863039399626, 0.009057385003558259, 0.00828103771753898, 0.01106294882577473, 0.009833732289577537, 0.011645209290289189, 0.012550947790645015, 0.0, 0.012292165361971922, 0.013262599469496022], [0.006534256323995601, 0.008151646503202433, 0.008669211360548618, 0.00828103771753898, 0.007439994824351427, 0.009251471825063078, 0.009186776217894805, 0.008151646503202433, 0.009574949860904444, 0.011386426861616096, 0.011580513683120916, 0.013003817040822927, 0.012292165361971922, 0.0, 0.01365077311250566], [0.007245908002846606, 0.006857734359836967, 0.00711651678851006, 0.009380863039399626, 0.009769036682409265, 0.009963123503914085, 0.008863298182053439, 0.010221905932587178, 0.010545383968428544, 0.010610079575596816, 0.011386426861616096, 0.012939121433654655, 0.013262599469496022, 0.01365077311250566, 0.0]], "sysname": ["IITB", "SJTU", "PKU", "RAC", "JMGR", "AMU", "IPN", "UFC", "src", "UMC", "NTHU", "CUUI", "NUCLEA", "POST", "CAMB"]}