{"counts": [[0.0, 0.01757188498402556, 0.01757188498402556, 0.013115856734487978, 0.011392298637968723, 0.009878930553220111, 0.01172860265680175, 0.008870018496721036, 0.008071296451992602, 0.006936270388431142, 0.007398688414326551, 0.006810156381368757, 0.006347738355473348, 0.007104422397847654], [0.01757188498402556, 0.0, 0.01736169497225492, 0.013326046746258619, 0.012106944677988903, 0.009500588532032958, 0.010509500588532034, 0.008659828484950395, 0.009080208508491677, 0.007692954430805448, 0.00765091642845132, 0.006053472338994451, 0.006263662350765092, 0.0070623843954935265], [0.01757188498402556, 0.01736169497225492, 0.0, 0.01256936270388431, 0.011602488649739364, 0.011350260635614595, 0.011350260635614595, 0.008491676475533883, 0.008197410459054985, 0.00630570035311922, 0.006810156381368757, 0.007777030435513704, 0.006347738355473348, 0.0070623843954935265], [0.013115856734487978, 0.013326046746258619, 0.01256936270388431, 0.0, 0.013998654783924667, 0.012485286699176056, 0.012191020682697158, 0.00899613250378342, 0.010299310576761393, 0.00811333445434673, 0.008281486463763242, 0.008701866487304524, 0.007692954430805448, 0.00790314444257609], [0.011392298637968723, 0.012106944677988903, 0.011602488649739364, 0.013998654783924667, 0.0, 0.014040692786278796, 0.01256936270388431, 0.010383386581469648, 0.010887842609719187, 0.009584664536741214, 0.009080208508491677, 0.007819068437867832, 0.008281486463763242, 0.00853371447788801], [0.009878930553220111, 0.009500588532032958, 0.011350260635614595, 0.012485286699176056, 0.014040692786278796, 0.0, 0.013914578779216412, 0.010929880612073315, 0.011812678661510005, 0.010257272574407264, 0.009416512527324701, 0.00853371447788801, 0.01013115856734488, 0.009374474524970573], [0.01172860265680175, 0.010509500588532034, 0.011350260635614595, 0.012191020682697158, 0.01256936270388431, 0.013914578779216412, 0.0, 0.011392298637968723, 0.011140070623843954, 0.010089120564990752, 0.009290398520262318, 0.00924836051790819, 0.009038170506137548, 0.010089120564990752], [0.008870018496721036, 0.008659828484950395, 0.008491676475533883, 0.00899613250378342, 0.010383386581469648, 0.010929880612073315, 0.011392298637968723, 0.0, 0.014503110812174206, 0.01256936270388431, 0.013452160753321002, 0.01328400874390449, 0.012233058685051286, 0.012064906675634774], [0.008071296451992602, 0.009080208508491677, 0.008197410459054985, 0.010299310576761393, 0.010887842609719187, 0.011812678661510005, 0.011140070623843954, 0.014503110812174206, 0.0, 0.013368084748612745, 0.012485286699176056, 0.01147637464267698, 0.011980830670926517, 0.012022868673280646], [0.006936270388431142, 0.007692954430805448, 0.00630570035311922, 0.00811333445434673, 0.009584664536741214, 0.010257272574407264, 0.010089120564990752, 0.01256936270388431, 0.013368084748612745, 0.0, 0.016268706911047585, 0.016058516899276946, 0.014587186816882461, 0.015259794854548512], [0.007398688414326551, 0.00765091642845132, 0.006810156381368757, 0.008281486463763242, 0.009080208508491677, 0.009416512527324701, 0.009290398520262318, 0.013452160753321002, 0.012485286699176056, 0.016268706911047585, 0.0, 0.01622666890869346, 0.015890364889860432, 0.015469984866319153], [0.006810156381368757, 0.006053472338994451, 0.007777030435513704, 0.008701866487304524, 0.007819068437867832, 0.00853371447788801, 0.00924836051790819, 0.01328400874390449, 0.01147637464267698, 0.016058516899276946, 0.01622666890869346, 0.0, 0.017908189002858583, 0.017866151000504454], [0.006347738355473348, 0.006263662350765092, 0.006347738355473348, 0.007692954430805448, 0.008281486463763242, 0.01013115856734488, 0.009038170506137548, 0.012233058685051286, 0.011980830670926517, 0.014587186816882461, 0.015890364889860432, 0.017908189002858583, 0.0, 0.024592231377164958], [0.007104422397847654, 0.0070623843954935265, 0.0070623843954935265, 0.00790314444257609, 0.00853371447788801, 0.009374474524970573, 0.010089120564990752, 0.012064906675634774, 0.012022868673280646, 0.015259794854548512, 0.015469984866319153, 0.017866151000504454, 0.024592231377164958, 0.0]], "sysname": ["SOURCE", "UFC", "IITB", "SJTU", "IPN", "RAC", "PKU", "AMU", "UMC", "NTHU", "POST", "CUUI", "NUCLEA", "CAMB"]}