{"sysname": ["SOURCE", "UFC", "IITB", "SJTU", "IPN", "RAC", "PKU", "AMU", "UMC", "NTHU", "POST", "CUUI", "NUCLEA", "CAMB"], "counts": [[0.0, 0.017630554043301647, 0.01700238703463294, 0.012605217973952008, 0.012144562167594958, 0.011893295364127476, 0.00988316093638762, 0.008752460320783952, 0.00883621592193978, 0.006784203693622011, 0.0077055153063361114, 0.0066585702918882704, 0.0067004480924661835, 0.006030403283219565], [0.017630554043301647, 0.0, 0.017714309644457474, 0.01172578416181582, 0.011977050965283304, 0.010804472549101721, 0.010636961346790066, 0.009715649734075966, 0.007831148708069852, 0.006867959294777838, 0.006826081494199924, 0.0066166924913103565, 0.007244859499979061, 0.007412370702290716], [0.01700238703463294, 0.017714309644457474, 0.0, 0.012228317768750786, 0.011893295364127476, 0.010720716947945894, 0.01067883914736798, 0.008961849323673521, 0.008459315716738558, 0.007370492901712802, 0.007244859499979061, 0.007538004104024457, 0.006784203693622011, 0.007161103898823234], [0.012605217973952008, 0.01172578416181582, 0.012228317768750786, 0.0, 0.01423845219649064, 0.012940240378575317, 0.01193517316470539, 0.009799405335231794, 0.01021818334101093, 0.00837556011558273, 0.007789270907491938, 0.008919971523095607, 0.0077055153063361114, 0.00883621592193978], [0.012144562167594958, 0.011977050965283304, 0.011893295364127476, 0.01423845219649064, 0.0, 0.013233384982620713, 0.01206080656643913, 0.01021818334101093, 0.010050672138699276, 0.008919971523095607, 0.009380627329452657, 0.008124293312115248, 0.008794338121361866, 0.009506260731186399], [0.011893295364127476, 0.010804472549101721, 0.010720716947945894, 0.012940240378575317, 0.013233384982620713, 0.0, 0.013065873780309057, 0.011055739352569203, 0.009925038736965534, 0.010134427739855102, 0.008626826919050212, 0.009254993927718917, 0.009506260731186399, 0.00988316093638762], [0.00988316093638762, 0.010636961346790066, 0.01067883914736798, 0.01193517316470539, 0.01206080656643913, 0.013065873780309057, 0.0, 0.012605217973952008, 0.011348883956614599, 0.010469450144478412, 0.011348883956614599, 0.01055320574563424, 0.008291804514426902, 0.01021818334101093], [0.008752460320783952, 0.009715649734075966, 0.008961849323673521, 0.009799405335231794, 0.01021818334101093, 0.011055739352569203, 0.012605217973952008, 0.0, 0.015578541814983877, 0.012688973575107836, 0.011893295364127476, 0.011683906361237908, 0.011767661962393735, 0.010511327945056326], [0.00883621592193978, 0.007831148708069852, 0.008459315716738558, 0.01021818334101093, 0.010050672138699276, 0.009925038736965534, 0.011348883956614599, 0.015578541814983877, 0.0, 0.012982118179153231, 0.01193517316470539, 0.012605217973952008, 0.013107751580886971, 0.01252146237279618], [0.006784203693622011, 0.006867959294777838, 0.007370492901712802, 0.00837556011558273, 0.008919971523095607, 0.010134427739855102, 0.010469450144478412, 0.012688973575107836, 0.012982118179153231, 0.0, 0.015662297416139705, 0.014364085598224382, 0.015787930817873445, 0.016457975627120064], [0.0077055153063361114, 0.006826081494199924, 0.007244859499979061, 0.007789270907491938, 0.009380627329452657, 0.008626826919050212, 0.011348883956614599, 0.011893295364127476, 0.01193517316470539, 0.015662297416139705, 0.0, 0.01700238703463294, 0.015117886008626827, 0.017086142635788767], [0.0066585702918882704, 0.0066166924913103565, 0.007538004104024457, 0.008919971523095607, 0.008124293312115248, 0.009254993927718917, 0.01055320574563424, 0.011683906361237908, 0.012605217973952008, 0.014364085598224382, 0.01700238703463294, 0.0, 0.01767243184387956, 0.016122953222496756], [0.0067004480924661835, 0.007244859499979061, 0.006784203693622011, 0.0077055153063361114, 0.008794338121361866, 0.009506260731186399, 0.008291804514426902, 0.011767661962393735, 0.013107751580886971, 0.015787930817873445, 0.015117886008626827, 0.01767243184387956, 0.0, 0.02307466811843042], [0.006030403283219565, 0.007412370702290716, 0.007161103898823234, 0.00883621592193978, 0.009506260731186399, 0.00988316093638762, 0.01021818334101093, 0.010511327945056326, 0.01252146237279618, 0.016457975627120064, 0.017086142635788767, 0.016122953222496756, 0.02307466811843042, 0.0]]}