{"sysname": ["IITB", "SJTU", "PKU", "RAC", "IPN", "src", "UFC", "JMGR", "AMU", "NTHU", "UMC", "CUUI", "NUCLEA", "POST", "CAMB"], "counts": [[0.0, 0.02076728990101572, 0.012550947790645015, 0.009445558646567898, 0.010221905932587178, 0.0075046904315197, 0.008798602574885165, 0.009186776217894805, 0.009510254253736172, 0.008604515753380346, 0.0075046904315197, 0.007245908002846606, 0.006469560716827328, 0.006210778288154234, 0.006793038752668693], [0.02076728990101572, 0.0, 0.011515818075952642, 0.010351297146923724, 0.010157210325418903, 0.008086950896034159, 0.007439994824351427, 0.008410428931875526, 0.009186776217894805, 0.007698777253024519, 0.008992689396389985, 0.008022255288865887, 0.00711651678851006, 0.007892864074529339, 0.008216342110370705], [0.012550947790645015, 0.011515818075952642, 0.0, 0.010092514718250631, 0.010933557611438183, 0.009186776217894805, 0.007439994824351427, 0.009963123503914085, 0.01028660153975545, 0.009316167432231352, 0.008863298182053439, 0.007763472860192793, 0.007892864074529339, 0.009251471825063078, 0.006275473895322507], [0.009445558646567898, 0.010351297146923724, 0.010092514718250631, 0.0, 0.011127644432943003, 0.008539820146212072, 0.009251471825063078, 0.009380863039399626, 0.009833732289577537, 0.008798602574885165, 0.008733906967716892, 0.009122080610726531, 0.008863298182053439, 0.007957559681697613, 0.009186776217894805], [0.010221905932587178, 0.010157210325418903, 0.010933557611438183, 0.011127644432943003, 0.0, 0.008539820146212072, 0.010610079575596816, 0.00989842789674581, 0.008863298182053439, 0.008151646503202433, 0.007892864074529339, 0.008539820146212072, 0.008539820146212072, 0.007569386038687973, 0.008410428931875526], [0.0075046904315197, 0.008086950896034159, 0.009186776217894805, 0.008539820146212072, 0.008539820146212072, 0.0, 0.009122080610726531, 0.009769036682409265, 0.01028660153975545, 0.009510254253736172, 0.010092514718250631, 0.007569386038687973, 0.010221905932587178, 0.009057385003558259, 0.009639645468072718], [0.008798602574885165, 0.007439994824351427, 0.007439994824351427, 0.009251471825063078, 0.010610079575596816, 0.009122080610726531, 0.0, 0.01048068836126027, 0.01067477518276509, 0.007957559681697613, 0.008798602574885165, 0.009510254253736172, 0.008927993789221713, 0.008151646503202433, 0.009769036682409265], [0.009186776217894805, 0.008410428931875526, 0.009963123503914085, 0.009380863039399626, 0.00989842789674581, 0.009769036682409265, 0.01048068836126027, 0.0, 0.010545383968428544, 0.01048068836126027, 0.009186776217894805, 0.00828103771753898, 0.008798602574885165, 0.008151646503202433, 0.00970434107524099], [0.009510254253736172, 0.009186776217894805, 0.01028660153975545, 0.009833732289577537, 0.008863298182053439, 0.01028660153975545, 0.01067477518276509, 0.010545383968428544, 0.0, 0.00970434107524099, 0.008669211360548618, 0.00970434107524099, 0.008216342110370705, 0.009057385003558259, 0.008927993789221713], [0.008604515753380346, 0.007698777253024519, 0.009316167432231352, 0.008798602574885165, 0.008151646503202433, 0.009510254253736172, 0.007957559681697613, 0.01048068836126027, 0.00970434107524099, 0.0, 0.011321731254447824, 0.01067477518276509, 0.010545383968428544, 0.01048068836126027, 0.01106294882577473], [0.0075046904315197, 0.008992689396389985, 0.008863298182053439, 0.008733906967716892, 0.007892864074529339, 0.010092514718250631, 0.008798602574885165, 0.009186776217894805, 0.008669211360548618, 0.011321731254447824, 0.0, 0.012098078540467102, 0.011709904897457463, 0.00989842789674581, 0.01106294882577473], [0.007245908002846606, 0.008022255288865887, 0.007763472860192793, 0.009122080610726531, 0.008539820146212072, 0.007569386038687973, 0.009510254253736172, 0.00828103771753898, 0.00970434107524099, 0.01067477518276509, 0.012098078540467102, 0.0, 0.011903991718962283, 0.012550947790645015, 0.013068512647991202], [0.006469560716827328, 0.00711651678851006, 0.007892864074529339, 0.008863298182053439, 0.008539820146212072, 0.010221905932587178, 0.008927993789221713, 0.008798602574885165, 0.008216342110370705, 0.010545383968428544, 0.011709904897457463, 0.011903991718962283, 0.0, 0.01520346768454422, 0.014556511612861487], [0.006210778288154234, 0.007892864074529339, 0.009251471825063078, 0.007957559681697613, 0.007569386038687973, 0.009057385003558259, 0.008151646503202433, 0.008151646503202433, 0.009057385003558259, 0.01048068836126027, 0.00989842789674581, 0.012550947790645015, 0.01520346768454422, 0.0, 0.015915119363395226], [0.006793038752668693, 0.008216342110370705, 0.006275473895322507, 0.009186776217894805, 0.008410428931875526, 0.009639645468072718, 0.009769036682409265, 0.00970434107524099, 0.008927993789221713, 0.01106294882577473, 0.01106294882577473, 0.013068512647991202, 0.014556511612861487, 0.015915119363395226, 0.0]]}