{"sysname": ["PKU", "AMU", "NUCLEA", "RAC", "CAMB", "POST", "UMC", "UFC", "NTHU", "SOURCE", "IITB", "CUUI", "IPN", "SJTU"], "counts": [[0.0, 0.01358666233625636, 0.012991230919129588, 0.011854498213705749, 0.012179278986683988, 0.010826025765941324, 0.010880155894771029, 0.01006820396232543, 0.010663635379452203, 0.010447114864133376, 0.009797553318176897, 0.009147991772220417, 0.010447114864133376, 0.01055537512179279], [0.01358666233625636, 0.0, 0.013965573238064306, 0.012882970661470174, 0.010988416152430442, 0.009635162931687778, 0.009202121901050124, 0.010014073833495724, 0.01120493666774927, 0.010284724477644256, 0.010176464219984844, 0.011962758471365163, 0.009689293060517483, 0.00990581357583631], [0.012991230919129588, 0.013965573238064306, 0.0, 0.013045361047959295, 0.011637977698386922, 0.012125148857854281, 0.011583847569557215, 0.010014073833495724, 0.009147991772220417, 0.009472772545198658, 0.009959943704666017, 0.010880155894771029, 0.011150806538919563, 0.009364512287539244], [0.011854498213705749, 0.012882970661470174, 0.013045361047959295, 0.0, 0.011962758471365163, 0.012071018729024574, 0.01055537512179279, 0.010230594348814551, 0.009689293060517483, 0.010338854606473963, 0.00909386164339071, 0.009959943704666017, 0.01039298473530367, 0.010284724477644256], [0.012179278986683988, 0.010988416152430442, 0.011637977698386922, 0.011962758471365163, 0.0, 0.012233409115513695, 0.012341669373173108, 0.009797553318176897, 0.011529717440727508, 0.010663635379452203, 0.011962758471365163, 0.010176464219984844, 0.009689293060517483, 0.010284724477644256], [0.010826025765941324, 0.009635162931687778, 0.012125148857854281, 0.012071018729024574, 0.012233409115513695, 0.0, 0.011746237956046335, 0.011475587311897802, 0.011854498213705749, 0.010609505250622497, 0.009797553318176897, 0.01055537512179279, 0.010447114864133376, 0.01120493666774927], [0.010880155894771029, 0.009202121901050124, 0.011583847569557215, 0.01055537512179279, 0.012341669373173108, 0.011746237956046335, 0.0, 0.01136732705423839, 0.010176464219984844, 0.011313196925408683, 0.011421457183068095, 0.011962758471365163, 0.011583847569557215, 0.010176464219984844], [0.01006820396232543, 0.010014073833495724, 0.010014073833495724, 0.010230594348814551, 0.009797553318176897, 0.011475587311897802, 0.01136732705423839, 0.0, 0.010988416152430442, 0.012071018729024574, 0.01055537512179279, 0.010338854606473963, 0.012071018729024574, 0.010988416152430442], [0.010663635379452203, 0.01120493666774927, 0.009147991772220417, 0.009689293060517483, 0.011529717440727508, 0.011854498213705749, 0.010176464219984844, 0.010988416152430442, 0.0, 0.011096676410089856, 0.011583847569557215, 0.011692107827216629, 0.011259066796578976, 0.01136732705423839], [0.010447114864133376, 0.010284724477644256, 0.009472772545198658, 0.010338854606473963, 0.010663635379452203, 0.010609505250622497, 0.011313196925408683, 0.012071018729024574, 0.011096676410089856, 0.0, 0.011800368084876042, 0.01039298473530367, 0.01006820396232543, 0.011800368084876042], [0.009797553318176897, 0.010176464219984844, 0.009959943704666017, 0.00909386164339071, 0.011962758471365163, 0.009797553318176897, 0.011421457183068095, 0.01055537512179279, 0.011583847569557215, 0.011800368084876042, 0.0, 0.013207751434448413, 0.009797553318176897, 0.011637977698386922], [0.009147991772220417, 0.011962758471365163, 0.010880155894771029, 0.009959943704666017, 0.010176464219984844, 0.01055537512179279, 0.011962758471365163, 0.010338854606473963, 0.011692107827216629, 0.01039298473530367, 0.013207751434448413, 0.0, 0.012341669373173108, 0.011908628342535456], [0.010447114864133376, 0.009689293060517483, 0.011150806538919563, 0.01039298473530367, 0.009689293060517483, 0.010447114864133376, 0.011583847569557215, 0.012071018729024574, 0.011259066796578976, 0.01006820396232543, 0.009797553318176897, 0.012341669373173108, 0.0, 0.012341669373173108], [0.01055537512179279, 0.00990581357583631, 0.009364512287539244, 0.010284724477644256, 0.010284724477644256, 0.01120493666774927, 0.010176464219984844, 0.010988416152430442, 0.01136732705423839, 0.011800368084876042, 0.011637977698386922, 0.011908628342535456, 0.012341669373173108, 0.0]]}