{"sysname": ["IITB", "SJTU", "PKU", "RAC", "IPN", "UFC", "AMU", "src", "JMGR", "UMC", "NTHU", "CUUI", "NUCLEA", "POST", "CAMB"], "counts": [[0.0, 0.021220159151193633, 0.00970434107524099, 0.010610079575596816, 0.010027819111082357, 0.007698777253024519, 0.009380863039399626, 0.007569386038687973, 0.009380863039399626, 0.008345733324707252, 0.008216342110370705, 0.006598951931163874, 0.008216342110370705, 0.00711651678851006, 0.006857734359836967], [0.021220159151193633, 0.0, 0.011774600504625737, 0.009251471825063078, 0.009380863039399626, 0.009510254253736172, 0.009963123503914085, 0.009057385003558259, 0.009122080610726531, 0.0075046904315197, 0.006793038752668693, 0.008216342110370705, 0.008086950896034159, 0.007245908002846606, 0.006469560716827328], [0.00970434107524099, 0.011774600504625737, 0.0, 0.010545383968428544, 0.010739470789933363, 0.010092514718250631, 0.008733906967716892, 0.008410428931875526, 0.009574949860904444, 0.008798602574885165, 0.009510254253736172, 0.007634081645856246, 0.008345733324707252, 0.007828168467361066, 0.009380863039399626], [0.010610079575596816, 0.009251471825063078, 0.010545383968428544, 0.0, 0.011192340040111276, 0.010998253218606457, 0.009186776217894805, 0.008539820146212072, 0.009574949860904444, 0.008216342110370705, 0.008863298182053439, 0.009316167432231352, 0.007569386038687973, 0.0084751245390438, 0.008216342110370705], [0.010027819111082357, 0.009380863039399626, 0.010739470789933363, 0.011192340040111276, 0.0, 0.008863298182053439, 0.009122080610726531, 0.008022255288865887, 0.010092514718250631, 0.009445558646567898, 0.007634081645856246, 0.00828103771753898, 0.008669211360548618, 0.008669211360548618, 0.00989842789674581], [0.007698777253024519, 0.009510254253736172, 0.010092514718250631, 0.010998253218606457, 0.008863298182053439, 0.0, 0.00970434107524099, 0.008733906967716892, 0.009316167432231352, 0.008863298182053439, 0.008151646503202433, 0.00989842789674581, 0.008410428931875526, 0.008669211360548618, 0.008410428931875526], [0.009380863039399626, 0.009963123503914085, 0.008733906967716892, 0.009186776217894805, 0.009122080610726531, 0.00970434107524099, 0.0, 0.010027819111082357, 0.009963123503914085, 0.012162774147635376, 0.009510254253736172, 0.008927993789221713, 0.008216342110370705, 0.007957559681697613, 0.00989842789674581], [0.007569386038687973, 0.009057385003558259, 0.008410428931875526, 0.008539820146212072, 0.008022255288865887, 0.008733906967716892, 0.010027819111082357, 0.0, 0.011192340040111276, 0.009445558646567898, 0.00970434107524099, 0.008733906967716892, 0.009122080610726531, 0.008345733324707252, 0.009574949860904444], [0.009380863039399626, 0.009122080610726531, 0.009574949860904444, 0.009574949860904444, 0.010092514718250631, 0.009316167432231352, 0.009963123503914085, 0.011192340040111276, 0.0, 0.009251471825063078, 0.008798602574885165, 0.008733906967716892, 0.009380863039399626, 0.00828103771753898, 0.009057385003558259], [0.008345733324707252, 0.0075046904315197, 0.008798602574885165, 0.008216342110370705, 0.009445558646567898, 0.008863298182053439, 0.012162774147635376, 0.009445558646567898, 0.009251471825063078, 0.0, 0.011709904897457463, 0.011839296111794009, 0.009316167432231352, 0.01028660153975545, 0.01067477518276509], [0.008216342110370705, 0.006793038752668693, 0.009510254253736172, 0.008863298182053439, 0.007634081645856246, 0.008151646503202433, 0.009510254253736172, 0.00970434107524099, 0.008798602574885165, 0.011709904897457463, 0.0, 0.010739470789933363, 0.01145112246878437, 0.011903991718962283, 0.011386426861616096], [0.006598951931163874, 0.008216342110370705, 0.007634081645856246, 0.009316167432231352, 0.00828103771753898, 0.00989842789674581, 0.008927993789221713, 0.008733906967716892, 0.008733906967716892, 0.011839296111794009, 0.010739470789933363, 0.0, 0.01345668629100084, 0.012680339004981563, 0.011645209290289189], [0.008216342110370705, 0.008086950896034159, 0.008345733324707252, 0.007569386038687973, 0.008669211360548618, 0.008410428931875526, 0.008216342110370705, 0.009122080610726531, 0.009380863039399626, 0.009316167432231352, 0.01145112246878437, 0.01345668629100084, 0.0, 0.014879989648702853, 0.0150093808630394], [0.00711651678851006, 0.007245908002846606, 0.007828168467361066, 0.0084751245390438, 0.008669211360548618, 0.008669211360548618, 0.007957559681697613, 0.008345733324707252, 0.00828103771753898, 0.01028660153975545, 0.011903991718962283, 0.012680339004981563, 0.014879989648702853, 0.0, 0.01481529404153458], [0.006857734359836967, 0.006469560716827328, 0.009380863039399626, 0.008216342110370705, 0.00989842789674581, 0.008410428931875526, 0.00989842789674581, 0.009574949860904444, 0.009057385003558259, 0.01067477518276509, 0.011386426861616096, 0.011645209290289189, 0.0150093808630394, 0.01481529404153458, 0.0]]}