{"counts": [[0.0, 0.01757188498402556, 0.016478896922818228, 0.012653438708592568, 0.011350260635614595, 0.011098032621489827, 0.010971918614427442, 0.00878594249201278, 0.008071296451992602, 0.008491676475533883, 0.007314612409618295, 0.007314612409618295, 0.006053472338994451, 0.006557928367243989], [0.01757188498402556, 0.0, 0.018328569026399864, 0.012905666722717337, 0.011350260635614595, 0.011055994619135699, 0.0097107785438036, 0.008281486463763242, 0.007524802421388936, 0.00676811837901463, 0.008071296451992602, 0.007230536404910039, 0.00651589036488986, 0.007398688414326551], [0.016478896922818228, 0.018328569026399864, 0.0, 0.013410122750966874, 0.01261140070623844, 0.009878930553220111, 0.009290398520262318, 0.00853371447788801, 0.007987220447284345, 0.0065999663695981165, 0.007608878426097192, 0.007104422397847654, 0.007819068437867832, 0.007020346393139398], [0.012653438708592568, 0.012905666722717337, 0.013410122750966874, 0.0, 0.01349419875567513, 0.01256936270388431, 0.011938792668572389, 0.010635614595594417, 0.008617790482596267, 0.008491676475533883, 0.008197410459054985, 0.009794854548511854, 0.008155372456700857, 0.006684042374306373], [0.011350260635614595, 0.011350260635614595, 0.01261140070623844, 0.01349419875567513, 0.0, 0.01416680679334118, 0.013157894736842105, 0.009836892550865983, 0.011182108626198083, 0.00992096855557424, 0.007524802421388936, 0.008912056499075165, 0.008239448461409114, 0.00945855052967883], [0.011098032621489827, 0.011055994619135699, 0.009878930553220111, 0.01256936270388431, 0.01416680679334118, 0.0, 0.014082730788632924, 0.011812678661510005, 0.01101395661678157, 0.009626702539095342, 0.00945855052967883, 0.008197410459054985, 0.008912056499075165, 0.008954094501429291], [0.010971918614427442, 0.0097107785438036, 0.009290398520262318, 0.011938792668572389, 0.013157894736842105, 0.014082730788632924, 0.0, 0.011686564654447621, 0.011812678661510005, 0.01080376660501093, 0.01013115856734488, 0.009542626534387085, 0.010089120564990752, 0.009500588532032958], [0.00878594249201278, 0.008281486463763242, 0.00853371447788801, 0.010635614595594417, 0.009836892550865983, 0.011812678661510005, 0.011686564654447621, 0.0, 0.015007566840423743, 0.012317134689759543, 0.011812678661510005, 0.01214898268034303, 0.011224146628552211, 0.013241970741550362], [0.008071296451992602, 0.007524802421388936, 0.007987220447284345, 0.008617790482596267, 0.011182108626198083, 0.01101395661678157, 0.011812678661510005, 0.015007566840423743, 0.0, 0.013662350765091643, 0.012737514713300825, 0.012737514713300825, 0.01214898268034303, 0.012653438708592568], [0.008491676475533883, 0.00676811837901463, 0.0065999663695981165, 0.008491676475533883, 0.00992096855557424, 0.009626702539095342, 0.01080376660501093, 0.012317134689759543, 0.013662350765091643, 0.0, 0.01593240289221456, 0.015596098873381536, 0.014461072809820077, 0.01530183285690264], [0.007314612409618295, 0.008071296451992602, 0.007608878426097192, 0.008197410459054985, 0.007524802421388936, 0.00945855052967883, 0.01013115856734488, 0.011812678661510005, 0.012737514713300825, 0.01593240289221456, 0.0, 0.016605010929880613, 0.016647048932234742, 0.016100554901631075], [0.007314612409618295, 0.007230536404910039, 0.007104422397847654, 0.009794854548511854, 0.008912056499075165, 0.008197410459054985, 0.009542626534387085, 0.01214898268034303, 0.012737514713300825, 0.015596098873381536, 0.016605010929880613, 0.0, 0.015680174878089793, 0.016605010929880613], [0.006053472338994451, 0.00651589036488986, 0.007819068437867832, 0.008155372456700857, 0.008239448461409114, 0.008912056499075165, 0.010089120564990752, 0.011224146628552211, 0.01214898268034303, 0.014461072809820077, 0.016647048932234742, 0.015680174878089793, 0.0, 0.025054649403060368], [0.006557928367243989, 0.007398688414326551, 0.007020346393139398, 0.006684042374306373, 0.00945855052967883, 0.008954094501429291, 0.009500588532032958, 0.013241970741550362, 0.012653438708592568, 0.01530183285690264, 0.016100554901631075, 0.016605010929880613, 0.025054649403060368, 0.0]], "sysname": ["SOURCE", "UFC", "IITB", "SJTU", "IPN", "RAC", "PKU", "AMU", "UMC", "NTHU", "POST", "CUUI", "NUCLEA", "CAMB"]}