{"sysname": ["IITB", "SJTU", "PKU", "RAC", "IPN", "AMU", "UFC", "JMGR", "src", "UMC", "NTHU", "CUUI", "NUCLEA", "POST", "CAMB"], "counts": [[0.0, 0.020896681115352266, 0.010610079575596816, 0.010415992754091998, 0.009639645468072718, 0.009316167432231352, 0.008927993789221713, 0.00731060361001488, 0.00828103771753898, 0.007828168467361066, 0.008151646503202433, 0.008863298182053439, 0.007569386038687973, 0.0073752992171831535, 0.006146082680985961], [0.020896681115352266, 0.0, 0.01145112246878437, 0.010092514718250631, 0.011774600504625737, 0.008798602574885165, 0.009251471825063078, 0.00989842789674581, 0.008669211360548618, 0.007763472860192793, 0.005887300252312868, 0.0073752992171831535, 0.006663647538332147, 0.0075046904315197, 0.0075046904315197], [0.010610079575596816, 0.01145112246878437, 0.0, 0.01106294882577473, 0.01067477518276509, 0.01125703564727955, 0.008992689396389985, 0.01028660153975545, 0.00970434107524099, 0.008216342110370705, 0.008604515753380346, 0.007634081645856246, 0.008086950896034159, 0.00672834314550042, 0.008022255288865887], [0.010415992754091998, 0.010092514718250631, 0.01106294882577473, 0.0, 0.010998253218606457, 0.00828103771753898, 0.008345733324707252, 0.01028660153975545, 0.009445558646567898, 0.008604515753380346, 0.008927993789221713, 0.007763472860192793, 0.0084751245390438, 0.009057385003558259, 0.008992689396389985], [0.009639645468072718, 0.011774600504625737, 0.01067477518276509, 0.010998253218606457, 0.0, 0.008798602574885165, 0.009057385003558259, 0.009574949860904444, 0.009445558646567898, 0.007957559681697613, 0.008733906967716892, 0.008216342110370705, 0.008669211360548618, 0.007698777253024519, 0.009122080610726531], [0.009316167432231352, 0.008798602574885165, 0.01125703564727955, 0.00828103771753898, 0.008798602574885165, 0.0, 0.009639645468072718, 0.009639645468072718, 0.010351297146923724, 0.010092514718250631, 0.009963123503914085, 0.008669211360548618, 0.008604515753380346, 0.009057385003558259, 0.00989842789674581], [0.008927993789221713, 0.009251471825063078, 0.008992689396389985, 0.008345733324707252, 0.009057385003558259, 0.009639645468072718, 0.0, 0.009186776217894805, 0.008216342110370705, 0.00989842789674581, 0.008863298182053439, 0.008733906967716892, 0.008022255288865887, 0.009510254253736172, 0.01028660153975545], [0.00731060361001488, 0.00989842789674581, 0.01028660153975545, 0.01028660153975545, 0.009574949860904444, 0.009639645468072718, 0.009186776217894805, 0.0, 0.010157210325418903, 0.010092514718250631, 0.008410428931875526, 0.009963123503914085, 0.010157210325418903, 0.008022255288865887, 0.009380863039399626], [0.00828103771753898, 0.008669211360548618, 0.00970434107524099, 0.009445558646567898, 0.009445558646567898, 0.010351297146923724, 0.008216342110370705, 0.010157210325418903, 0.0, 0.008798602574885165, 0.009122080610726531, 0.008733906967716892, 0.009833732289577537, 0.007181212395678333, 0.008927993789221713], [0.007828168467361066, 0.007763472860192793, 0.008216342110370705, 0.008604515753380346, 0.007957559681697613, 0.010092514718250631, 0.00989842789674581, 0.010092514718250631, 0.008798602574885165, 0.0, 0.013391990683832568, 0.012809730219318109, 0.01028660153975545, 0.01028660153975545, 0.008733906967716892], [0.008151646503202433, 0.005887300252312868, 0.008604515753380346, 0.008927993789221713, 0.008733906967716892, 0.009963123503914085, 0.008863298182053439, 0.008410428931875526, 0.009122080610726531, 0.013391990683832568, 0.0, 0.01028660153975545, 0.012745034612149835, 0.009122080610726531, 0.01203338293329883], [0.008863298182053439, 0.0073752992171831535, 0.007634081645856246, 0.007763472860192793, 0.008216342110370705, 0.008669211360548618, 0.008733906967716892, 0.009963123503914085, 0.008733906967716892, 0.012809730219318109, 0.01028660153975545, 0.0, 0.012486252183476742, 0.013391990683832568, 0.011515818075952642], [0.007569386038687973, 0.006663647538332147, 0.008086950896034159, 0.0084751245390438, 0.008669211360548618, 0.008604515753380346, 0.008022255288865887, 0.010157210325418903, 0.009833732289577537, 0.01028660153975545, 0.012745034612149835, 0.012486252183476742, 0.0, 0.014556511612861487, 0.013844859934010481], [0.0073752992171831535, 0.0075046904315197, 0.00672834314550042, 0.009057385003558259, 0.007698777253024519, 0.009057385003558259, 0.009510254253736172, 0.008022255288865887, 0.007181212395678333, 0.01028660153975545, 0.009122080610726531, 0.013391990683832568, 0.014556511612861487, 0.0, 0.01740311832826551], [0.006146082680985961, 0.0075046904315197, 0.008022255288865887, 0.008992689396389985, 0.009122080610726531, 0.00989842789674581, 0.01028660153975545, 0.009380863039399626, 0.008927993789221713, 0.008733906967716892, 0.01203338293329883, 0.011515818075952642, 0.013844859934010481, 0.01740311832826551, 0.0]]}