{"counts": [[0.0, 0.01954767109466958, 0.017866151000504454, 0.012275096687405415, 0.011896754666218262, 0.01055153859088616, 0.009584664536741214, 0.007945182444930216, 0.008407600470825626, 0.006810156381368757, 0.006726080376660501, 0.007356650411972423, 0.006347738355473348, 0.006852194383722886], [0.01954767109466958, 0.0, 0.01795022700521271, 0.012863628720363209, 0.011644526652093493, 0.010677652597948546, 0.00966874054144947, 0.008197410459054985, 0.007314612409618295, 0.006473852362535732, 0.007020346393139398, 0.006642004371952245, 0.007482764419034807, 0.00718849840255591], [0.017866151000504454, 0.01795022700521271, 0.0, 0.013704388767445772, 0.011896754666218262, 0.011055994619135699, 0.010383386581469648, 0.008912056499075165, 0.007692954430805448, 0.006894232386077013, 0.006894232386077013, 0.006431814360181604, 0.007356650411972423, 0.006179586346056835], [0.012275096687405415, 0.012863628720363209, 0.013704388767445772, 0.0, 0.014208844795695308, 0.012485286699176056, 0.01055153859088616, 0.011644526652093493, 0.008659828484950395, 0.008617790482596267, 0.008071296451992602, 0.008239448461409114, 0.007608878426097192, 0.008575752480242138], [0.011896754666218262, 0.011644526652093493, 0.011896754666218262, 0.014208844795695308, 0.0, 0.01282159071800908, 0.013326046746258619, 0.00992096855557424, 0.010383386581469648, 0.010677652597948546, 0.009122246510845805, 0.007987220447284345, 0.008659828484950395, 0.008365562468471498], [0.01055153859088616, 0.010677652597948546, 0.011055994619135699, 0.012485286699176056, 0.01282159071800908, 0.0, 0.01437699680511182, 0.010719690600302674, 0.010593576593240289, 0.010425424583823777, 0.010089120564990752, 0.01101395661678157, 0.007734992433159576, 0.009080208508491677], [0.009584664536741214, 0.00966874054144947, 0.010383386581469648, 0.01055153859088616, 0.013326046746258619, 0.01437699680511182, 0.0, 0.011896754666218262, 0.011896754666218262, 0.010593576593240289, 0.009963006557928367, 0.009374474524970573, 0.010509500588532034, 0.010215234572053136], [0.007945182444930216, 0.008197410459054985, 0.008912056499075165, 0.011644526652093493, 0.00992096855557424, 0.010719690600302674, 0.011896754666218262, 0.0, 0.01416680679334118, 0.012905666722717337, 0.012064906675634774, 0.011980830670926517, 0.012401210694467799, 0.01261140070623844], [0.008407600470825626, 0.007314612409618295, 0.007692954430805448, 0.008659828484950395, 0.010383386581469648, 0.010593576593240289, 0.011896754666218262, 0.01416680679334118, 0.0, 0.014503110812174206, 0.013788464772154027, 0.01214898268034303, 0.01256936270388431, 0.012695476710946696], [0.006810156381368757, 0.006473852362535732, 0.006894232386077013, 0.008617790482596267, 0.010677652597948546, 0.010425424583823777, 0.010593576593240289, 0.012905666722717337, 0.014503110812174206, 0.0, 0.015091642845132, 0.015007566840423743, 0.014461072809820077, 0.015596098873381536], [0.006726080376660501, 0.007020346393139398, 0.006894232386077013, 0.008071296451992602, 0.009122246510845805, 0.010089120564990752, 0.009963006557928367, 0.012064906675634774, 0.013788464772154027, 0.015091642845132, 0.0, 0.016731124936942995, 0.016520934925172356, 0.016184630906339332], [0.007356650411972423, 0.006642004371952245, 0.006431814360181604, 0.008239448461409114, 0.007987220447284345, 0.01101395661678157, 0.009374474524970573, 0.011980830670926517, 0.01214898268034303, 0.015007566840423743, 0.016731124936942995, 0.0, 0.016773162939297124, 0.018202455019337482], [0.006347738355473348, 0.007482764419034807, 0.007356650411972423, 0.007608878426097192, 0.008659828484950395, 0.007734992433159576, 0.010509500588532034, 0.012401210694467799, 0.01256936270388431, 0.014461072809820077, 0.016520934925172356, 0.016773162939297124, 0.0, 0.02249033125945855], [0.006852194383722886, 0.00718849840255591, 0.006179586346056835, 0.008575752480242138, 0.008365562468471498, 0.009080208508491677, 0.010215234572053136, 0.01261140070623844, 0.012695476710946696, 0.015596098873381536, 0.016184630906339332, 0.018202455019337482, 0.02249033125945855, 0.0]], "sysname": ["SOURCE", "UFC", "IITB", "SJTU", "IPN", "RAC", "PKU", "AMU", "UMC", "NTHU", "POST", "CUUI", "NUCLEA", "CAMB"]}