{"sysname": ["SOURCE", "UFC", "IITB", "SJTU", "IPN", "RAC", "PKU", "AMU", "UMC", "NTHU", "POST", "CUUI", "NUCLEA", "CAMB"], "counts": [[0.0, 0.01825872105197035, 0.018174965450814522, 0.013526529586666109, 0.011432639557770427, 0.01101386155199129, 0.009506260731186399, 0.008668704719628125, 0.008459315716738558, 0.007370492901712802, 0.0077055153063361114, 0.005695380878596256, 0.0066166924913103565, 0.005946647682063738], [0.01825872105197035, 0.0, 0.018761254658905314, 0.012186439968172872, 0.011893295364127476, 0.009506260731186399, 0.010595083546212154, 0.008752460320783952, 0.00804053771095942, 0.006909837095355752, 0.007035470497089493, 0.007161103898823234, 0.0077055153063361114, 0.006156036684953306], [0.018174965450814522, 0.018761254658905314, 0.0, 0.012898362577997403, 0.01285648477741949, 0.01021818334101093, 0.010260061141588844, 0.008291804514426902, 0.008417437916160644, 0.007831148708069852, 0.006449181288998702, 0.005988525482641652, 0.007161103898823234, 0.005946647682063738], [0.013526529586666109, 0.012186439968172872, 0.012898362577997403, 0.0, 0.013987185393023158, 0.011642028560659995, 0.012102684367017044, 0.010511327945056326, 0.01021818334101093, 0.009254993927718917, 0.008459315716738558, 0.0075798819046023706, 0.0075798819046023706, 0.007831148708069852], [0.011432639557770427, 0.011893295364127476, 0.01285648477741949, 0.013987185393023158, 0.0, 0.014154696595334812, 0.012353951170484526, 0.009925038736965534, 0.010636961346790066, 0.008584949118472298, 0.008543071317894384, 0.008459315716738558, 0.008166171112693162, 0.008919971523095607], [0.01101386155199129, 0.009506260731186399, 0.01021818334101093, 0.011642028560659995, 0.014154696595334812, 0.0, 0.013694040788977763, 0.011558272959504167, 0.011474517358348339, 0.009631894132920139, 0.009338749528874743, 0.010511327945056326, 0.009338749528874743, 0.009213116127141003], [0.009506260731186399, 0.010595083546212154, 0.010260061141588844, 0.012102684367017044, 0.012353951170484526, 0.013694040788977763, 0.0, 0.012353951170484526, 0.011139494953725031, 0.010720716947945894, 0.01021818334101093, 0.010427572343900498, 0.009673771933498053, 0.010008794338121362], [0.008668704719628125, 0.008752460320783952, 0.008291804514426902, 0.010511327945056326, 0.009925038736965534, 0.011558272959504167, 0.012353951170484526, 0.0, 0.014070940994178986, 0.014531596800536036, 0.011348883956614599, 0.012186439968172872, 0.011055739352569203, 0.011809539762971649], [0.008459315716738558, 0.00804053771095942, 0.008417437916160644, 0.01021818334101093, 0.010636961346790066, 0.011474517358348339, 0.011139494953725031, 0.014070940994178986, 0.0, 0.013107751580886971, 0.013400896184932367, 0.012270195569328698, 0.01101386155199129, 0.012814606976841576], [0.007370492901712802, 0.006909837095355752, 0.007831148708069852, 0.009254993927718917, 0.008584949118472298, 0.009631894132920139, 0.010720716947945894, 0.014531596800536036, 0.013107751580886971, 0.0, 0.01469910800284769, 0.015327275011516395, 0.013819674190711504, 0.015411030612672223], [0.0077055153063361114, 0.007035470497089493, 0.006449181288998702, 0.008459315716738558, 0.008543071317894384, 0.009338749528874743, 0.01021818334101093, 0.011348883956614599, 0.013400896184932367, 0.01469910800284769, 0.0, 0.01742116504041208, 0.01562041961556179, 0.0177980652456133], [0.005695380878596256, 0.007161103898823234, 0.005988525482641652, 0.0075798819046023706, 0.008459315716738558, 0.010511327945056326, 0.010427572343900498, 0.012186439968172872, 0.012270195569328698, 0.015327275011516395, 0.01742116504041208, 0.0, 0.01813308765023661, 0.017044264835210855], [0.0066166924913103565, 0.0077055153063361114, 0.007161103898823234, 0.0075798819046023706, 0.008166171112693162, 0.009338749528874743, 0.009673771933498053, 0.011055739352569203, 0.01101386155199129, 0.013819674190711504, 0.01562041961556179, 0.01813308765023661, 0.0, 0.02550358055194941], [0.005946647682063738, 0.006156036684953306, 0.005946647682063738, 0.007831148708069852, 0.008919971523095607, 0.009213116127141003, 0.010008794338121362, 0.011809539762971649, 0.012814606976841576, 0.015411030612672223, 0.0177980652456133, 0.017044264835210855, 0.02550358055194941, 0.0]]}