{"sysname": ["SOURCE", "UFC", "IITB", "SJTU", "IPN", "RAC", "PKU", "AMU", "UMC", "NTHU", "POST", "CUUI", "NUCLEA", "CAMB"], "counts": [[0.0, 0.018049332049080782, 0.01880313245948323, 0.013191507182042799, 0.011683906361237908, 0.011558272959504167, 0.009087482725407261, 0.008082415511537334, 0.00850119351731647, 0.007412370702290716, 0.0076636375057581975, 0.006030403283219565, 0.006491059089576616, 0.0057372586791741694], [0.018049332049080782, 0.0, 0.017923698647347042, 0.01285648477741949, 0.01252146237279618, 0.010636961346790066, 0.009171238326563089, 0.00850119351731647, 0.007831148708069852, 0.007244859499979061, 0.007496126303446543, 0.007412370702290716, 0.006532936890154529, 0.006574814690732443], [0.01880313245948323, 0.017923698647347042, 0.0, 0.01285648477741949, 0.01101386155199129, 0.00975752753465388, 0.010385694543322584, 0.009590016332342225, 0.008878093722517693, 0.006323547887264961, 0.0066585702918882704, 0.007202981699401147, 0.006323547887264961, 0.007370492901712802], [0.013191507182042799, 0.01285648477741949, 0.01285648477741949, 0.0, 0.013568407387244023, 0.012688973575107836, 0.011516395158926253, 0.009171238326563089, 0.009966916537543448, 0.009087482725407261, 0.007538004104024457, 0.008291804514426902, 0.00850119351731647, 0.00837556011558273], [0.011683906361237908, 0.01252146237279618, 0.01101386155199129, 0.013568407387244023, 0.0, 0.013526529586666109, 0.012898362577997403, 0.01088822815025755, 0.010469450144478412, 0.009296871728296829, 0.008166171112693162, 0.008543071317894384, 0.009087482725407261, 0.009003727124251435], [0.011558272959504167, 0.010636961346790066, 0.00975752753465388, 0.012688973575107836, 0.013526529586666109, 0.0, 0.012647095774529922, 0.011181372754302943, 0.011181372754302943, 0.010343816742744672, 0.009213116127141003, 0.009673771933498053, 0.009841283135809707, 0.009129360525985175], [0.009087482725407261, 0.009171238326563089, 0.010385694543322584, 0.011516395158926253, 0.012898362577997403, 0.012647095774529922, 0.0, 0.011097617153147117, 0.012437706771640354, 0.01088822815025755, 0.01193517316470539, 0.011181372754302943, 0.010134427739855102, 0.01021818334101093], [0.008082415511537334, 0.00850119351731647, 0.009590016332342225, 0.009171238326563089, 0.01088822815025755, 0.011181372754302943, 0.011097617153147117, 0.0, 0.013484651786088195, 0.014029063193601072, 0.012018928765861216, 0.013694040788977763, 0.010846350349679635, 0.012312073369906612], [0.00850119351731647, 0.007831148708069852, 0.008878093722517693, 0.009966916537543448, 0.010469450144478412, 0.011181372754302943, 0.012437706771640354, 0.013484651786088195, 0.0, 0.01377779639013359, 0.012479584572218268, 0.012312073369906612, 0.011683906361237908, 0.01193517316470539], [0.007412370702290716, 0.007244859499979061, 0.006323547887264961, 0.009087482725407261, 0.009296871728296829, 0.010343816742744672, 0.01088822815025755, 0.014029063193601072, 0.01377779639013359, 0.0, 0.014531596800536036, 0.015411030612672223, 0.014154696595334812, 0.015201641609782655], [0.0076636375057581975, 0.007496126303446543, 0.0066585702918882704, 0.007538004104024457, 0.008166171112693162, 0.009213116127141003, 0.01193517316470539, 0.012018928765861216, 0.012479584572218268, 0.014531596800536036, 0.0, 0.016039197621340928, 0.016709242430587544, 0.01700238703463294], [0.006030403283219565, 0.007412370702290716, 0.007202981699401147, 0.008291804514426902, 0.008543071317894384, 0.009673771933498053, 0.011181372754302943, 0.013694040788977763, 0.012312073369906612, 0.015411030612672223, 0.016039197621340928, 0.0, 0.015746053017295533, 0.016039197621340928], [0.006491059089576616, 0.006532936890154529, 0.006323547887264961, 0.00850119351731647, 0.009087482725407261, 0.009841283135809707, 0.010134427739855102, 0.010846350349679635, 0.011683906361237908, 0.014154696595334812, 0.016709242430587544, 0.015746053017295533, 0.0, 0.025545458352527327], [0.0057372586791741694, 0.006574814690732443, 0.007370492901712802, 0.00837556011558273, 0.009003727124251435, 0.009129360525985175, 0.01021818334101093, 0.012312073369906612, 0.01193517316470539, 0.015201641609782655, 0.01700238703463294, 0.016039197621340928, 0.025545458352527327, 0.0]]}