{"sysname": ["SOURCE", "UFC", "IITB", "SJTU", "IPN", "RAC", "PKU", "AMU", "UMC", "NTHU", "POST", "CUUI", "NUCLEA", "CAMB"], "counts": [[0.0, 0.01933748108289894, 0.01622666890869346, 0.014250882798049437, 0.012064906675634774, 0.008912056499075165, 0.010425424583823777, 0.008617790482596267, 0.00874390448965865, 0.007314612409618295, 0.007272574407264167, 0.006557928367243989, 0.006684042374306373, 0.0062216243484109635], [0.01933748108289894, 0.0, 0.016983352951067766, 0.01261140070623844, 0.01214898268034303, 0.010215234572053136, 0.00966874054144947, 0.008197410459054985, 0.008323524466117371, 0.0070623843954935265, 0.007104422397847654, 0.007945182444930216, 0.0070623843954935265, 0.006053472338994451], [0.01622666890869346, 0.016983352951067766, 0.0, 0.012779552715654952, 0.013241970741550362, 0.011770640659155876, 0.009374474524970573, 0.008323524466117371, 0.009332436522616444, 0.008029258449638473, 0.00765091642845132, 0.006473852362535732, 0.006726080376660501, 0.006179586346056835], [0.014250882798049437, 0.01261140070623844, 0.012779552715654952, 0.0, 0.013872540776862284, 0.01307381873213385, 0.012106944677988903, 0.009584664536741214, 0.0097107785438036, 0.008239448461409114, 0.007566840423743064, 0.00853371447788801, 0.008029258449638473, 0.00765091642845132], [0.012064906675634774, 0.01214898268034303, 0.013241970741550362, 0.013872540776862284, 0.0, 0.013746426769799898, 0.01126618463090634, 0.010005044560282495, 0.009752816546157726, 0.008617790482596267, 0.008912056499075165, 0.009038170506137548, 0.00853371447788801, 0.008575752480242138], [0.008912056499075165, 0.010215234572053136, 0.011770640659155876, 0.01307381873213385, 0.013746426769799898, 0.0, 0.013788464772154027, 0.010677652597948546, 0.010719690600302674, 0.010845804607365058, 0.009038170506137548, 0.009963006557928367, 0.009374474524970573, 0.009374474524970573], [0.010425424583823777, 0.00966874054144947, 0.009374474524970573, 0.012106944677988903, 0.01126618463090634, 0.013788464772154027, 0.0, 0.012401210694467799, 0.01172860265680175, 0.010425424583823777, 0.010173196569699007, 0.0097107785438036, 0.010887842609719187, 0.010761728602656801], [0.008617790482596267, 0.008197410459054985, 0.008323524466117371, 0.009584664536741214, 0.010005044560282495, 0.010677652597948546, 0.012401210694467799, 0.0, 0.01416680679334118, 0.013452160753321002, 0.013199932739196233, 0.012233058685051286, 0.011560450647385236, 0.012905666722717337], [0.00874390448965865, 0.008323524466117371, 0.009332436522616444, 0.0097107785438036, 0.009752816546157726, 0.010719690600302674, 0.01172860265680175, 0.01416680679334118, 0.0, 0.013704388767445772, 0.011434336640322852, 0.01256936270388431, 0.011644526652093493, 0.012779552715654952], [0.007314612409618295, 0.0070623843954935265, 0.008029258449638473, 0.008239448461409114, 0.008617790482596267, 0.010845804607365058, 0.010425424583823777, 0.013452160753321002, 0.013704388767445772, 0.0, 0.014292920800403565, 0.016184630906339332, 0.015049604842777871, 0.01483941483100723], [0.007272574407264167, 0.007104422397847654, 0.00765091642845132, 0.007566840423743064, 0.008912056499075165, 0.009038170506137548, 0.010173196569699007, 0.013199932739196233, 0.011434336640322852, 0.014292920800403565, 0.0, 0.016647048932234742, 0.016352782915755842, 0.018076341012275097], [0.006557928367243989, 0.007945182444930216, 0.006473852362535732, 0.00853371447788801, 0.009038170506137548, 0.009963006557928367, 0.0097107785438036, 0.012233058685051286, 0.01256936270388431, 0.016184630906339332, 0.016647048932234742, 0.0, 0.01593240289221456, 0.016352782915755842], [0.006684042374306373, 0.0070623843954935265, 0.006726080376660501, 0.008029258449638473, 0.00853371447788801, 0.009374474524970573, 0.010887842609719187, 0.011560450647385236, 0.011644526652093493, 0.015049604842777871, 0.016352782915755842, 0.01593240289221456, 0.0, 0.02404573734656129], [0.0062216243484109635, 0.006053472338994451, 0.006179586346056835, 0.00765091642845132, 0.008575752480242138, 0.009374474524970573, 0.010761728602656801, 0.012905666722717337, 0.012779552715654952, 0.01483941483100723, 0.018076341012275097, 0.016352782915755842, 0.02404573734656129, 0.0]]}