{"counts": [[0.0, 0.01731965696990079, 0.019968051118210862, 0.012779552715654952, 0.011392298637968723, 0.01126618463090634, 0.00966874054144947, 0.008407600470825626, 0.007230536404910039, 0.006852194383722886, 0.007482764419034807, 0.0062216243484109635, 0.006347738355473348, 0.00718849840255591], [0.01731965696990079, 0.0, 0.017613922986379687, 0.01282159071800908, 0.012106944677988903, 0.010929880612073315, 0.010845804607365058, 0.008954094501429291, 0.007356650411972423, 0.007104422397847654, 0.007566840423743064, 0.007314612409618295, 0.006936270388431142, 0.005927358331932067], [0.019968051118210862, 0.017613922986379687, 0.0, 0.013157894736842105, 0.010971918614427442, 0.011602488649739364, 0.01034134857911552, 0.007608878426097192, 0.008491676475533883, 0.0062216243484109635, 0.007945182444930216, 0.006389776357827476, 0.005675130317807297, 0.006684042374306373], [0.012779552715654952, 0.01282159071800908, 0.013157894736842105, 0.0, 0.013914578779216412, 0.01282159071800908, 0.011182108626198083, 0.01080376660501093, 0.009836892550865983, 0.008365562468471498, 0.007777030435513704, 0.008659828484950395, 0.008407600470825626, 0.007230536404910039], [0.011392298637968723, 0.012106944677988903, 0.010971918614427442, 0.013914578779216412, 0.0, 0.012191020682697158, 0.013578274760383386, 0.011938792668572389, 0.009794854548511854, 0.009500588532032958, 0.009626702539095342, 0.009626702539095342, 0.007692954430805448, 0.00874390448965865], [0.01126618463090634, 0.010929880612073315, 0.011602488649739364, 0.01282159071800908, 0.012191020682697158, 0.0, 0.012485286699176056, 0.011560450647385236, 0.011224146628552211, 0.011182108626198083, 0.009626702539095342, 0.00924836051790819, 0.008912056499075165, 0.008575752480242138], [0.00966874054144947, 0.010845804607365058, 0.01034134857911552, 0.011182108626198083, 0.013578274760383386, 0.012485286699176056, 0.0, 0.011182108626198083, 0.012443248696821927, 0.010677652597948546, 0.009878930553220111, 0.010089120564990752, 0.011098032621489827, 0.010089120564990752], [0.008407600470825626, 0.008954094501429291, 0.007608878426097192, 0.01080376660501093, 0.011938792668572389, 0.011560450647385236, 0.011182108626198083, 0.0, 0.014965528838069614, 0.012695476710946696, 0.011686564654447621, 0.011560450647385236, 0.011854716663864133, 0.011686564654447621], [0.007230536404910039, 0.007356650411972423, 0.008491676475533883, 0.009836892550865983, 0.009794854548511854, 0.011224146628552211, 0.012443248696821927, 0.014965528838069614, 0.0, 0.014797376828653102, 0.01307381873213385, 0.011140070623843954, 0.012233058685051286, 0.01303178072977972], [0.006852194383722886, 0.007104422397847654, 0.0062216243484109635, 0.008365562468471498, 0.009500588532032958, 0.011182108626198083, 0.010677652597948546, 0.012695476710946696, 0.014797376828653102, 0.0, 0.014040692786278796, 0.016605010929880613, 0.013998654783924667, 0.015385908861610896], [0.007482764419034807, 0.007566840423743064, 0.007945182444930216, 0.007777030435513704, 0.009626702539095342, 0.009626702539095342, 0.009878930553220111, 0.011686564654447621, 0.01307381873213385, 0.014040692786278796, 0.0, 0.016605010929880613, 0.015259794854548512, 0.016647048932234742], [0.0062216243484109635, 0.007314612409618295, 0.006389776357827476, 0.008659828484950395, 0.009626702539095342, 0.00924836051790819, 0.010089120564990752, 0.011560450647385236, 0.011140070623843954, 0.016605010929880613, 0.016605010929880613, 0.0, 0.016815200941651252, 0.017445770976963176], [0.006347738355473348, 0.006936270388431142, 0.005675130317807297, 0.008407600470825626, 0.007692954430805448, 0.008912056499075165, 0.011098032621489827, 0.011854716663864133, 0.012233058685051286, 0.013998654783924667, 0.015259794854548512, 0.016815200941651252, 0.0, 0.025811333445434674], [0.00718849840255591, 0.005927358331932067, 0.006684042374306373, 0.007230536404910039, 0.00874390448965865, 0.008575752480242138, 0.010089120564990752, 0.011686564654447621, 0.01303178072977972, 0.015385908861610896, 0.016647048932234742, 0.017445770976963176, 0.025811333445434674, 0.0]], "sysname": ["SOURCE", "UFC", "IITB", "SJTU", "IPN", "RAC", "PKU", "AMU", "UMC", "NTHU", "POST", "CUUI", "NUCLEA", "CAMB"]}