{"counts": [[0.0, 0.01934398654331371, 0.011580513683120916, 0.010933557611438183, 0.009833732289577537, 0.007698777253024519, 0.01048068836126027, 0.008733906967716892, 0.008604515753380346, 0.008992689396389985, 0.00731060361001488, 0.007634081645856246, 0.0069224299670052405, 0.007634081645856246, 0.006016691466649415], [0.01934398654331371, 0.0, 0.010545383968428544, 0.011321731254447824, 0.009057385003558259, 0.009251471825063078, 0.010027819111082357, 0.009186776217894805, 0.007892864074529339, 0.00970434107524099, 0.007698777253024519, 0.007892864074529339, 0.007698777253024519, 0.006275473895322507, 0.0075046904315197], [0.011580513683120916, 0.010545383968428544, 0.0, 0.011580513683120916, 0.010351297146923724, 0.008539820146212072, 0.009510254253736172, 0.009510254253736172, 0.010804166397101637, 0.008669211360548618, 0.008927993789221713, 0.007698777253024519, 0.006857734359836967, 0.008086950896034159, 0.008410428931875526], [0.010933557611438183, 0.011321731254447824, 0.011580513683120916, 0.0, 0.010092514718250631, 0.008669211360548618, 0.009639645468072718, 0.009057385003558259, 0.008539820146212072, 0.007439994824351427, 0.00711651678851006, 0.009380863039399626, 0.008798602574885165, 0.008604515753380346, 0.009833732289577537], [0.009833732289577537, 0.009057385003558259, 0.010351297146923724, 0.010092514718250631, 0.0, 0.009380863039399626, 0.010027819111082357, 0.008345733324707252, 0.009639645468072718, 0.009833732289577537, 0.008992689396389985, 0.008022255288865887, 0.009380863039399626, 0.0084751245390438, 0.0084751245390438], [0.007698777253024519, 0.009251471825063078, 0.008539820146212072, 0.008669211360548618, 0.009380863039399626, 0.0, 0.009574949860904444, 0.010415992754091998, 0.009639645468072718, 0.008798602574885165, 0.01067477518276509, 0.0084751245390438, 0.007957559681697613, 0.008863298182053439, 0.009316167432231352], [0.01048068836126027, 0.010027819111082357, 0.009510254253736172, 0.009639645468072718, 0.010027819111082357, 0.009574949860904444, 0.0, 0.009316167432231352, 0.01028660153975545, 0.00970434107524099, 0.009186776217894805, 0.008410428931875526, 0.008086950896034159, 0.009057385003558259, 0.009769036682409265], [0.008733906967716892, 0.009186776217894805, 0.009510254253736172, 0.009057385003558259, 0.008345733324707252, 0.010415992754091998, 0.009316167432231352, 0.0, 0.009380863039399626, 0.009445558646567898, 0.009510254253736172, 0.008798602574885165, 0.008992689396389985, 0.007569386038687973, 0.0084751245390438], [0.008604515753380346, 0.007892864074529339, 0.010804166397101637, 0.008539820146212072, 0.009639645468072718, 0.009639645468072718, 0.01028660153975545, 0.009380863039399626, 0.0, 0.00970434107524099, 0.009574949860904444, 0.010027819111082357, 0.009316167432231352, 0.008863298182053439, 0.00970434107524099], [0.008992689396389985, 0.00970434107524099, 0.008669211360548618, 0.007439994824351427, 0.009833732289577537, 0.008798602574885165, 0.00970434107524099, 0.009445558646567898, 0.00970434107524099, 0.0, 0.010804166397101637, 0.010157210325418903, 0.010610079575596816, 0.010933557611438183, 0.009833732289577537], [0.00731060361001488, 0.007698777253024519, 0.008927993789221713, 0.00711651678851006, 0.008992689396389985, 0.01067477518276509, 0.009186776217894805, 0.009510254253736172, 0.009574949860904444, 0.010804166397101637, 0.0, 0.011580513683120916, 0.01086886200426991, 0.010933557611438183, 0.01086886200426991], [0.007634081645856246, 0.007892864074529339, 0.007698777253024519, 0.009380863039399626, 0.008022255288865887, 0.0084751245390438, 0.008410428931875526, 0.008798602574885165, 0.010027819111082357, 0.010157210325418903, 0.011580513683120916, 0.0, 0.012745034612149835, 0.012292165361971922, 0.013327295076664294], [0.0069224299670052405, 0.007698777253024519, 0.006857734359836967, 0.008798602574885165, 0.009380863039399626, 0.007957559681697613, 0.008086950896034159, 0.008992689396389985, 0.009316167432231352, 0.010610079575596816, 0.01086886200426991, 0.012745034612149835, 0.0, 0.015397554506049039, 0.015915119363395226], [0.007634081645856246, 0.006275473895322507, 0.008086950896034159, 0.008604515753380346, 0.0084751245390438, 0.008863298182053439, 0.009057385003558259, 0.007569386038687973, 0.008863298182053439, 0.010933557611438183, 0.010933557611438183, 0.012292165361971922, 0.015397554506049039, 0.0, 0.014362424791356666], [0.006016691466649415, 0.0075046904315197, 0.008410428931875526, 0.009833732289577537, 0.0084751245390438, 0.009316167432231352, 0.009769036682409265, 0.0084751245390438, 0.00970434107524099, 0.009833732289577537, 0.01086886200426991, 0.013327295076664294, 0.015915119363395226, 0.014362424791356666, 0.0]], "sysname": ["IITB", "SJTU", "PKU", "RAC", "IPN", "UFC", "AMU", "src", "JMGR", "UMC", "NTHU", "CUUI", "NUCLEA", "POST", "CAMB"]}