{"sysname": ["SOURCE", "UFC", "IITB", "SJTU", "IPN", "RAC", "PKU", "AMU", "UMC", "NTHU", "POST", "CUUI", "NUCLEA", "CAMB"], "counts": [[0.0, 0.01884501026006114, 0.018426232254282006, 0.012312073369906612, 0.012563340173374094, 0.008878093722517693, 0.010301938942166758, 0.008752460320783952, 0.007286737300556975, 0.008291804514426902, 0.0066585702918882704, 0.007286737300556975, 0.006909837095355752, 0.006407303488420788], [0.01884501026006114, 0.0, 0.016499853427697976, 0.013275262783198627, 0.011097617153147117, 0.010804472549101721, 0.01101386155199129, 0.008249926713848988, 0.0076636375057581975, 0.006909837095355752, 0.007202981699401147, 0.006867959294777838, 0.006281670086687047, 0.007998659910381506], [0.018426232254282006, 0.016499853427697976, 0.0, 0.01285648477741949, 0.01172578416181582, 0.01101386155199129, 0.010720716947945894, 0.00791490430922568, 0.008584949118472298, 0.008082415511537334, 0.007161103898823234, 0.007538004104024457, 0.0067004480924661835, 0.005904769881485824], [0.012312073369906612, 0.013275262783198627, 0.01285648477741949, 0.0, 0.013568407387244023, 0.012228317768750786, 0.012144562167594958, 0.009966916537543448, 0.00942250513003057, 0.00883621592193978, 0.007998659910381506, 0.00804053771095942, 0.00804053771095942, 0.008459315716738558], [0.012563340173374094, 0.011097617153147117, 0.01172578416181582, 0.013568407387244023, 0.0, 0.013819674190711504, 0.012982118179153231, 0.010301938942166758, 0.01088822815025755, 0.00871058252020604, 0.008919971523095607, 0.008626826919050212, 0.00804053771095942, 0.008961849323673521], [0.008878093722517693, 0.010804472549101721, 0.01101386155199129, 0.012228317768750786, 0.013819674190711504, 0.0, 0.013023995979731145, 0.011977050965283304, 0.01160015076008208, 0.010595083546212154, 0.009966916537543448, 0.009338749528874743, 0.008626826919050212, 0.01009254993927719], [0.010301938942166758, 0.01101386155199129, 0.010720716947945894, 0.012144562167594958, 0.012982118179153231, 0.013023995979731145, 0.0, 0.012605217973952008, 0.011977050965283304, 0.009715649734075966, 0.009799405335231794, 0.00942250513003057, 0.009715649734075966, 0.009841283135809707], [0.008752460320783952, 0.008249926713848988, 0.00791490430922568, 0.009966916537543448, 0.010301938942166758, 0.011977050965283304, 0.012605217973952008, 0.0, 0.014322207797646468, 0.012814606976841576, 0.013023995979731145, 0.01206080656643913, 0.012144562167594958, 0.01101386155199129], [0.007286737300556975, 0.0076636375057581975, 0.008584949118472298, 0.00942250513003057, 0.01088822815025755, 0.01160015076008208, 0.011977050965283304, 0.014322207797646468, 0.0, 0.013149629381464885, 0.01206080656643913, 0.012353951170484526, 0.013149629381464885, 0.012940240378575317], [0.008291804514426902, 0.006909837095355752, 0.008082415511537334, 0.00883621592193978, 0.00871058252020604, 0.010595083546212154, 0.009715649734075966, 0.012814606976841576, 0.013149629381464885, 0.0, 0.0159554420201851, 0.013275262783198627, 0.014447841199380208, 0.01620670882365258], [0.0066585702918882704, 0.007202981699401147, 0.007161103898823234, 0.007998659910381506, 0.008919971523095607, 0.009966916537543448, 0.009799405335231794, 0.013023995979731145, 0.01206080656643913, 0.0159554420201851, 0.0, 0.016834875832321287, 0.015662297416139705, 0.017169898236944595], [0.007286737300556975, 0.006867959294777838, 0.007538004104024457, 0.00804053771095942, 0.008626826919050212, 0.009338749528874743, 0.00942250513003057, 0.01206080656643913, 0.012353951170484526, 0.013275262783198627, 0.016834875832321287, 0.0, 0.018886888060639054, 0.01721177603752251], [0.006909837095355752, 0.006281670086687047, 0.0067004480924661835, 0.00804053771095942, 0.00804053771095942, 0.008626826919050212, 0.009715649734075966, 0.012144562167594958, 0.013149629381464885, 0.014447841199380208, 0.015662297416139705, 0.018886888060639054, 0.0, 0.022069600904560494], [0.006407303488420788, 0.007998659910381506, 0.005904769881485824, 0.008459315716738558, 0.008961849323673521, 0.01009254993927719, 0.009841283135809707, 0.01101386155199129, 0.012940240378575317, 0.01620670882365258, 0.017169898236944595, 0.01721177603752251, 0.022069600904560494, 0.0]]}