{"counts": [[0.0, 0.018551865656015746, 0.016541731228275892, 0.012940240378575317, 0.01172578416181582, 0.010260061141588844, 0.009087482725407261, 0.008291804514426902, 0.008961849323673521, 0.007161103898823234, 0.007496126303446543, 0.007621759705180284, 0.006909837095355752, 0.006449181288998702], [0.018551865656015746, 0.0, 0.0168767536328992, 0.012563340173374094, 0.012102684367017044, 0.010762594748523808, 0.009464382930608485, 0.008333682315004816, 0.008584949118472298, 0.006826081494199924, 0.007621759705180284, 0.007161103898823234, 0.006532936890154529, 0.007538004104024457], [0.016541731228275892, 0.0168767536328992, 0.0, 0.013568407387244023, 0.01172578416181582, 0.00988316093638762, 0.01101386155199129, 0.008878093722517693, 0.008626826919050212, 0.00745424850286863, 0.00837556011558273, 0.007035470497089493, 0.006574814690732443, 0.0066585702918882704], [0.012940240378575317, 0.012563340173374094, 0.013568407387244023, 0.0, 0.013819674190711504, 0.013023995979731145, 0.011516395158926253, 0.009045604924829347, 0.008961849323673521, 0.00883621592193978, 0.008961849323673521, 0.00791490430922568, 0.007998659910381506, 0.008417437916160644], [0.01172578416181582, 0.012102684367017044, 0.01172578416181582, 0.013819674190711504, 0.0, 0.013233384982620713, 0.012479584572218268, 0.010008794338121362, 0.010008794338121362, 0.009087482725407261, 0.00942250513003057, 0.009338749528874743, 0.008961849323673521, 0.008166171112693162], [0.010260061141588844, 0.010762594748523808, 0.00988316093638762, 0.013023995979731145, 0.013233384982620713, 0.0, 0.01252146237279618, 0.01088822815025755, 0.011348883956614599, 0.010301938942166758, 0.009631894132920139, 0.010762594748523808, 0.009673771933498053, 0.009548138531764313], [0.009087482725407261, 0.009464382930608485, 0.01101386155199129, 0.011516395158926253, 0.012479584572218268, 0.01252146237279618, 0.0, 0.011432639557770427, 0.011893295364127476, 0.012144562167594958, 0.010427572343900498, 0.010636961346790066, 0.009673771933498053, 0.01055320574563424], [0.008291804514426902, 0.008333682315004816, 0.008878093722517693, 0.009045604924829347, 0.010008794338121362, 0.01088822815025755, 0.011432639557770427, 0.0, 0.01562041961556179, 0.013442773985510281, 0.012437706771640354, 0.013065873780309057, 0.01239582897106244, 0.011558272959504167], [0.008961849323673521, 0.008584949118472298, 0.008626826919050212, 0.008961849323673521, 0.010008794338121362, 0.011348883956614599, 0.011893295364127476, 0.01562041961556179, 0.0, 0.013359018384354453, 0.012228317768750786, 0.012018928765861216, 0.012312073369906612, 0.011809539762971649], [0.007161103898823234, 0.006826081494199924, 0.00745424850286863, 0.00883621592193978, 0.009087482725407261, 0.010301938942166758, 0.012144562167594958, 0.013442773985510281, 0.013359018384354453, 0.0, 0.01457347460111395, 0.014489718999958122, 0.014070940994178986, 0.015369152812094309], [0.007496126303446543, 0.007621759705180284, 0.00837556011558273, 0.008961849323673521, 0.00942250513003057, 0.009631894132920139, 0.010427572343900498, 0.012437706771640354, 0.012228317768750786, 0.01457347460111395, 0.0, 0.015076008208048913, 0.015327275011516395, 0.0159554420201851], [0.007621759705180284, 0.007161103898823234, 0.007035470497089493, 0.00791490430922568, 0.009338749528874743, 0.010762594748523808, 0.010636961346790066, 0.013065873780309057, 0.012018928765861216, 0.014489718999958122, 0.015076008208048913, 0.0, 0.015997319820763013, 0.017044264835210855], [0.006909837095355752, 0.006532936890154529, 0.006574814690732443, 0.007998659910381506, 0.008961849323673521, 0.009673771933498053, 0.009673771933498053, 0.01239582897106244, 0.012312073369906612, 0.014070940994178986, 0.015327275011516395, 0.015997319820763013, 0.0, 0.02504292474559236], [0.006449181288998702, 0.007538004104024457, 0.0066585702918882704, 0.008417437916160644, 0.008166171112693162, 0.009548138531764313, 0.01055320574563424, 0.011558272959504167, 0.011809539762971649, 0.015369152812094309, 0.0159554420201851, 0.017044264835210855, 0.02504292474559236, 0.0]], "sysname": ["SOURCE", "UFC", "IITB", "SJTU", "IPN", "RAC", "PKU", "AMU", "UMC", "NTHU", "POST", "CUUI", "NUCLEA", "CAMB"]}