{"sysname": ["SOURCE", "UFC", "IITB", "SJTU", "IPN", "RAC", "PKU", "AMU", "UMC", "NTHU", "POST", "CUUI", "NUCLEA", "CAMB"], "counts": [[0.0, 0.017403732974609048, 0.01757188498402556, 0.013368084748612745, 0.012275096687405415, 0.00992096855557424, 0.009332436522616444, 0.008365562468471498, 0.008491676475533883, 0.007398688414326551, 0.007314612409618295, 0.007020346393139398, 0.00651589036488986, 0.00790314444257609], [0.017403732974609048, 0.0, 0.019001177064065917, 0.012653438708592568, 0.010971918614427442, 0.010635614595594417, 0.01013115856734488, 0.007777030435513704, 0.008491676475533883, 0.00718849840255591, 0.008239448461409114, 0.0070623843954935265, 0.006179586346056835, 0.00718849840255591], [0.01757188498402556, 0.019001177064065917, 0.0, 0.012443248696821927, 0.011182108626198083, 0.011140070623843954, 0.010383386581469648, 0.008155372456700857, 0.007945182444930216, 0.007566840423743064, 0.006347738355473348, 0.007146460400201783, 0.00790314444257609, 0.00651589036488986], [0.013368084748612745, 0.012653438708592568, 0.012443248696821927, 0.0, 0.01483941483100723, 0.012064906675634774, 0.01147637464267698, 0.01034134857911552, 0.00992096855557424, 0.008407600470825626, 0.0074407264166806795, 0.008281486463763242, 0.008449638473179755, 0.007566840423743064], [0.012275096687405415, 0.010971918614427442, 0.011182108626198083, 0.01483941483100723, 0.0, 0.012989742727425592, 0.01214898268034303, 0.010257272574407264, 0.010173196569699007, 0.009963006557928367, 0.009878930553220111, 0.007861106440221961, 0.008029258449638473, 0.009963006557928367], [0.00992096855557424, 0.010635614595594417, 0.011140070623843954, 0.012064906675634774, 0.012989742727425592, 0.0, 0.014208844795695308, 0.010887842609719187, 0.011392298637968723, 0.010005044560282495, 0.009332436522616444, 0.009626702539095342, 0.009584664536741214, 0.009164284513199932], [0.009332436522616444, 0.01013115856734488, 0.010383386581469648, 0.01147637464267698, 0.01214898268034303, 0.014208844795695308, 0.0, 0.011098032621489827, 0.012317134689759543, 0.010887842609719187, 0.010509500588532034, 0.010593576593240289, 0.00966874054144947, 0.009752816546157726], [0.008365562468471498, 0.007777030435513704, 0.008155372456700857, 0.01034134857911552, 0.010257272574407264, 0.010887842609719187, 0.011098032621489827, 0.0, 0.013998654783924667, 0.014419034807465949, 0.01261140070623844, 0.011434336640322852, 0.012989742727425592, 0.012737514713300825], [0.008491676475533883, 0.008491676475533883, 0.007945182444930216, 0.00992096855557424, 0.010173196569699007, 0.011392298637968723, 0.012317134689759543, 0.013998654783924667, 0.0, 0.012905666722717337, 0.012905666722717337, 0.01214898268034303, 0.012106944677988903, 0.012947704725071464], [0.007398688414326551, 0.00718849840255591, 0.007566840423743064, 0.008407600470825626, 0.009963006557928367, 0.010005044560282495, 0.010887842609719187, 0.014419034807465949, 0.012905666722717337, 0.0, 0.01349419875567513, 0.01622666890869346, 0.013998654783924667, 0.014965528838069614], [0.007314612409618295, 0.008239448461409114, 0.006347738355473348, 0.0074407264166806795, 0.009878930553220111, 0.009332436522616444, 0.010509500588532034, 0.01261140070623844, 0.012905666722717337, 0.01349419875567513, 0.0, 0.017193542962838405, 0.0164368589204641, 0.016142592903985203], [0.007020346393139398, 0.0070623843954935265, 0.007146460400201783, 0.008281486463763242, 0.007861106440221961, 0.009626702539095342, 0.010593576593240289, 0.011434336640322852, 0.01214898268034303, 0.01622666890869346, 0.017193542962838405, 0.0, 0.016520934925172356, 0.016352782915755842], [0.00651589036488986, 0.006179586346056835, 0.00790314444257609, 0.008449638473179755, 0.008029258449638473, 0.009584664536741214, 0.00966874054144947, 0.012989742727425592, 0.012106944677988903, 0.013998654783924667, 0.0164368589204641, 0.016520934925172356, 0.0, 0.023247015301832857], [0.00790314444257609, 0.00718849840255591, 0.00651589036488986, 0.007566840423743064, 0.009963006557928367, 0.009164284513199932, 0.009752816546157726, 0.012737514713300825, 0.012947704725071464, 0.014965528838069614, 0.016142592903985203, 0.016352782915755842, 0.023247015301832857, 0.0]]}