{"counts": [[0.0, 0.02096137672252054, 0.009445558646567898, 0.009122080610726531, 0.009445558646567898, 0.007763472860192793, 0.007892864074529339, 0.010933557611438183, 0.010610079575596816, 0.007439994824351427, 0.007439994824351427, 0.006987125574173514, 0.008086950896034159, 0.007245908002846606, 0.007763472860192793], [0.02096137672252054, 0.0, 0.009445558646567898, 0.01145112246878437, 0.009057385003558259, 0.009251471825063078, 0.008863298182053439, 0.008539820146212072, 0.009833732289577537, 0.008539820146212072, 0.008733906967716892, 0.006857734359836967, 0.00711651678851006, 0.006793038752668693, 0.007698777253024519], [0.009445558646567898, 0.009445558646567898, 0.0, 0.011580513683120916, 0.010092514718250631, 0.008604515753380346, 0.008669211360548618, 0.009380863039399626, 0.009639645468072718, 0.00989842789674581, 0.010092514718250631, 0.008669211360548618, 0.008863298182053439, 0.008086950896034159, 0.008151646503202433], [0.009122080610726531, 0.01145112246878437, 0.011580513683120916, 0.0, 0.010610079575596816, 0.009316167432231352, 0.009445558646567898, 0.008992689396389985, 0.009510254253736172, 0.008927993789221713, 0.007892864074529339, 0.007763472860192793, 0.009122080610726531, 0.0084751245390438, 0.008539820146212072], [0.009445558646567898, 0.009057385003558259, 0.010092514718250631, 0.010610079575596816, 0.0, 0.01028660153975545, 0.00970434107524099, 0.009833732289577537, 0.009186776217894805, 0.009122080610726531, 0.009122080610726531, 0.008733906967716892, 0.00828103771753898, 0.0073752992171831535, 0.008733906967716892], [0.007763472860192793, 0.009251471825063078, 0.008604515753380346, 0.009316167432231352, 0.01028660153975545, 0.0, 0.010157210325418903, 0.008798602574885165, 0.009833732289577537, 0.010739470789933363, 0.008927993789221713, 0.0073752992171831535, 0.007763472860192793, 0.008410428931875526, 0.009769036682409265], [0.007892864074529339, 0.008863298182053439, 0.008669211360548618, 0.009445558646567898, 0.00970434107524099, 0.010157210325418903, 0.0, 0.010739470789933363, 0.008669211360548618, 0.009122080610726531, 0.010415992754091998, 0.009639645468072718, 0.009963123503914085, 0.009122080610726531, 0.010610079575596816], [0.010933557611438183, 0.008539820146212072, 0.009380863039399626, 0.008992689396389985, 0.009833732289577537, 0.008798602574885165, 0.010739470789933363, 0.0, 0.009251471825063078, 0.008604515753380346, 0.008669211360548618, 0.008216342110370705, 0.00828103771753898, 0.008345733324707252, 0.009445558646567898], [0.010610079575596816, 0.009833732289577537, 0.009639645468072718, 0.009510254253736172, 0.009186776217894805, 0.009833732289577537, 0.008669211360548618, 0.009251471825063078, 0.0, 0.010092514718250631, 0.009186776217894805, 0.009639645468072718, 0.010092514718250631, 0.008992689396389985, 0.008927993789221713], [0.007439994824351427, 0.008539820146212072, 0.00989842789674581, 0.008927993789221713, 0.009122080610726531, 0.010739470789933363, 0.009122080610726531, 0.008604515753380346, 0.010092514718250631, 0.0, 0.011127644432943003, 0.01086886200426991, 0.01048068836126027, 0.009574949860904444, 0.010221905932587178], [0.007439994824351427, 0.008733906967716892, 0.010092514718250631, 0.007892864074529339, 0.009122080610726531, 0.008927993789221713, 0.010415992754091998, 0.008669211360548618, 0.009186776217894805, 0.011127644432943003, 0.0, 0.012486252183476742, 0.010092514718250631, 0.01106294882577473, 0.009445558646567898], [0.006987125574173514, 0.006857734359836967, 0.008669211360548618, 0.007763472860192793, 0.008733906967716892, 0.0073752992171831535, 0.009639645468072718, 0.008216342110370705, 0.009639645468072718, 0.01086886200426991, 0.012486252183476742, 0.0, 0.01203338293329883, 0.013974251148347027, 0.012292165361971922], [0.008086950896034159, 0.00711651678851006, 0.008863298182053439, 0.009122080610726531, 0.00828103771753898, 0.007763472860192793, 0.009963123503914085, 0.00828103771753898, 0.010092514718250631, 0.01048068836126027, 0.010092514718250631, 0.01203338293329883, 0.0, 0.013909555541178753, 0.014944685255871126], [0.007245908002846606, 0.006793038752668693, 0.008086950896034159, 0.0084751245390438, 0.0073752992171831535, 0.008410428931875526, 0.009122080610726531, 0.008345733324707252, 0.008992689396389985, 0.009574949860904444, 0.01106294882577473, 0.013974251148347027, 0.013909555541178753, 0.0, 0.015656336934722133], [0.007763472860192793, 0.007698777253024519, 0.008151646503202433, 0.008539820146212072, 0.008733906967716892, 0.009769036682409265, 0.010610079575596816, 0.009445558646567898, 0.008927993789221713, 0.010221905932587178, 0.009445558646567898, 0.012292165361971922, 0.014944685255871126, 0.015656336934722133, 0.0]], "sysname": ["IITB", "SJTU", "PKU", "RAC", "IPN", "src", "AMU", "UFC", "JMGR", "UMC", "NTHU", "CUUI", "NUCLEA", "POST", "CAMB"]}