{"sysname": ["CAMB", "NUCLEA", "POST", "CUUI", "NTHU", "UMC", "AMU", "PKU", "RAC", "IPN", "SJTU", "IITB", "UFC", "SOURCE"], "counts": [[0.0, 0.024520948359857096, 0.016184908520082277, 0.016726209808379345, 0.01488578542816932, 0.012504059759662229, 0.01261232001732164, 0.011854498213705749, 0.010771895637111617, 0.007307567392010393, 0.008173649453285699, 0.005250622496481542, 0.006982786619032153, 0.00638735520190538], [0.024520948359857096, 0.0, 0.01742990148316553, 0.016888600194868465, 0.014127963624553427, 0.012287539244343402, 0.010880155894771029, 0.010447114864133376, 0.01071776550828191, 0.007307567392010393, 0.00784886868030746, 0.006170834686586554, 0.006982786619032153, 0.005900184042438021], [0.016184908520082277, 0.01742990148316553, 0.0, 0.017700552127314063, 0.014615134784020786, 0.012395799502002815, 0.014506874526361372, 0.010609505250622497, 0.009472772545198658, 0.007902998809137167, 0.007957128937966872, 0.006982786619032153, 0.006982786619032153, 0.006495615459564794], [0.016726209808379345, 0.016888600194868465, 0.017700552127314063, 0.0, 0.014615134784020786, 0.011150806538919563, 0.012179278986683988, 0.011637977698386922, 0.010609505250622497, 0.008660820612753058, 0.008281909710945112, 0.006928656490202446, 0.006170834686586554, 0.006224964815416261], [0.01488578542816932, 0.014127963624553427, 0.014615134784020786, 0.014615134784020786, 0.0, 0.013316011692107827, 0.012828840532640468, 0.011800368084876042, 0.010122334091155137, 0.009797553318176897, 0.009310382158709538, 0.0071451770055212735, 0.006603875717224207, 0.00784886868030746], [0.012504059759662229, 0.012287539244343402, 0.012395799502002815, 0.011150806538919563, 0.013316011692107827, 0.0, 0.014127963624553427, 0.011583847569557215, 0.011800368084876042, 0.01104254628126015, 0.009364512287539244, 0.008552560355093644, 0.008823210999242178, 0.008227779582115406], [0.01261232001732164, 0.010880155894771029, 0.014506874526361372, 0.012179278986683988, 0.012828840532640468, 0.014127963624553427, 0.0, 0.012558189888491935, 0.011854498213705749, 0.010122334091155137, 0.009472772545198658, 0.00909386164339071, 0.007632348164988633, 0.00784886868030746], [0.011854498213705749, 0.010447114864133376, 0.010609505250622497, 0.011637977698386922, 0.011800368084876042, 0.011583847569557215, 0.012558189888491935, 0.0, 0.012341669373173108, 0.012287539244343402, 0.011096676410089856, 0.009581032802858071, 0.0076864782938183395, 0.009310382158709538], [0.010771895637111617, 0.01071776550828191, 0.009472772545198658, 0.010609505250622497, 0.010122334091155137, 0.011800368084876042, 0.011854498213705749, 0.012341669373173108, 0.0, 0.013045361047959295, 0.011150806538919563, 0.010447114864133376, 0.009959943704666017, 0.010122334091155137], [0.007307567392010393, 0.007307567392010393, 0.007902998809137167, 0.008660820612753058, 0.009797553318176897, 0.01104254628126015, 0.010122334091155137, 0.012287539244343402, 0.013045361047959295, 0.0, 0.013965573238064306, 0.013153621305618708, 0.01277471040381076, 0.013045361047959295], [0.008173649453285699, 0.00784886868030746, 0.007957128937966872, 0.008281909710945112, 0.009310382158709538, 0.009364512287539244, 0.009472772545198658, 0.011096676410089856, 0.011150806538919563, 0.013965573238064306, 0.0, 0.013694922593915774, 0.012991230919129588, 0.014182093753383133], [0.005250622496481542, 0.006170834686586554, 0.006982786619032153, 0.006928656490202446, 0.0071451770055212735, 0.008552560355093644, 0.00909386164339071, 0.009581032802858071, 0.010447114864133376, 0.013153621305618708, 0.013694922593915774, 0.0, 0.01905380534805673, 0.017050990581357582], [0.006982786619032153, 0.006982786619032153, 0.006982786619032153, 0.006170834686586554, 0.006603875717224207, 0.008823210999242178, 0.007632348164988633, 0.0076864782938183395, 0.009959943704666017, 0.01277471040381076, 0.012991230919129588, 0.01905380534805673, 0.0, 0.018945545090397316], [0.00638735520190538, 0.005900184042438021, 0.006495615459564794, 0.006224964815416261, 0.00784886868030746, 0.008227779582115406, 0.00784886868030746, 0.009310382158709538, 0.010122334091155137, 0.013045361047959295, 0.014182093753383133, 0.017050990581357582, 0.018945545090397316, 0.0]]}