{"counts": [[0.0, 0.01803430300992097, 0.01706742895577602, 0.013830502774508155, 0.012737514713300825, 0.010257272574407264, 0.009332436522616444, 0.007608878426097192, 0.008659828484950395, 0.006557928367243989, 0.007777030435513704, 0.008029258449638473, 0.006053472338994451, 0.005969396334286194], [0.01803430300992097, 0.0, 0.016731124936942995, 0.012695476710946696, 0.011140070623843954, 0.010929880612073315, 0.01055153859088616, 0.008407600470825626, 0.00874390448965865, 0.007482764419034807, 0.006894232386077013, 0.006642004371952245, 0.007861106440221961, 0.006894232386077013], [0.01706742895577602, 0.016731124936942995, 0.0, 0.014124768790987053, 0.011896754666218262, 0.011686564654447621, 0.009878930553220111, 0.008281486463763242, 0.008617790482596267, 0.007482764419034807, 0.007524802421388936, 0.00630570035311922, 0.005549016310744914, 0.007777030435513704], [0.013830502774508155, 0.012695476710946696, 0.014124768790987053, 0.0, 0.012275096687405415, 0.011812678661510005, 0.011812678661510005, 0.009332436522616444, 0.01013115856734488, 0.009122246510845805, 0.007777030435513704, 0.008575752480242138, 0.00765091642845132, 0.008575752480242138], [0.012737514713300825, 0.011140070623843954, 0.011896754666218262, 0.012275096687405415, 0.0, 0.012653438708592568, 0.013410122750966874, 0.011224146628552211, 0.011434336640322852, 0.008491676475533883, 0.009038170506137548, 0.008239448461409114, 0.009038170506137548, 0.00853371447788801], [0.010257272574407264, 0.010929880612073315, 0.011686564654447621, 0.011812678661510005, 0.012653438708592568, 0.0, 0.013998654783924667, 0.011938792668572389, 0.010005044560282495, 0.010257272574407264, 0.00874390448965865, 0.00945855052967883, 0.009374474524970573, 0.01013115856734488], [0.009332436522616444, 0.01055153859088616, 0.009878930553220111, 0.011812678661510005, 0.013410122750966874, 0.013998654783924667, 0.0, 0.011224146628552211, 0.011055994619135699, 0.011140070623843954, 0.01172860265680175, 0.01013115856734488, 0.009080208508491677, 0.010005044560282495], [0.007608878426097192, 0.008407600470825626, 0.008281486463763242, 0.009332436522616444, 0.011224146628552211, 0.011938792668572389, 0.011224146628552211, 0.0, 0.01328400874390449, 0.014797376828653102, 0.01256936270388431, 0.01172860265680175, 0.01261140070623844, 0.011686564654447621], [0.008659828484950395, 0.00874390448965865, 0.008617790482596267, 0.01013115856734488, 0.011434336640322852, 0.010005044560282495, 0.011055994619135699, 0.01328400874390449, 0.0, 0.013241970741550362, 0.01328400874390449, 0.012695476710946696, 0.01147637464267698, 0.012695476710946696], [0.006557928367243989, 0.007482764419034807, 0.007482764419034807, 0.009122246510845805, 0.008491676475533883, 0.010257272574407264, 0.011140070623843954, 0.014797376828653102, 0.013241970741550362, 0.0, 0.014124768790987053, 0.014545148814528334, 0.01483941483100723, 0.015427946863965024], [0.007777030435513704, 0.006894232386077013, 0.007524802421388936, 0.007777030435513704, 0.009038170506137548, 0.00874390448965865, 0.01172860265680175, 0.01256936270388431, 0.01328400874390449, 0.014124768790987053, 0.0, 0.016016478896922818, 0.01689927694635951, 0.016310744913401714], [0.008029258449638473, 0.006642004371952245, 0.00630570035311922, 0.008575752480242138, 0.008239448461409114, 0.00945855052967883, 0.01013115856734488, 0.01172860265680175, 0.012695476710946696, 0.014545148814528334, 0.016016478896922818, 0.0, 0.0177820749957962, 0.01795022700521271], [0.006053472338994451, 0.007861106440221961, 0.005549016310744914, 0.00765091642845132, 0.009038170506137548, 0.009374474524970573, 0.009080208508491677, 0.01261140070623844, 0.01147637464267698, 0.01483941483100723, 0.01689927694635951, 0.0177820749957962, 0.0, 0.022616445266520936], [0.005969396334286194, 0.006894232386077013, 0.007777030435513704, 0.008575752480242138, 0.00853371447788801, 0.01013115856734488, 0.010005044560282495, 0.011686564654447621, 0.012695476710946696, 0.015427946863965024, 0.016310744913401714, 0.01795022700521271, 0.022616445266520936, 0.0]], "sysname": ["SOURCE", "UFC", "IITB", "SJTU", "IPN", "RAC", "PKU", "AMU", "UMC", "NTHU", "POST", "CUUI", "NUCLEA", "CAMB"]}