{"counts": [[0.0, 0.018833025054649403, 0.016941314948713638, 0.012191020682697158, 0.010719690600302674, 0.011224146628552211, 0.010887842609719187, 0.009038170506137548, 0.009290398520262318, 0.00765091642845132, 0.006095510341348579, 0.007314612409618295, 0.0058432823272238105, 0.006011434336640323], [0.018833025054649403, 0.0, 0.017151504960484277, 0.012863628720363209, 0.011980830670926517, 0.010761728602656801, 0.009416512527324701, 0.00920632251555406, 0.008617790482596267, 0.007398688414326551, 0.006095510341348579, 0.007272574407264167, 0.006179586346056835, 0.006810156381368757], [0.016941314948713638, 0.017151504960484277, 0.0, 0.013578274760383386, 0.011350260635614595, 0.010299310576761393, 0.010425424583823777, 0.008954094501429291, 0.008575752480242138, 0.007734992433159576, 0.0070623843954935265, 0.006347738355473348, 0.007861106440221961, 0.0069783083907852695], [0.012191020682697158, 0.012863628720363209, 0.013578274760383386, 0.0, 0.013368084748612745, 0.013788464772154027, 0.012947704725071464, 0.010089120564990752, 0.009626702539095342, 0.006810156381368757, 0.007945182444930216, 0.00878594249201278, 0.007230536404910039, 0.008575752480242138], [0.010719690600302674, 0.011980830670926517, 0.011350260635614595, 0.013368084748612745, 0.0, 0.014334958802757694, 0.01328400874390449, 0.010509500588532034, 0.01034134857911552, 0.00924836051790819, 0.00899613250378342, 0.009164284513199932, 0.008365562468471498, 0.009332436522616444], [0.011224146628552211, 0.010761728602656801, 0.010299310576761393, 0.013788464772154027, 0.014334958802757694, 0.0, 0.014250882798049437, 0.010173196569699007, 0.009416512527324701, 0.009542626534387085, 0.010257272574407264, 0.008870018496721036, 0.00920632251555406, 0.009290398520262318], [0.010887842609719187, 0.009416512527324701, 0.010425424583823777, 0.012947704725071464, 0.01328400874390449, 0.014250882798049437, 0.0, 0.012989742727425592, 0.010887842609719187, 0.009794854548511854, 0.010593576593240289, 0.009122246510845805, 0.009416512527324701, 0.009164284513199932], [0.009038170506137548, 0.00920632251555406, 0.008954094501429291, 0.010089120564990752, 0.010509500588532034, 0.010173196569699007, 0.012989742727425592, 0.0, 0.014797376828653102, 0.012317134689759543, 0.01282159071800908, 0.01147637464267698, 0.011182108626198083, 0.011644526652093493], [0.009290398520262318, 0.008617790482596267, 0.008575752480242138, 0.009626702539095342, 0.01034134857911552, 0.009416512527324701, 0.010887842609719187, 0.014797376828653102, 0.0, 0.012233058685051286, 0.01282159071800908, 0.01303178072977972, 0.012989742727425592, 0.012695476710946696], [0.00765091642845132, 0.007398688414326551, 0.007734992433159576, 0.006810156381368757, 0.00924836051790819, 0.009542626534387085, 0.009794854548511854, 0.012317134689759543, 0.012233058685051286, 0.0, 0.01689927694635951, 0.01580628888515218, 0.015343870859256769, 0.016184630906339332], [0.006095510341348579, 0.006095510341348579, 0.0070623843954935265, 0.007945182444930216, 0.00899613250378342, 0.010257272574407264, 0.010593576593240289, 0.01282159071800908, 0.01282159071800908, 0.01689927694635951, 0.0, 0.015175718849840255, 0.015890364889860432, 0.01685723894400538], [0.007314612409618295, 0.007272574407264167, 0.006347738355473348, 0.00878594249201278, 0.009164284513199932, 0.008870018496721036, 0.009122246510845805, 0.01147637464267698, 0.01303178072977972, 0.01580628888515218, 0.015175718849840255, 0.0, 0.018580797040524635, 0.017277618967546662], [0.0058432823272238105, 0.006179586346056835, 0.007861106440221961, 0.007230536404910039, 0.008365562468471498, 0.00920632251555406, 0.009416512527324701, 0.011182108626198083, 0.012989742727425592, 0.015343870859256769, 0.015890364889860432, 0.018580797040524635, 0.0, 0.023289053304186985], [0.006011434336640323, 0.006810156381368757, 0.0069783083907852695, 0.008575752480242138, 0.009332436522616444, 0.009290398520262318, 0.009164284513199932, 0.011644526652093493, 0.012695476710946696, 0.016184630906339332, 0.01685723894400538, 0.017277618967546662, 0.023289053304186985, 0.0]], "sysname": ["SOURCE", "UFC", "IITB", "SJTU", "IPN", "RAC", "PKU", "AMU", "UMC", "NTHU", "POST", "CUUI", "NUCLEA", "CAMB"]}