{"counts": [[0.0, 0.0159554420201851, 0.017253653838100423, 0.012186439968172872, 0.012479584572218268, 0.01160015076008208, 0.010971983751413375, 0.009506260731186399, 0.008459315716738558, 0.007621759705180284, 0.007035470497089493, 0.0066585702918882704, 0.006491059089576616, 0.0067004480924661835], [0.0159554420201851, 0.0, 0.01700238703463294, 0.012688973575107836, 0.011432639557770427, 0.010846350349679635, 0.01055320574563424, 0.008333682315004816, 0.008166171112693162, 0.006407303488420788, 0.008249926713848988, 0.007370492901712802, 0.00804053771095942, 0.007998659910381506], [0.017253653838100423, 0.01700238703463294, 0.0, 0.012563340173374094, 0.010343816742744672, 0.011307006156036685, 0.011348883956614599, 0.00988316093638762, 0.007161103898823234, 0.007496126303446543, 0.0077473931069140245, 0.00745424850286863, 0.0066166924913103565, 0.007496126303446543], [0.012186439968172872, 0.012688973575107836, 0.012563340173374094, 0.0, 0.012940240378575317, 0.013568407387244023, 0.01252146237279618, 0.01021818334101093, 0.009925038736965534, 0.008417437916160644, 0.007538004104024457, 0.00850119351731647, 0.008584949118472298, 0.008208048913271076], [0.012479584572218268, 0.011432639557770427, 0.010343816742744672, 0.012940240378575317, 0.0, 0.012982118179153231, 0.01206080656643913, 0.012144562167594958, 0.009548138531764313, 0.009925038736965534, 0.010427572343900498, 0.00883621592193978, 0.008166171112693162, 0.009213116127141003], [0.01160015076008208, 0.010846350349679635, 0.011307006156036685, 0.013568407387244023, 0.012982118179153231, 0.0, 0.013317140583776541, 0.010385694543322584, 0.010971983751413375, 0.009799405335231794, 0.008668704719628125, 0.010260061141588844, 0.00850119351731647, 0.009254993927718917], [0.010971983751413375, 0.01055320574563424, 0.011348883956614599, 0.01252146237279618, 0.01206080656643913, 0.013317140583776541, 0.0, 0.011223250554880857, 0.011558272959504167, 0.009715649734075966, 0.010134427739855102, 0.009380627329452657, 0.009338749528874743, 0.00975752753465388], [0.009506260731186399, 0.008333682315004816, 0.00988316093638762, 0.01021818334101093, 0.012144562167594958, 0.010385694543322584, 0.011223250554880857, 0.0, 0.014447841199380208, 0.012353951170484526, 0.012772729176263663, 0.011181372754302943, 0.011683906361237908, 0.011432639557770427], [0.008459315716738558, 0.008166171112693162, 0.007161103898823234, 0.009925038736965534, 0.009548138531764313, 0.010971983751413375, 0.011558272959504167, 0.014447841199380208, 0.0, 0.013400896184932367, 0.012940240378575317, 0.01252146237279618, 0.012312073369906612, 0.013442773985510281], [0.007621759705180284, 0.006407303488420788, 0.007496126303446543, 0.008417437916160644, 0.009925038736965534, 0.009799405335231794, 0.009715649734075966, 0.012353951170484526, 0.013400896184932367, 0.0, 0.016457975627120064, 0.015746053017295533, 0.01490849700573726, 0.015076008208048913], [0.007035470497089493, 0.008249926713848988, 0.0077473931069140245, 0.007538004104024457, 0.010427572343900498, 0.008668704719628125, 0.010134427739855102, 0.012772729176263663, 0.012940240378575317, 0.016457975627120064, 0.0, 0.016164831023074668, 0.015746053017295533, 0.01469910800284769], [0.0066585702918882704, 0.007370492901712802, 0.00745424850286863, 0.00850119351731647, 0.00883621592193978, 0.010260061141588844, 0.009380627329452657, 0.011181372754302943, 0.01252146237279618, 0.015746053017295533, 0.016164831023074668, 0.0, 0.016667364630009632, 0.016834875832321287], [0.006491059089576616, 0.00804053771095942, 0.0066166924913103565, 0.008584949118472298, 0.008166171112693162, 0.00850119351731647, 0.009338749528874743, 0.011683906361237908, 0.012312073369906612, 0.01490849700573726, 0.015746053017295533, 0.016667364630009632, 0.0, 0.023786590728254953], [0.0067004480924661835, 0.007998659910381506, 0.007496126303446543, 0.008208048913271076, 0.009213116127141003, 0.009254993927718917, 0.00975752753465388, 0.011432639557770427, 0.013442773985510281, 0.015076008208048913, 0.01469910800284769, 0.016834875832321287, 0.023786590728254953, 0.0]], "sysname": ["SOURCE", "UFC", "IITB", "SJTU", "IPN", "RAC", "PKU", "AMU", "UMC", "NTHU", "POST", "CUUI", "NUCLEA", "CAMB"]}