{"sysname": ["IITB", "SJTU", "PKU", "RAC", "IPN", "JMGR", "AMU", "src", "UFC", "UMC", "NTHU", "CUUI", "NUCLEA", "POST", "CAMB"], "counts": [[0.0, 0.017855987578443425, 0.009445558646567898, 0.010545383968428544, 0.00989842789674581, 0.009445558646567898, 0.009186776217894805, 0.009639645468072718, 0.009122080610726531, 0.00711651678851006, 0.007957559681697613, 0.008345733324707252, 0.007828168467361066, 0.006663647538332147, 0.007828168467361066], [0.017855987578443425, 0.0, 0.010221905932587178, 0.010221905932587178, 0.010092514718250631, 0.009316167432231352, 0.010415992754091998, 0.008022255288865887, 0.00828103771753898, 0.007957559681697613, 0.0073752992171831535, 0.00970434107524099, 0.008022255288865887, 0.008733906967716892, 0.007763472860192793], [0.009445558646567898, 0.010221905932587178, 0.0, 0.012680339004981563, 0.009316167432231352, 0.010092514718250631, 0.009316167432231352, 0.007698777253024519, 0.008992689396389985, 0.009833732289577537, 0.008927993789221713, 0.008022255288865887, 0.008927993789221713, 0.008733906967716892, 0.009316167432231352], [0.010545383968428544, 0.010221905932587178, 0.012680339004981563, 0.0, 0.008604515753380346, 0.009251471825063078, 0.00989842789674581, 0.008992689396389985, 0.008345733324707252, 0.00970434107524099, 0.007828168467361066, 0.008345733324707252, 0.008992689396389985, 0.008539820146212072, 0.008410428931875526], [0.00989842789674581, 0.010092514718250631, 0.009316167432231352, 0.008604515753380346, 0.0, 0.010545383968428544, 0.009057385003558259, 0.008863298182053439, 0.009316167432231352, 0.009316167432231352, 0.008992689396389985, 0.00989842789674581, 0.009316167432231352, 0.008604515753380346, 0.007569386038687973], [0.009445558646567898, 0.009316167432231352, 0.010092514718250631, 0.009251471825063078, 0.010545383968428544, 0.0, 0.010092514718250631, 0.008733906967716892, 0.00970434107524099, 0.010027819111082357, 0.009639645468072718, 0.0073752992171831535, 0.010027819111082357, 0.008733906967716892, 0.009574949860904444], [0.009186776217894805, 0.010415992754091998, 0.009316167432231352, 0.00989842789674581, 0.009057385003558259, 0.010092514718250631, 0.0, 0.010157210325418903, 0.0084751245390438, 0.009380863039399626, 0.009380863039399626, 0.009316167432231352, 0.010415992754091998, 0.008539820146212072, 0.009574949860904444], [0.009639645468072718, 0.008022255288865887, 0.007698777253024519, 0.008992689396389985, 0.008863298182053439, 0.008733906967716892, 0.010157210325418903, 0.0, 0.009963123503914085, 0.009639645468072718, 0.00970434107524099, 0.008151646503202433, 0.008798602574885165, 0.009186776217894805, 0.008992689396389985], [0.009122080610726531, 0.00828103771753898, 0.008992689396389985, 0.008345733324707252, 0.009316167432231352, 0.00970434107524099, 0.0084751245390438, 0.009963123503914085, 0.0, 0.008539820146212072, 0.009251471825063078, 0.00828103771753898, 0.009380863039399626, 0.009574949860904444, 0.009833732289577537], [0.00711651678851006, 0.007957559681697613, 0.009833732289577537, 0.00970434107524099, 0.009316167432231352, 0.010027819111082357, 0.009380863039399626, 0.009639645468072718, 0.008539820146212072, 0.0, 0.010545383968428544, 0.011192340040111276, 0.011386426861616096, 0.009769036682409265, 0.009639645468072718], [0.007957559681697613, 0.0073752992171831535, 0.008927993789221713, 0.007828168467361066, 0.008992689396389985, 0.009639645468072718, 0.009380863039399626, 0.00970434107524099, 0.009251471825063078, 0.010545383968428544, 0.0, 0.012680339004981563, 0.00989842789674581, 0.010351297146923724, 0.01203338293329883], [0.008345733324707252, 0.00970434107524099, 0.008022255288865887, 0.008345733324707252, 0.00989842789674581, 0.0073752992171831535, 0.009316167432231352, 0.008151646503202433, 0.00828103771753898, 0.011192340040111276, 0.012680339004981563, 0.0, 0.009769036682409265, 0.013262599469496022, 0.011968687326130555], [0.007828168467361066, 0.008022255288865887, 0.008927993789221713, 0.008992689396389985, 0.009316167432231352, 0.010027819111082357, 0.010415992754091998, 0.008798602574885165, 0.009380863039399626, 0.011386426861616096, 0.00989842789674581, 0.009769036682409265, 0.0, 0.012162774147635376, 0.015591641327553859], [0.006663647538332147, 0.008733906967716892, 0.008733906967716892, 0.008539820146212072, 0.008604515753380346, 0.008733906967716892, 0.008539820146212072, 0.009186776217894805, 0.009574949860904444, 0.009769036682409265, 0.010351297146923724, 0.013262599469496022, 0.012162774147635376, 0.0, 0.0140389467555153], [0.007828168467361066, 0.007763472860192793, 0.009316167432231352, 0.008410428931875526, 0.007569386038687973, 0.009574949860904444, 0.009574949860904444, 0.008992689396389985, 0.009833732289577537, 0.009639645468072718, 0.01203338293329883, 0.011968687326130555, 0.015591641327553859, 0.0140389467555153, 0.0]]}