{"counts": [[0.0, 0.01813308765023661, 0.01767243184387956, 0.01377779639013359, 0.011307006156036685, 0.010469450144478412, 0.009338749528874743, 0.00804053771095942, 0.008878093722517693, 0.007831148708069852, 0.007496126303446543, 0.007328615101134889, 0.0067004480924661835, 0.005444114075128775], [0.01813308765023661, 0.0, 0.017714309644457474, 0.01273085137568575, 0.013023995979731145, 0.01055320574563424, 0.009003727124251435, 0.006867959294777838, 0.008459315716738558, 0.007538004104024457, 0.007873026508647766, 0.007244859499979061, 0.006909837095355752, 0.007244859499979061], [0.01767243184387956, 0.017714309644457474, 0.0, 0.013107751580886971, 0.011809539762971649, 0.010301938942166758, 0.010846350349679635, 0.008878093722517693, 0.0077473931069140245, 0.007328615101134889, 0.006407303488420788, 0.007202981699401147, 0.006323547887264961, 0.007412370702290716], [0.01377779639013359, 0.01273085137568575, 0.013107751580886971, 0.0, 0.014824741404581432, 0.012605217973952008, 0.011223250554880857, 0.009171238326563089, 0.009590016332342225, 0.008417437916160644, 0.008124293312115248, 0.008417437916160644, 0.007328615101134889, 0.007789270907491938], [0.011307006156036685, 0.013023995979731145, 0.011809539762971649, 0.014824741404581432, 0.0, 0.01239582897106244, 0.013023995979731145, 0.010260061141588844, 0.009506260731186399, 0.008249926713848988, 0.009799405335231794, 0.00883621592193978, 0.008878093722517693, 0.008249926713848988], [0.010469450144478412, 0.01055320574563424, 0.010301938942166758, 0.012605217973952008, 0.01239582897106244, 0.0, 0.013023995979731145, 0.01239582897106244, 0.012605217973952008, 0.009841283135809707, 0.010720716947945894, 0.00883621592193978, 0.008208048913271076, 0.00988316093638762], [0.009338749528874743, 0.009003727124251435, 0.010846350349679635, 0.011223250554880857, 0.013023995979731145, 0.013023995979731145, 0.0, 0.012018928765861216, 0.012186439968172872, 0.010260061141588844, 0.009380627329452657, 0.009799405335231794, 0.011390761757192513, 0.011642028560659995], [0.00804053771095942, 0.006867959294777838, 0.008878093722517693, 0.009171238326563089, 0.010260061141588844, 0.01239582897106244, 0.012018928765861216, 0.0, 0.014992252606893085, 0.014196574395912726, 0.011474517358348339, 0.012688973575107836, 0.012353951170484526, 0.012270195569328698], [0.008878093722517693, 0.008459315716738558, 0.0077473931069140245, 0.009590016332342225, 0.009506260731186399, 0.012605217973952008, 0.012186439968172872, 0.014992252606893085, 0.0, 0.012270195569328698, 0.012647095774529922, 0.012688973575107836, 0.011893295364127476, 0.011642028560659995], [0.007831148708069852, 0.007538004104024457, 0.007328615101134889, 0.008417437916160644, 0.008249926713848988, 0.009841283135809707, 0.010260061141588844, 0.014196574395912726, 0.012270195569328698, 0.0, 0.014866619205159345, 0.016709242430587544, 0.015327275011516395, 0.015034130407471], [0.007496126303446543, 0.007873026508647766, 0.006407303488420788, 0.008124293312115248, 0.009799405335231794, 0.010720716947945894, 0.009380627329452657, 0.011474517358348339, 0.012647095774529922, 0.014866619205159345, 0.0, 0.015243519410360567, 0.016541731228275892, 0.017714309644457474], [0.007328615101134889, 0.007244859499979061, 0.007202981699401147, 0.008417437916160644, 0.00883621592193978, 0.00883621592193978, 0.009799405335231794, 0.012688973575107836, 0.012688973575107836, 0.016709242430587544, 0.015243519410360567, 0.0, 0.016039197621340928, 0.016248586624230496], [0.0067004480924661835, 0.006909837095355752, 0.006323547887264961, 0.007328615101134889, 0.008878093722517693, 0.008208048913271076, 0.011390761757192513, 0.012353951170484526, 0.011893295364127476, 0.015327275011516395, 0.016541731228275892, 0.016039197621340928, 0.0, 0.0233259349218979], [0.005444114075128775, 0.007244859499979061, 0.007412370702290716, 0.007789270907491938, 0.008249926713848988, 0.00988316093638762, 0.011642028560659995, 0.012270195569328698, 0.011642028560659995, 0.015034130407471, 0.017714309644457474, 0.016248586624230496, 0.0233259349218979, 0.0]], "sysname": ["SOURCE", "UFC", "IITB", "SJTU", "IPN", "RAC", "PKU", "AMU", "UMC", "NTHU", "POST", "CUUI", "NUCLEA", "CAMB"]}