{"sysname": ["IITB", "SJTU", "PKU", "RAC", "IPN", "AMU", "UFC", "src", "JMGR", "UMC", "NTHU", "CUUI", "NUCLEA", "POST", "CAMB"], "counts": [[0.0, 0.021284854758361907, 0.010415992754091998, 0.010221905932587178, 0.008927993789221713, 0.008345733324707252, 0.008410428931875526, 0.009380863039399626, 0.009251471825063078, 0.008669211360548618, 0.008151646503202433, 0.00672834314550042, 0.007439994824351427, 0.006857734359836967, 0.007181212395678333], [0.021284854758361907, 0.0, 0.00970434107524099, 0.00989842789674581, 0.009833732289577537, 0.008604515753380346, 0.008733906967716892, 0.00828103771753898, 0.010610079575596816, 0.008733906967716892, 0.008669211360548618, 0.008733906967716892, 0.007181212395678333, 0.007181212395678333, 0.005887300252312868], [0.010415992754091998, 0.00970434107524099, 0.0, 0.011515818075952642, 0.010157210325418903, 0.01048068836126027, 0.009057385003558259, 0.008022255288865887, 0.009380863039399626, 0.01028660153975545, 0.007892864074529339, 0.008539820146212072, 0.008863298182053439, 0.008410428931875526, 0.008216342110370705], [0.010221905932587178, 0.00989842789674581, 0.011515818075952642, 0.0, 0.010092514718250631, 0.010351297146923724, 0.010092514718250631, 0.0075046904315197, 0.009769036682409265, 0.008863298182053439, 0.008151646503202433, 0.009769036682409265, 0.0084751245390438, 0.008992689396389985, 0.007892864074529339], [0.008927993789221713, 0.009833732289577537, 0.010157210325418903, 0.010092514718250631, 0.0, 0.010092514718250631, 0.01067477518276509, 0.008992689396389985, 0.010739470789933363, 0.009057385003558259, 0.008992689396389985, 0.008733906967716892, 0.00828103771753898, 0.007245908002846606, 0.0075046904315197], [0.008345733324707252, 0.008604515753380346, 0.01048068836126027, 0.010351297146923724, 0.010092514718250631, 0.0, 0.009963123503914085, 0.010933557611438183, 0.009963123503914085, 0.009316167432231352, 0.009316167432231352, 0.008345733324707252, 0.008733906967716892, 0.008927993789221713, 0.009445558646567898], [0.008410428931875526, 0.008733906967716892, 0.009057385003558259, 0.010092514718250631, 0.01067477518276509, 0.009963123503914085, 0.0, 0.008151646503202433, 0.009122080610726531, 0.009122080610726531, 0.009445558646567898, 0.008669211360548618, 0.00828103771753898, 0.007763472860192793, 0.008733906967716892], [0.009380863039399626, 0.00828103771753898, 0.008022255288865887, 0.0075046904315197, 0.008992689396389985, 0.010933557611438183, 0.008151646503202433, 0.0, 0.010739470789933363, 0.008086950896034159, 0.008345733324707252, 0.008863298182053439, 0.011192340040111276, 0.00970434107524099, 0.009380863039399626], [0.009251471825063078, 0.010610079575596816, 0.009380863039399626, 0.009769036682409265, 0.010739470789933363, 0.009963123503914085, 0.009122080610726531, 0.010739470789933363, 0.0, 0.009251471825063078, 0.009833732289577537, 0.008539820146212072, 0.008669211360548618, 0.008863298182053439, 0.0075046904315197], [0.008669211360548618, 0.008733906967716892, 0.01028660153975545, 0.008863298182053439, 0.009057385003558259, 0.009316167432231352, 0.009122080610726531, 0.008086950896034159, 0.009251471825063078, 0.0, 0.011192340040111276, 0.010221905932587178, 0.011515818075952642, 0.010027819111082357, 0.01048068836126027], [0.008151646503202433, 0.008669211360548618, 0.007892864074529339, 0.008151646503202433, 0.008992689396389985, 0.009316167432231352, 0.009445558646567898, 0.008345733324707252, 0.009833732289577537, 0.011192340040111276, 0.0, 0.011192340040111276, 0.010804166397101637, 0.011192340040111276, 0.011839296111794009], [0.00672834314550042, 0.008733906967716892, 0.008539820146212072, 0.009769036682409265, 0.008733906967716892, 0.008345733324707252, 0.008669211360548618, 0.008863298182053439, 0.008539820146212072, 0.010221905932587178, 0.011192340040111276, 0.0, 0.01086886200426991, 0.011903991718962283, 0.014879989648702853], [0.007439994824351427, 0.007181212395678333, 0.008863298182053439, 0.0084751245390438, 0.00828103771753898, 0.008733906967716892, 0.00828103771753898, 0.011192340040111276, 0.008669211360548618, 0.011515818075952642, 0.010804166397101637, 0.01086886200426991, 0.0, 0.01345668629100084, 0.015915119363395226], [0.006857734359836967, 0.007181212395678333, 0.008410428931875526, 0.008992689396389985, 0.007245908002846606, 0.008927993789221713, 0.007763472860192793, 0.00970434107524099, 0.008863298182053439, 0.010027819111082357, 0.011192340040111276, 0.011903991718962283, 0.01345668629100084, 0.0, 0.016885553470919325], [0.007181212395678333, 0.005887300252312868, 0.008216342110370705, 0.007892864074529339, 0.0075046904315197, 0.009445558646567898, 0.008733906967716892, 0.009380863039399626, 0.0075046904315197, 0.01048068836126027, 0.011839296111794009, 0.014879989648702853, 0.015915119363395226, 0.016885553470919325, 0.0]]}