{"sysname": ["SOURCE", "UFC", "IITB", "SJTU", "IPN", "RAC", "PKU", "AMU", "UMC", "NTHU", "POST", "CUUI", "NUCLEA", "CAMB"], "counts": [[0.0, 0.019919887409332034, 0.01791707264263289, 0.011962758471365163, 0.01055537512179279, 0.01055537512179279, 0.010501244992963083, 0.007740608422648046, 0.008823210999242178, 0.00784886868030746, 0.006441485330735087, 0.0068745263613727405, 0.005737793655948901, 0.007307567392010393], [0.019919887409332034, 0.0, 0.01905380534805673, 0.012558189888491935, 0.011583847569557215, 0.01006820396232543, 0.010122334091155137, 0.0073616975208401, 0.008011259066796578, 0.006549745588394501, 0.006333225073075674, 0.00671213597488362, 0.0073616975208401, 0.006279094944245968], [0.01791707264263289, 0.01905380534805673, 0.0, 0.012016888600194868, 0.012882970661470174, 0.01006820396232543, 0.00974342318934719, 0.0076864782938183395, 0.008227779582115406, 0.008065389195626285, 0.0068745263613727405, 0.00703691674786186, 0.006441485330735087, 0.0068745263613727405], [0.011962758471365163, 0.012558189888491935, 0.012016888600194868, 0.0, 0.015318826458806972, 0.013207751434448413, 0.012016888600194868, 0.009418642416368951, 0.008823210999242178, 0.010609505250622497, 0.008173649453285699, 0.008931471256901592, 0.008336039839774819, 0.007469957778499512], [0.01055537512179279, 0.011583847569557215, 0.012882970661470174, 0.015318826458806972, 0.0, 0.013153621305618708, 0.011259066796578976, 0.01104254628126015, 0.00909386164339071, 0.010014073833495724, 0.008336039839774819, 0.009581032802858071, 0.008877341128071885, 0.008119519324455992], [0.01055537512179279, 0.01006820396232543, 0.01006820396232543, 0.013207751434448413, 0.013153621305618708, 0.0, 0.012666450146151347, 0.010826025765941324, 0.012287539244343402, 0.010447114864133376, 0.010826025765941324, 0.009689293060517483, 0.008281909710945112, 0.010014073833495724], [0.010501244992963083, 0.010122334091155137, 0.00974342318934719, 0.012016888600194868, 0.011259066796578976, 0.012666450146151347, 0.0, 0.012233409115513695, 0.012720580274981054, 0.010663635379452203, 0.011746237956046335, 0.009526902674028365, 0.009797553318176897, 0.01006820396232543], [0.007740608422648046, 0.0073616975208401, 0.0076864782938183395, 0.009418642416368951, 0.01104254628126015, 0.010826025765941324, 0.012233409115513695, 0.0, 0.014994045685828732, 0.012828840532640468, 0.013640792465086067, 0.012179278986683988, 0.012179278986683988, 0.013370141820937534], [0.008823210999242178, 0.008011259066796578, 0.008227779582115406, 0.008823210999242178, 0.00909386164339071, 0.012287539244343402, 0.012720580274981054, 0.014994045685828732, 0.0, 0.01326188156327812, 0.011908628342535456, 0.012287539244343402, 0.011854498213705749, 0.013370141820937534], [0.00784886868030746, 0.006549745588394501, 0.008065389195626285, 0.010609505250622497, 0.010014073833495724, 0.010447114864133376, 0.010663635379452203, 0.012828840532640468, 0.01326188156327812, 0.0, 0.013694922593915774, 0.0147233950416802, 0.014452744397531666, 0.013749052722745481], [0.006441485330735087, 0.006333225073075674, 0.0068745263613727405, 0.008173649453285699, 0.008336039839774819, 0.010826025765941324, 0.011746237956046335, 0.013640792465086067, 0.011908628342535456, 0.013694922593915774, 0.0, 0.016509689293060518, 0.017321641225506116, 0.016347298906571398], [0.0068745263613727405, 0.00671213597488362, 0.00703691674786186, 0.008931471256901592, 0.009581032802858071, 0.009689293060517483, 0.009526902674028365, 0.012179278986683988, 0.012287539244343402, 0.0147233950416802, 0.016509689293060518, 0.0, 0.016347298906571398, 0.017808812384973477], [0.005737793655948901, 0.0073616975208401, 0.006441485330735087, 0.008336039839774819, 0.008877341128071885, 0.008281909710945112, 0.009797553318176897, 0.012179278986683988, 0.011854498213705749, 0.014452744397531666, 0.017321641225506116, 0.016347298906571398, 0.0, 0.02349247591209267], [0.007307567392010393, 0.006279094944245968, 0.0068745263613727405, 0.007469957778499512, 0.008119519324455992, 0.010014073833495724, 0.01006820396232543, 0.013370141820937534, 0.013370141820937534, 0.013749052722745481, 0.016347298906571398, 0.017808812384973477, 0.02349247591209267, 0.0]]}