{"sysname": ["IITB", "SJTU", "PKU", "RAC", "IPN", "AMU", "UFC", "src", "JMGR", "UMC", "NTHU", "CUUI", "NUCLEA", "POST", "CAMB"], "counts": [[0.0, 0.02109076793685709, 0.009574949860904444, 0.009510254253736172, 0.008604515753380346, 0.01048068836126027, 0.009122080610726531, 0.00989842789674581, 0.007634081645856246, 0.008669211360548618, 0.008604515753380346, 0.007439994824351427, 0.006534256323995601, 0.007439994824351427, 0.0064048651096590544], [0.02109076793685709, 0.0, 0.011709904897457463, 0.010092514718250631, 0.00989842789674581, 0.009057385003558259, 0.008798602574885165, 0.008927993789221713, 0.008539820146212072, 0.007892864074529339, 0.007698777253024519, 0.008345733324707252, 0.0073752992171831535, 0.006857734359836967, 0.006663647538332147], [0.009574949860904444, 0.011709904897457463, 0.0, 0.012550947790645015, 0.00970434107524099, 0.009769036682409265, 0.008539820146212072, 0.007828168467361066, 0.00970434107524099, 0.007698777253024519, 0.009057385003558259, 0.008216342110370705, 0.0075046904315197, 0.008798602574885165, 0.009122080610726531], [0.009510254253736172, 0.010092514718250631, 0.012550947790645015, 0.0, 0.010545383968428544, 0.010804166397101637, 0.00970434107524099, 0.00989842789674581, 0.009186776217894805, 0.008086950896034159, 0.007828168467361066, 0.008539820146212072, 0.0084751245390438, 0.007569386038687973, 0.008345733324707252], [0.008604515753380346, 0.00989842789674581, 0.00970434107524099, 0.010545383968428544, 0.0, 0.01028660153975545, 0.010998253218606457, 0.008151646503202433, 0.010998253218606457, 0.009769036682409265, 0.009251471825063078, 0.007828168467361066, 0.007892864074529339, 0.008604515753380346, 0.007892864074529339], [0.01048068836126027, 0.009057385003558259, 0.009769036682409265, 0.010804166397101637, 0.01028660153975545, 0.0, 0.010027819111082357, 0.008345733324707252, 0.010933557611438183, 0.009445558646567898, 0.00711651678851006, 0.010157210325418903, 0.008927993789221713, 0.007698777253024519, 0.010092514718250631], [0.009122080610726531, 0.008798602574885165, 0.008539820146212072, 0.00970434107524099, 0.010998253218606457, 0.010027819111082357, 0.0, 0.009510254253736172, 0.009833732289577537, 0.008604515753380346, 0.008604515753380346, 0.008216342110370705, 0.009445558646567898, 0.007245908002846606, 0.008863298182053439], [0.00989842789674581, 0.008927993789221713, 0.007828168467361066, 0.00989842789674581, 0.008151646503202433, 0.008345733324707252, 0.009510254253736172, 0.0, 0.009574949860904444, 0.008022255288865887, 0.009769036682409265, 0.009380863039399626, 0.009639645468072718, 0.008992689396389985, 0.009251471825063078], [0.007634081645856246, 0.008539820146212072, 0.00970434107524099, 0.009186776217894805, 0.010998253218606457, 0.010933557611438183, 0.009833732289577537, 0.009574949860904444, 0.0, 0.00989842789674581, 0.009574949860904444, 0.008345733324707252, 0.009445558646567898, 0.008539820146212072, 0.010351297146923724], [0.008669211360548618, 0.007892864074529339, 0.007698777253024519, 0.008086950896034159, 0.009769036682409265, 0.009445558646567898, 0.008604515753380346, 0.008022255288865887, 0.00989842789674581, 0.0, 0.012356860969140196, 0.012421556576308468, 0.01145112246878437, 0.011127644432943003, 0.01028660153975545], [0.008604515753380346, 0.007698777253024519, 0.009057385003558259, 0.007828168467361066, 0.009251471825063078, 0.00711651678851006, 0.008604515753380346, 0.009769036682409265, 0.009574949860904444, 0.012356860969140196, 0.0, 0.011386426861616096, 0.01125703564727955, 0.010998253218606457, 0.01086886200426991], [0.007439994824351427, 0.008345733324707252, 0.008216342110370705, 0.008539820146212072, 0.007828168467361066, 0.010157210325418903, 0.008216342110370705, 0.009380863039399626, 0.008345733324707252, 0.012421556576308468, 0.011386426861616096, 0.0, 0.011127644432943003, 0.012162774147635376, 0.012680339004981563], [0.006534256323995601, 0.0073752992171831535, 0.0075046904315197, 0.0084751245390438, 0.007892864074529339, 0.008927993789221713, 0.009445558646567898, 0.009639645468072718, 0.009445558646567898, 0.01145112246878437, 0.01125703564727955, 0.011127644432943003, 0.0, 0.016044510577731774, 0.014556511612861487], [0.007439994824351427, 0.006857734359836967, 0.008798602574885165, 0.007569386038687973, 0.008604515753380346, 0.007698777253024519, 0.007245908002846606, 0.008992689396389985, 0.008539820146212072, 0.011127644432943003, 0.010998253218606457, 0.012162774147635376, 0.016044510577731774, 0.0, 0.015397554506049039], [0.0064048651096590544, 0.006663647538332147, 0.009122080610726531, 0.008345733324707252, 0.007892864074529339, 0.010092514718250631, 0.008863298182053439, 0.009251471825063078, 0.010351297146923724, 0.01028660153975545, 0.01086886200426991, 0.012680339004981563, 0.014556511612861487, 0.015397554506049039, 0.0]]}