{"sysname": ["SOURCE", "UFC", "IITB", "SJTU", "IPN", "RAC", "PKU", "AMU", "UMC", "NTHU", "POST", "CUUI", "NUCLEA", "CAMB"], "counts": [[0.0, 0.016918631433477115, 0.01675112023116546, 0.011977050965283304, 0.011390761757192513, 0.011348883956614599, 0.011558272959504167, 0.008961849323673521, 0.0075798819046023706, 0.007956782109803592, 0.0077055153063361114, 0.006909837095355752, 0.0066166924913103565, 0.00711922609824532], [0.016918631433477115, 0.0, 0.01825872105197035, 0.012982118179153231, 0.010804472549101721, 0.010762594748523808, 0.010260061141588844, 0.010050672138699276, 0.009045604924829347, 0.007202981699401147, 0.006867959294777838, 0.007077348297667406, 0.006156036684953306, 0.006407303488420788], [0.01675112023116546, 0.01825872105197035, 0.0, 0.012102684367017044, 0.012144562167594958, 0.009799405335231794, 0.010846350349679635, 0.009338749528874743, 0.007998659910381506, 0.006867959294777838, 0.0075798819046023706, 0.006742325893044097, 0.006993592696511579, 0.0075798819046023706], [0.011977050965283304, 0.012982118179153231, 0.012102684367017044, 0.0, 0.013694040788977763, 0.013191507182042799, 0.011809539762971649, 0.008543071317894384, 0.010469450144478412, 0.009590016332342225, 0.00871058252020604, 0.00804053771095942, 0.00791490430922568, 0.008543071317894384], [0.011390761757192513, 0.010804472549101721, 0.012144562167594958, 0.013694040788977763, 0.0, 0.014322207797646468, 0.012605217973952008, 0.011432639557770427, 0.010595083546212154, 0.009338749528874743, 0.008626826919050212, 0.009213116127141003, 0.008291804514426902, 0.007873026508647766], [0.011348883956614599, 0.010762594748523808, 0.009799405335231794, 0.013191507182042799, 0.014322207797646468, 0.0, 0.012898362577997403, 0.010762594748523808, 0.010846350349679635, 0.009254993927718917, 0.010008794338121362, 0.009673771933498053, 0.008584949118472298, 0.010301938942166758], [0.011558272959504167, 0.010260061141588844, 0.010846350349679635, 0.011809539762971649, 0.012605217973952008, 0.012898362577997403, 0.0, 0.011809539762971649, 0.010804472549101721, 0.009715649734075966, 0.00988316093638762, 0.010260061141588844, 0.01067883914736798, 0.009338749528874743], [0.008961849323673521, 0.010050672138699276, 0.009338749528874743, 0.008543071317894384, 0.011432639557770427, 0.010762594748523808, 0.011809539762971649, 0.0, 0.013233384982620713, 0.012605217973952008, 0.013107751580886971, 0.011139494953725031, 0.012940240378575317, 0.011223250554880857], [0.0075798819046023706, 0.009045604924829347, 0.007998659910381506, 0.010469450144478412, 0.010595083546212154, 0.010846350349679635, 0.010804472549101721, 0.013233384982620713, 0.0, 0.013610285187821935, 0.013400896184932367, 0.01172578416181582, 0.012898362577997403, 0.01273085137568575], [0.007956782109803592, 0.007202981699401147, 0.006867959294777838, 0.009590016332342225, 0.009338749528874743, 0.009254993927718917, 0.009715649734075966, 0.012605217973952008, 0.013610285187821935, 0.0, 0.014824741404581432, 0.016164831023074668, 0.014531596800536036, 0.01620670882365258], [0.0077055153063361114, 0.006867959294777838, 0.0075798819046023706, 0.00871058252020604, 0.008626826919050212, 0.010008794338121362, 0.00988316093638762, 0.013107751580886971, 0.013400896184932367, 0.014824741404581432, 0.0, 0.016164831023074668, 0.015411030612672223, 0.016290464424808408], [0.006909837095355752, 0.007077348297667406, 0.006742325893044097, 0.00804053771095942, 0.009213116127141003, 0.009673771933498053, 0.010260061141588844, 0.011139494953725031, 0.01172578416181582, 0.016164831023074668, 0.016164831023074668, 0.0, 0.01700238703463294, 0.01721177603752251], [0.0066166924913103565, 0.006156036684953306, 0.006993592696511579, 0.00791490430922568, 0.008291804514426902, 0.008584949118472298, 0.01067883914736798, 0.012940240378575317, 0.012898362577997403, 0.014531596800536036, 0.015411030612672223, 0.01700238703463294, 0.0, 0.02328405712131999], [0.00711922609824532, 0.006407303488420788, 0.0075798819046023706, 0.008543071317894384, 0.007873026508647766, 0.010301938942166758, 0.009338749528874743, 0.011223250554880857, 0.01273085137568575, 0.01620670882365258, 0.016290464424808408, 0.01721177603752251, 0.02328405712131999, 0.0]]}