{"counts": [[0.0, 0.016815200941651252, 0.016352782915755842, 0.012401210694467799, 0.012191020682697158, 0.010257272574407264, 0.009584664536741214, 0.009122246510845805, 0.00874390448965865, 0.007566840423743064, 0.007861106440221961, 0.007482764419034807, 0.007146460400201783, 0.00718849840255591], [0.016815200941651252, 0.0, 0.017908189002858583, 0.012443248696821927, 0.011098032621489827, 0.00992096855557424, 0.009963006557928367, 0.008449638473179755, 0.008491676475533883, 0.008239448461409114, 0.007861106440221961, 0.007356650411972423, 0.0074407264166806795, 0.007819068437867832], [0.016352782915755842, 0.017908189002858583, 0.0, 0.013410122750966874, 0.01172860265680175, 0.01013115856734488, 0.009836892550865983, 0.008912056499075165, 0.00853371447788801, 0.007020346393139398, 0.007692954430805448, 0.006557928367243989, 0.007020346393139398, 0.00790314444257609], [0.012401210694467799, 0.012443248696821927, 0.013410122750966874, 0.0, 0.013704388767445772, 0.012779552715654952, 0.011602488649739364, 0.010929880612073315, 0.009500588532032958, 0.008407600470825626, 0.00811333445434673, 0.007987220447284345, 0.008365562468471498, 0.007777030435513704], [0.012191020682697158, 0.011098032621489827, 0.01172860265680175, 0.013704388767445772, 0.0, 0.013704388767445772, 0.012527324701530184, 0.010425424583823777, 0.010593576593240289, 0.00765091642845132, 0.00920632251555406, 0.009332436522616444, 0.00924836051790819, 0.008575752480242138], [0.010257272574407264, 0.00992096855557424, 0.01013115856734488, 0.012779552715654952, 0.013704388767445772, 0.0, 0.014965528838069614, 0.011812678661510005, 0.009500588532032958, 0.01101395661678157, 0.0097107785438036, 0.00874390448965865, 0.008449638473179755, 0.009836892550865983], [0.009584664536741214, 0.009963006557928367, 0.009836892550865983, 0.011602488649739364, 0.012527324701530184, 0.014965528838069614, 0.0, 0.010761728602656801, 0.011518412645031109, 0.010215234572053136, 0.01055153859088616, 0.011350260635614595, 0.009500588532032958, 0.010257272574407264], [0.009122246510845805, 0.008449638473179755, 0.008912056499075165, 0.010929880612073315, 0.010425424583823777, 0.011812678661510005, 0.010761728602656801, 0.0, 0.015091642845132, 0.012695476710946696, 0.011224146628552211, 0.012275096687405415, 0.011055994619135699, 0.012275096687405415], [0.00874390448965865, 0.008491676475533883, 0.00853371447788801, 0.009500588532032958, 0.010593576593240289, 0.009500588532032958, 0.011518412645031109, 0.015091642845132, 0.0, 0.012695476710946696, 0.012737514713300825, 0.011854716663864133, 0.012863628720363209, 0.012989742727425592], [0.007566840423743064, 0.008239448461409114, 0.007020346393139398, 0.008407600470825626, 0.00765091642845132, 0.01101395661678157, 0.010215234572053136, 0.012695476710946696, 0.012695476710946696, 0.0, 0.016478896922818228, 0.015049604842777871, 0.01593240289221456, 0.01483941483100723], [0.007861106440221961, 0.007861106440221961, 0.007692954430805448, 0.00811333445434673, 0.00920632251555406, 0.0097107785438036, 0.01055153859088616, 0.011224146628552211, 0.012737514713300825, 0.016478896922818228, 0.0, 0.015890364889860432, 0.014755338826298973, 0.015427946863965024], [0.007482764419034807, 0.007356650411972423, 0.006557928367243989, 0.007987220447284345, 0.009332436522616444, 0.00874390448965865, 0.011350260635614595, 0.012275096687405415, 0.011854716663864133, 0.015049604842777871, 0.015890364889860432, 0.0, 0.01736169497225492, 0.017235580965192534], [0.007146460400201783, 0.0074407264166806795, 0.007020346393139398, 0.008365562468471498, 0.00924836051790819, 0.008449638473179755, 0.009500588532032958, 0.011055994619135699, 0.012863628720363209, 0.01593240289221456, 0.014755338826298973, 0.01736169497225492, 0.0, 0.022196065242979655], [0.00718849840255591, 0.007819068437867832, 0.00790314444257609, 0.007777030435513704, 0.008575752480242138, 0.009836892550865983, 0.010257272574407264, 0.012275096687405415, 0.012989742727425592, 0.01483941483100723, 0.015427946863965024, 0.017235580965192534, 0.022196065242979655, 0.0]], "sysname": ["SOURCE", "UFC", "IITB", "SJTU", "IPN", "RAC", "PKU", "AMU", "UMC", "NTHU", "POST", "CUUI", "NUCLEA", "CAMB"]}