{"counts": [[0.0, 0.018833025054649403, 0.01689927694635951, 0.01235917269211367, 0.012653438708592568, 0.009794854548511854, 0.00966874054144947, 0.009122246510845805, 0.008323524466117371, 0.006894232386077013, 0.0065999663695981165, 0.008197410459054985, 0.0070623843954935265, 0.006011434336640323], [0.018833025054649403, 0.0, 0.017866151000504454, 0.013410122750966874, 0.012064906675634774, 0.011055994619135699, 0.00899613250378342, 0.007777030435513704, 0.007861106440221961, 0.007524802421388936, 0.007692954430805448, 0.00676811837901463, 0.0070623843954935265, 0.006263662350765092], [0.01689927694635951, 0.017866151000504454, 0.0, 0.012653438708592568, 0.012695476710946696, 0.010719690600302674, 0.010173196569699007, 0.00765091642845132, 0.008281486463763242, 0.007230536404910039, 0.007146460400201783, 0.007692954430805448, 0.007146460400201783, 0.007272574407264167], [0.01235917269211367, 0.013410122750966874, 0.012653438708592568, 0.0, 0.013241970741550362, 0.012485286699176056, 0.01214898268034303, 0.009794854548511854, 0.009584664536741214, 0.009122246510845805, 0.008491676475533883, 0.007777030435513704, 0.008491676475533883, 0.008197410459054985], [0.012653438708592568, 0.012064906675634774, 0.012695476710946696, 0.013241970741550362, 0.0, 0.012527324701530184, 0.012443248696821927, 0.010635614595594417, 0.008954094501429291, 0.00874390448965865, 0.008954094501429291, 0.008827980494366908, 0.009374474524970573, 0.009374474524970573], [0.009794854548511854, 0.011055994619135699, 0.010719690600302674, 0.012485286699176056, 0.012527324701530184, 0.0, 0.012737514713300825, 0.012317134689759543, 0.011182108626198083, 0.009963006557928367, 0.009584664536741214, 0.009752816546157726, 0.00966874054144947, 0.009332436522616444], [0.00966874054144947, 0.00899613250378342, 0.010173196569699007, 0.01214898268034303, 0.012443248696821927, 0.012737514713300825, 0.0, 0.011686564654447621, 0.012863628720363209, 0.010719690600302674, 0.01034134857911552, 0.010593576593240289, 0.010383386581469648, 0.010089120564990752], [0.009122246510845805, 0.007777030435513704, 0.00765091642845132, 0.009794854548511854, 0.010635614595594417, 0.012317134689759543, 0.011686564654447621, 0.0, 0.014040692786278796, 0.013241970741550362, 0.012443248696821927, 0.01282159071800908, 0.01147637464267698, 0.012317134689759543], [0.008323524466117371, 0.007861106440221961, 0.008281486463763242, 0.009584664536741214, 0.008954094501429291, 0.011182108626198083, 0.012863628720363209, 0.014040692786278796, 0.0, 0.012191020682697158, 0.012527324701530184, 0.013199932739196233, 0.011686564654447621, 0.014040692786278796], [0.006894232386077013, 0.007524802421388936, 0.007230536404910039, 0.009122246510845805, 0.00874390448965865, 0.009963006557928367, 0.010719690600302674, 0.013241970741550362, 0.012191020682697158, 0.0, 0.015175718849840255, 0.015596098873381536, 0.014124768790987053, 0.016520934925172356], [0.0065999663695981165, 0.007692954430805448, 0.007146460400201783, 0.008491676475533883, 0.008954094501429291, 0.009584664536741214, 0.01034134857911552, 0.012443248696821927, 0.012527324701530184, 0.015175718849840255, 0.0, 0.016310744913401714, 0.016268706911047585, 0.016478896922818228], [0.008197410459054985, 0.00676811837901463, 0.007692954430805448, 0.007777030435513704, 0.008827980494366908, 0.009752816546157726, 0.010593576593240289, 0.01282159071800908, 0.013199932739196233, 0.015596098873381536, 0.016310744913401714, 0.0, 0.015007566840423743, 0.015512022868673281], [0.0070623843954935265, 0.0070623843954935265, 0.007146460400201783, 0.008491676475533883, 0.009374474524970573, 0.00966874054144947, 0.010383386581469648, 0.01147637464267698, 0.011686564654447621, 0.014124768790987053, 0.016268706911047585, 0.015007566840423743, 0.0, 0.023204977299478728], [0.006011434336640323, 0.006263662350765092, 0.007272574407264167, 0.008197410459054985, 0.009374474524970573, 0.009332436522616444, 0.010089120564990752, 0.012317134689759543, 0.014040692786278796, 0.016520934925172356, 0.016478896922818228, 0.015512022868673281, 0.023204977299478728, 0.0]], "sysname": ["SOURCE", "UFC", "IITB", "SJTU", "IPN", "RAC", "PKU", "AMU", "UMC", "NTHU", "POST", "CUUI", "NUCLEA", "CAMB"]}