{"counts": [[0.0, 0.02096137672252054, 0.011386426861616096, 0.009445558646567898, 0.008669211360548618, 0.0084751245390438, 0.008604515753380346, 0.009316167432231352, 0.008733906967716892, 0.008798602574885165, 0.007569386038687973, 0.009380863039399626, 0.006663647538332147, 0.00672834314550042, 0.0069224299670052405], [0.02096137672252054, 0.0, 0.010804166397101637, 0.009963123503914085, 0.01048068836126027, 0.007245908002846606, 0.009186776217894805, 0.008733906967716892, 0.008216342110370705, 0.008345733324707252, 0.008410428931875526, 0.007698777253024519, 0.008410428931875526, 0.0073752992171831535, 0.007439994824351427], [0.011386426861616096, 0.010804166397101637, 0.0, 0.010998253218606457, 0.009769036682409265, 0.008604515753380346, 0.010027819111082357, 0.008798602574885165, 0.009122080610726531, 0.01028660153975545, 0.009833732289577537, 0.008345733324707252, 0.007763472860192793, 0.0069224299670052405, 0.008022255288865887], [0.009445558646567898, 0.009963123503914085, 0.010998253218606457, 0.0, 0.01067477518276509, 0.009963123503914085, 0.008345733324707252, 0.011321731254447824, 0.008992689396389985, 0.008539820146212072, 0.009963123503914085, 0.008151646503202433, 0.008022255288865887, 0.008669211360548618, 0.006663647538332147], [0.008669211360548618, 0.01048068836126027, 0.009769036682409265, 0.01067477518276509, 0.0, 0.010545383968428544, 0.009316167432231352, 0.008345733324707252, 0.009510254253736172, 0.008604515753380346, 0.00970434107524099, 0.0084751245390438, 0.008345733324707252, 0.008992689396389985, 0.009122080610726531], [0.0084751245390438, 0.007245908002846606, 0.008604515753380346, 0.009963123503914085, 0.010545383968428544, 0.0, 0.009769036682409265, 0.009510254253736172, 0.009380863039399626, 0.00828103771753898, 0.009316167432231352, 0.008539820146212072, 0.010351297146923724, 0.008151646503202433, 0.009057385003558259], [0.008604515753380346, 0.009186776217894805, 0.010027819111082357, 0.008345733324707252, 0.009316167432231352, 0.009769036682409265, 0.0, 0.008733906967716892, 0.011580513683120916, 0.009639645468072718, 0.00989842789674581, 0.009639645468072718, 0.008798602574885165, 0.008992689396389985, 0.010092514718250631], [0.009316167432231352, 0.008733906967716892, 0.008798602574885165, 0.011321731254447824, 0.008345733324707252, 0.009510254253736172, 0.008733906967716892, 0.0, 0.009186776217894805, 0.010351297146923724, 0.00828103771753898, 0.00828103771753898, 0.008022255288865887, 0.008992689396389985, 0.008992689396389985], [0.008733906967716892, 0.008216342110370705, 0.009122080610726531, 0.008992689396389985, 0.009510254253736172, 0.009380863039399626, 0.011580513683120916, 0.009186776217894805, 0.0, 0.009186776217894805, 0.009380863039399626, 0.010610079575596816, 0.009122080610726531, 0.009445558646567898, 0.009639645468072718], [0.008798602574885165, 0.008345733324707252, 0.01028660153975545, 0.008539820146212072, 0.008604515753380346, 0.00828103771753898, 0.009639645468072718, 0.010351297146923724, 0.009186776217894805, 0.0, 0.011386426861616096, 0.009963123503914085, 0.00970434107524099, 0.010221905932587178, 0.011709904897457463], [0.007569386038687973, 0.008410428931875526, 0.009833732289577537, 0.009963123503914085, 0.00970434107524099, 0.009316167432231352, 0.00989842789674581, 0.00828103771753898, 0.009380863039399626, 0.011386426861616096, 0.0, 0.009316167432231352, 0.010351297146923724, 0.009963123503914085, 0.011127644432943003], [0.009380863039399626, 0.007698777253024519, 0.008345733324707252, 0.008151646503202433, 0.0084751245390438, 0.008539820146212072, 0.009639645468072718, 0.00828103771753898, 0.010610079575596816, 0.009963123503914085, 0.009316167432231352, 0.0, 0.013521381898169114, 0.013262599469496022, 0.011580513683120916], [0.006663647538332147, 0.008410428931875526, 0.007763472860192793, 0.008022255288865887, 0.008345733324707252, 0.010351297146923724, 0.008798602574885165, 0.008022255288865887, 0.009122080610726531, 0.00970434107524099, 0.010351297146923724, 0.013521381898169114, 0.0, 0.0140389467555153, 0.016626771042246233], [0.00672834314550042, 0.0073752992171831535, 0.0069224299670052405, 0.008669211360548618, 0.008992689396389985, 0.008151646503202433, 0.008992689396389985, 0.008992689396389985, 0.009445558646567898, 0.010221905932587178, 0.009963123503914085, 0.013262599469496022, 0.0140389467555153, 0.0, 0.015268163291712492], [0.0069224299670052405, 0.007439994824351427, 0.008022255288865887, 0.006663647538332147, 0.009122080610726531, 0.009057385003558259, 0.010092514718250631, 0.008992689396389985, 0.009639645468072718, 0.011709904897457463, 0.011127644432943003, 0.011580513683120916, 0.016626771042246233, 0.015268163291712492, 0.0]], "sysname": ["IITB", "SJTU", "PKU", "RAC", "IPN", "UFC", "JMGR", "src", "AMU", "UMC", "NTHU", "CUUI", "NUCLEA", "POST", "CAMB"]}