{"counts": [[0.0, 0.015481216845296093, 0.016239038648911984, 0.015264696329977265, 0.013099491176789001, 0.011150806538919563, 0.009689293060517483, 0.009364512287539244, 0.008877341128071885, 0.009418642416368951, 0.008931471256901592, 0.010230594348814551, 0.0076864782938183395, 0.008173649453285699], [0.015481216845296093, 0.0, 0.013965573238064306, 0.0139114431092346, 0.01136732705423839, 0.010122334091155137, 0.010284724477644256, 0.00925625202987983, 0.008714950741582765, 0.008498430226263938, 0.007632348164988633, 0.008227779582115406, 0.008498430226263938, 0.008931471256901592], [0.016239038648911984, 0.013965573238064306, 0.0, 0.012016888600194868, 0.012233409115513695, 0.010122334091155137, 0.008877341128071885, 0.008498430226263938, 0.009581032802858071, 0.008660820612753058, 0.009310382158709538, 0.009147991772220417, 0.008173649453285699, 0.007469957778499512], [0.015264696329977265, 0.0139114431092346, 0.012016888600194868, 0.0, 0.012449929630832522, 0.010284724477644256, 0.008444300097434233, 0.008498430226263938, 0.009959943704666017, 0.008498430226263938, 0.008444300097434233, 0.00925625202987983, 0.008606690483923351, 0.009797553318176897], [0.013099491176789001, 0.01136732705423839, 0.012233409115513695, 0.012449929630832522, 0.0, 0.009851683447006604, 0.00974342318934719, 0.009851683447006604, 0.010988416152430442, 0.010771895637111617, 0.008606690483923351, 0.009581032802858071, 0.010771895637111617, 0.009147991772220417], [0.011150806538919563, 0.010122334091155137, 0.010122334091155137, 0.010284724477644256, 0.009851683447006604, 0.0, 0.012449929630832522, 0.013099491176789001, 0.011150806538919563, 0.011637977698386922, 0.01071776550828191, 0.01055537512179279, 0.011583847569557215, 0.01136732705423839], [0.009689293060517483, 0.010284724477644256, 0.008877341128071885, 0.008444300097434233, 0.00974342318934719, 0.012449929630832522, 0.0, 0.010988416152430442, 0.012504059759662229, 0.012071018729024574, 0.01136732705423839, 0.012125148857854281, 0.011854498213705749, 0.012125148857854281], [0.009364512287539244, 0.00925625202987983, 0.008498430226263938, 0.008498430226263938, 0.009851683447006604, 0.013099491176789001, 0.010988416152430442, 0.0, 0.012720580274981054, 0.012179278986683988, 0.013749052722745481, 0.011637977698386922, 0.012828840532640468, 0.012558189888491935], [0.008877341128071885, 0.008714950741582765, 0.009581032802858071, 0.009959943704666017, 0.010988416152430442, 0.011150806538919563, 0.012504059759662229, 0.012720580274981054, 0.0, 0.01326188156327812, 0.013153621305618708, 0.010826025765941324, 0.012991230919129588, 0.011854498213705749], [0.009418642416368951, 0.008498430226263938, 0.008660820612753058, 0.008498430226263938, 0.010771895637111617, 0.011637977698386922, 0.012071018729024574, 0.012179278986683988, 0.01326188156327812, 0.0, 0.011854498213705749, 0.011529717440727508, 0.012937100790299881, 0.01261232001732164], [0.008931471256901592, 0.007632348164988633, 0.009310382158709538, 0.008444300097434233, 0.008606690483923351, 0.01071776550828191, 0.01136732705423839, 0.013749052722745481, 0.013153621305618708, 0.011854498213705749, 0.0, 0.012504059759662229, 0.011637977698386922, 0.015372956587636679], [0.010230594348814551, 0.008227779582115406, 0.009147991772220417, 0.00925625202987983, 0.009581032802858071, 0.01055537512179279, 0.012125148857854281, 0.011637977698386922, 0.010826025765941324, 0.011529717440727508, 0.012504059759662229, 0.0, 0.014994045685828732, 0.016076648262422864], [0.0076864782938183395, 0.008498430226263938, 0.008173649453285699, 0.008606690483923351, 0.010771895637111617, 0.011583847569557215, 0.011854498213705749, 0.012828840532640468, 0.012991230919129588, 0.012937100790299881, 0.011637977698386922, 0.014994045685828732, 0.0, 0.01645555916423081], [0.008173649453285699, 0.008931471256901592, 0.007469957778499512, 0.009797553318176897, 0.009147991772220417, 0.01136732705423839, 0.012125148857854281, 0.012558189888491935, 0.011854498213705749, 0.01261232001732164, 0.015372956587636679, 0.016076648262422864, 0.01645555916423081, 0.0]], "sysname": ["NUCLEA", "UFC", "SOURCE", "IITB", "SJTU", "AMU", "RAC", "UMC", "CUUI", "PKU", "IPN", "NTHU", "POST", "CAMB"]}