{"sysname": ["SOURCE", "UFC", "IITB", "SJTU", "IPN", "RAC", "PKU", "AMU", "UMC", "NTHU", "POST", "CUUI", "NUCLEA", "CAMB"], "counts": [[0.0, 0.02005212712291912, 0.016058516899276946, 0.012527324701530184, 0.011308222633260468, 0.011098032621489827, 0.010257272574407264, 0.008954094501429291, 0.00718849840255591, 0.007777030435513704, 0.006936270388431142, 0.006894232386077013, 0.006684042374306373, 0.00676811837901463], [0.02005212712291912, 0.0, 0.016815200941651252, 0.011938792668572389, 0.011938792668572389, 0.01101395661678157, 0.009290398520262318, 0.0097107785438036, 0.007777030435513704, 0.007356650411972423, 0.007861106440221961, 0.006095510341348579, 0.006389776357827476, 0.006473852362535732], [0.016058516899276946, 0.016815200941651252, 0.0, 0.011392298637968723, 0.012905666722717337, 0.010887842609719187, 0.011938792668572389, 0.00878594249201278, 0.0097107785438036, 0.008323524466117371, 0.006642004371952245, 0.007314612409618295, 0.006137548343702707, 0.006389776357827476], [0.012527324701530184, 0.011938792668572389, 0.011392298637968723, 0.0, 0.012275096687405415, 0.011644526652093493, 0.012022868673280646, 0.010971918614427442, 0.00992096855557424, 0.00874390448965865, 0.009332436522616444, 0.008701866487304524, 0.009836892550865983, 0.00878594249201278], [0.011308222633260468, 0.011938792668572389, 0.012905666722717337, 0.012275096687405415, 0.0, 0.014545148814528334, 0.012653438708592568, 0.010173196569699007, 0.010593576593240289, 0.009542626534387085, 0.008954094501429291, 0.00811333445434673, 0.008365562468471498, 0.009122246510845805], [0.011098032621489827, 0.01101395661678157, 0.010887842609719187, 0.011644526652093493, 0.014545148814528334, 0.0, 0.014082730788632924, 0.011560450647385236, 0.010887842609719187, 0.0097107785438036, 0.009626702539095342, 0.008575752480242138, 0.008575752480242138, 0.00920632251555406], [0.010257272574407264, 0.009290398520262318, 0.011938792668572389, 0.012022868673280646, 0.012653438708592568, 0.014082730788632924, 0.0, 0.011896754666218262, 0.011518412645031109, 0.009626702539095342, 0.009416512527324701, 0.01080376660501093, 0.009500588532032958, 0.009963006557928367], [0.008954094501429291, 0.0097107785438036, 0.00878594249201278, 0.010971918614427442, 0.010173196569699007, 0.011560450647385236, 0.011896754666218262, 0.0, 0.012989742727425592, 0.011980830670926517, 0.01256936270388431, 0.01235917269211367, 0.01172860265680175, 0.011434336640322852], [0.00718849840255591, 0.007777030435513704, 0.0097107785438036, 0.00992096855557424, 0.010593576593240289, 0.010887842609719187, 0.011518412645031109, 0.012989742727425592, 0.0, 0.012233058685051286, 0.013830502774508155, 0.012401210694467799, 0.012905666722717337, 0.01256936270388431], [0.007777030435513704, 0.007356650411972423, 0.008323524466117371, 0.00874390448965865, 0.009542626534387085, 0.0097107785438036, 0.009626702539095342, 0.011980830670926517, 0.012233058685051286, 0.0, 0.015638136875735665, 0.016142592903985203, 0.015427946863965024, 0.015680174878089793], [0.006936270388431142, 0.007861106440221961, 0.006642004371952245, 0.009332436522616444, 0.008954094501429291, 0.009626702539095342, 0.009416512527324701, 0.01256936270388431, 0.013830502774508155, 0.015638136875735665, 0.0, 0.015554060871027408, 0.015343870859256769, 0.01580628888515218], [0.006894232386077013, 0.006095510341348579, 0.007314612409618295, 0.008701866487304524, 0.00811333445434673, 0.008575752480242138, 0.01080376660501093, 0.01235917269211367, 0.012401210694467799, 0.016142592903985203, 0.015554060871027408, 0.0, 0.01685723894400538, 0.018118379014629225], [0.006684042374306373, 0.006389776357827476, 0.006137548343702707, 0.009836892550865983, 0.008365562468471498, 0.008575752480242138, 0.009500588532032958, 0.01172860265680175, 0.012905666722717337, 0.015427946863965024, 0.015343870859256769, 0.01685723894400538, 0.0, 0.02358331932066588], [0.00676811837901463, 0.006473852362535732, 0.006389776357827476, 0.00878594249201278, 0.009122246510845805, 0.00920632251555406, 0.009963006557928367, 0.011434336640322852, 0.01256936270388431, 0.015680174878089793, 0.01580628888515218, 0.018118379014629225, 0.02358331932066588, 0.0]]}