{"counts": [[0.0, 0.01799226500756684, 0.018622835042878764, 0.011182108626198083, 0.011224146628552211, 0.010635614595594417, 0.009963006557928367, 0.008197410459054985, 0.008197410459054985, 0.0070623843954935265, 0.00718849840255591, 0.007861106440221961, 0.006389776357827476, 0.007524802421388936], [0.01799226500756684, 0.0, 0.018328569026399864, 0.01307381873213385, 0.011518412645031109, 0.010089120564990752, 0.01034134857911552, 0.007608878426097192, 0.008197410459054985, 0.00718849840255591, 0.007356650411972423, 0.0070623843954935265, 0.007398688414326551, 0.006852194383722886], [0.018622835042878764, 0.018328569026399864, 0.0, 0.013830502774508155, 0.011812678661510005, 0.010761728602656801, 0.008912056499075165, 0.008323524466117371, 0.008954094501429291, 0.007398688414326551, 0.007020346393139398, 0.00651589036488986, 0.006137548343702707, 0.005506978308390785], [0.011182108626198083, 0.01307381873213385, 0.013830502774508155, 0.0, 0.014881452833361359, 0.011896754666218262, 0.010509500588532034, 0.009626702539095342, 0.008912056499075165, 0.010467462586177905, 0.008701866487304524, 0.009374474524970573, 0.00765091642845132, 0.008365562468471498], [0.011224146628552211, 0.011518412645031109, 0.011812678661510005, 0.014881452833361359, 0.0, 0.013788464772154027, 0.011812678661510005, 0.010971918614427442, 0.010299310576761393, 0.009584664536741214, 0.009332436522616444, 0.008827980494366908, 0.007482764419034807, 0.008701866487304524], [0.010635614595594417, 0.010089120564990752, 0.010761728602656801, 0.011896754666218262, 0.013788464772154027, 0.0, 0.012947704725071464, 0.011224146628552211, 0.011686564654447621, 0.010425424583823777, 0.009374474524970573, 0.008870018496721036, 0.010257272574407264, 0.009374474524970573], [0.009963006557928367, 0.01034134857911552, 0.008912056499075165, 0.010509500588532034, 0.011812678661510005, 0.012947704725071464, 0.0, 0.012191020682697158, 0.012779552715654952, 0.010929880612073315, 0.011055994619135699, 0.010719690600302674, 0.01080376660501093, 0.010467462586177905], [0.008197410459054985, 0.007608878426097192, 0.008323524466117371, 0.009626702539095342, 0.010971918614427442, 0.011224146628552211, 0.012191020682697158, 0.0, 0.01530183285690264, 0.01328400874390449, 0.011854716663864133, 0.01307381873213385, 0.011224146628552211, 0.01256936270388431], [0.008197410459054985, 0.008197410459054985, 0.008954094501429291, 0.008912056499075165, 0.010299310576761393, 0.011686564654447621, 0.012779552715654952, 0.01530183285690264, 0.0, 0.012527324701530184, 0.01303178072977972, 0.012695476710946696, 0.010971918614427442, 0.011560450647385236], [0.0070623843954935265, 0.00718849840255591, 0.007398688414326551, 0.010467462586177905, 0.009584664536741214, 0.010425424583823777, 0.010929880612073315, 0.01328400874390449, 0.012527324701530184, 0.0, 0.015091642845132, 0.014419034807465949, 0.015217756852194383, 0.014419034807465949], [0.00718849840255591, 0.007356650411972423, 0.007020346393139398, 0.008701866487304524, 0.009332436522616444, 0.009374474524970573, 0.011055994619135699, 0.011854716663864133, 0.01303178072977972, 0.015091642845132, 0.0, 0.016268706911047585, 0.015007566840423743, 0.017025390953421895], [0.007861106440221961, 0.0070623843954935265, 0.00651589036488986, 0.009374474524970573, 0.008827980494366908, 0.008870018496721036, 0.010719690600302674, 0.01307381873213385, 0.012695476710946696, 0.014419034807465949, 0.016268706911047585, 0.0, 0.016268706911047585, 0.016058516899276946], [0.006389776357827476, 0.007398688414326551, 0.006137548343702707, 0.00765091642845132, 0.007482764419034807, 0.010257272574407264, 0.01080376660501093, 0.011224146628552211, 0.010971918614427442, 0.015217756852194383, 0.015007566840423743, 0.016268706911047585, 0.0, 0.02560114343366403], [0.007524802421388936, 0.006852194383722886, 0.005506978308390785, 0.008365562468471498, 0.008701866487304524, 0.009374474524970573, 0.010467462586177905, 0.01256936270388431, 0.011560450647385236, 0.014419034807465949, 0.017025390953421895, 0.016058516899276946, 0.02560114343366403, 0.0]], "sysname": ["SOURCE", "UFC", "IITB", "SJTU", "IPN", "RAC", "PKU", "AMU", "UMC", "NTHU", "POST", "CUUI", "NUCLEA", "CAMB"]}