{"sysname": ["IITB", "SJTU", "PKU", "RAC", "IPN", "UFC", "JMGR", "AMU", "src", "UMC", "NTHU", "CUUI", "NUCLEA", "POST", "CAMB"], "counts": [[0.0, 0.019602768971986803, 0.010804166397101637, 0.009380863039399626, 0.009574949860904444, 0.008539820146212072, 0.009057385003558259, 0.008410428931875526, 0.008798602574885165, 0.008669211360548618, 0.008539820146212072, 0.008345733324707252, 0.00711651678851006, 0.0075046904315197, 0.007051821181341787], [0.019602768971986803, 0.0, 0.012162774147635376, 0.008798602574885165, 0.010545383968428544, 0.0075046904315197, 0.008539820146212072, 0.010610079575596816, 0.008410428931875526, 0.008539820146212072, 0.007957559681697613, 0.007634081645856246, 0.009057385003558259, 0.0069224299670052405, 0.00731060361001488], [0.010804166397101637, 0.012162774147635376, 0.0, 0.010545383968428544, 0.009186776217894805, 0.009380863039399626, 0.010998253218606457, 0.009186776217894805, 0.009574949860904444, 0.00989842789674581, 0.008086950896034159, 0.0073752992171831535, 0.008992689396389985, 0.007439994824351427, 0.0075046904315197], [0.009380863039399626, 0.008798602574885165, 0.010545383968428544, 0.0, 0.011580513683120916, 0.009445558646567898, 0.008410428931875526, 0.009833732289577537, 0.01028660153975545, 0.008927993789221713, 0.010157210325418903, 0.00731060361001488, 0.009251471825063078, 0.007957559681697613, 0.008863298182053439], [0.009574949860904444, 0.010545383968428544, 0.009186776217894805, 0.011580513683120916, 0.0, 0.010998253218606457, 0.0084751245390438, 0.008345733324707252, 0.008927993789221713, 0.008539820146212072, 0.008992689396389985, 0.008410428931875526, 0.008992689396389985, 0.008604515753380346, 0.009639645468072718], [0.008539820146212072, 0.0075046904315197, 0.009380863039399626, 0.009445558646567898, 0.010998253218606457, 0.0, 0.010610079575596816, 0.009574949860904444, 0.008086950896034159, 0.008927993789221713, 0.009057385003558259, 0.008669211360548618, 0.006857734359836967, 0.008604515753380346, 0.010027819111082357], [0.009057385003558259, 0.008539820146212072, 0.010998253218606457, 0.008410428931875526, 0.0084751245390438, 0.010610079575596816, 0.0, 0.01048068836126027, 0.008733906967716892, 0.009769036682409265, 0.009380863039399626, 0.008669211360548618, 0.009057385003558259, 0.00989842789674581, 0.010351297146923724], [0.008410428931875526, 0.010610079575596816, 0.009186776217894805, 0.009833732289577537, 0.008345733324707252, 0.009574949860904444, 0.01048068836126027, 0.0, 0.01048068836126027, 0.010027819111082357, 0.010739470789933363, 0.008604515753380346, 0.008669211360548618, 0.008669211360548618, 0.008539820146212072], [0.008798602574885165, 0.008410428931875526, 0.009574949860904444, 0.01028660153975545, 0.008927993789221713, 0.008086950896034159, 0.008733906967716892, 0.01048068836126027, 0.0, 0.009963123503914085, 0.008733906967716892, 0.009510254253736172, 0.00970434107524099, 0.007245908002846606, 0.008604515753380346], [0.008669211360548618, 0.008539820146212072, 0.00989842789674581, 0.008927993789221713, 0.008539820146212072, 0.008927993789221713, 0.009769036682409265, 0.010027819111082357, 0.009963123503914085, 0.0, 0.010415992754091998, 0.01028660153975545, 0.01048068836126027, 0.010351297146923724, 0.010092514718250631], [0.008539820146212072, 0.007957559681697613, 0.008086950896034159, 0.010157210325418903, 0.008992689396389985, 0.009057385003558259, 0.009380863039399626, 0.010739470789933363, 0.008733906967716892, 0.010415992754091998, 0.0, 0.01125703564727955, 0.009510254253736172, 0.010351297146923724, 0.01106294882577473], [0.008345733324707252, 0.007634081645856246, 0.0073752992171831535, 0.00731060361001488, 0.008410428931875526, 0.008669211360548618, 0.008669211360548618, 0.008604515753380346, 0.009510254253736172, 0.01028660153975545, 0.01125703564727955, 0.0, 0.013262599469496022, 0.014297729184188394, 0.012356860969140196], [0.00711651678851006, 0.009057385003558259, 0.008992689396389985, 0.009251471825063078, 0.008992689396389985, 0.006857734359836967, 0.009057385003558259, 0.008669211360548618, 0.00970434107524099, 0.01048068836126027, 0.009510254253736172, 0.013262599469496022, 0.0, 0.014103642362683574, 0.014168337969851848], [0.0075046904315197, 0.0069224299670052405, 0.007439994824351427, 0.007957559681697613, 0.008604515753380346, 0.008604515753380346, 0.00989842789674581, 0.008669211360548618, 0.007245908002846606, 0.010351297146923724, 0.010351297146923724, 0.014297729184188394, 0.014103642362683574, 0.0, 0.016238597399236592], [0.007051821181341787, 0.00731060361001488, 0.0075046904315197, 0.008863298182053439, 0.009639645468072718, 0.010027819111082357, 0.010351297146923724, 0.008539820146212072, 0.008604515753380346, 0.010092514718250631, 0.01106294882577473, 0.012356860969140196, 0.014168337969851848, 0.016238597399236592, 0.0]]}