{"counts": [[0.0, 0.018370607028753993, 0.017151504960484277, 0.011602488649739364, 0.01256936270388431, 0.009794854548511854, 0.0097107785438036, 0.009038170506137548, 0.00924836051790819, 0.006810156381368757, 0.006852194383722886, 0.007146460400201783, 0.007566840423743064, 0.006473852362535732], [0.018370607028753993, 0.0, 0.016689086934588867, 0.012485286699176056, 0.01256936270388431, 0.010887842609719187, 0.010845804607365058, 0.008029258449638473, 0.007692954430805448, 0.0070623843954935265, 0.00718849840255591, 0.006936270388431142, 0.006894232386077013, 0.007356650411972423], [0.017151504960484277, 0.016689086934588867, 0.0, 0.013956616781570539, 0.01080376660501093, 0.010719690600302674, 0.01034134857911552, 0.009626702539095342, 0.007987220447284345, 0.007314612409618295, 0.008407600470825626, 0.007146460400201783, 0.006810156381368757, 0.006852194383722886], [0.011602488649739364, 0.012485286699176056, 0.013956616781570539, 0.0, 0.013956616781570539, 0.011854716663864133, 0.011434336640322852, 0.010593576593240289, 0.010257272574407264, 0.008701866487304524, 0.009836892550865983, 0.007945182444930216, 0.007104422397847654, 0.008029258449638473], [0.01256936270388431, 0.01256936270388431, 0.01080376660501093, 0.013956616781570539, 0.0, 0.012905666722717337, 0.01307381873213385, 0.010383386581469648, 0.010761728602656801, 0.009794854548511854, 0.008870018496721036, 0.008323524466117371, 0.00790314444257609, 0.00811333445434673], [0.009794854548511854, 0.010887842609719187, 0.010719690600302674, 0.011854716663864133, 0.012905666722717337, 0.0, 0.013157894736842105, 0.012653438708592568, 0.011098032621489827, 0.009626702539095342, 0.010215234572053136, 0.009374474524970573, 0.009500588532032958, 0.009963006557928367], [0.0097107785438036, 0.010845804607365058, 0.01034134857911552, 0.011434336640322852, 0.01307381873213385, 0.013157894736842105, 0.0, 0.011434336640322852, 0.010971918614427442, 0.010677652597948546, 0.009416512527324701, 0.010299310576761393, 0.010257272574407264, 0.010719690600302674], [0.009038170506137548, 0.008029258449638473, 0.009626702539095342, 0.010593576593240289, 0.010383386581469648, 0.012653438708592568, 0.011434336640322852, 0.0, 0.015133680847486128, 0.01214898268034303, 0.011644526652093493, 0.01101395661678157, 0.01147637464267698, 0.012191020682697158], [0.00924836051790819, 0.007692954430805448, 0.007987220447284345, 0.010257272574407264, 0.010761728602656801, 0.011098032621489827, 0.010971918614427442, 0.015133680847486128, 0.0, 0.011896754666218262, 0.012947704725071464, 0.012779552715654952, 0.012317134689759543, 0.012695476710946696], [0.006810156381368757, 0.0070623843954935265, 0.007314612409618295, 0.008701866487304524, 0.009794854548511854, 0.009626702539095342, 0.010677652597948546, 0.01214898268034303, 0.011896754666218262, 0.0, 0.016100554901631075, 0.015890364889860432, 0.014797376828653102, 0.01593240289221456], [0.006852194383722886, 0.00718849840255591, 0.008407600470825626, 0.009836892550865983, 0.008870018496721036, 0.010215234572053136, 0.009416512527324701, 0.011644526652093493, 0.012947704725071464, 0.016100554901631075, 0.0, 0.016478896922818228, 0.015343870859256769, 0.014797376828653102], [0.007146460400201783, 0.006936270388431142, 0.007146460400201783, 0.007945182444930216, 0.008323524466117371, 0.009374474524970573, 0.010299310576761393, 0.01101395661678157, 0.012779552715654952, 0.015890364889860432, 0.016478896922818228, 0.0, 0.01752984698167143, 0.01706742895577602], [0.007566840423743064, 0.006894232386077013, 0.006810156381368757, 0.007104422397847654, 0.00790314444257609, 0.009500588532032958, 0.010257272574407264, 0.01147637464267698, 0.012317134689759543, 0.014797376828653102, 0.015343870859256769, 0.01752984698167143, 0.0, 0.023667395325374138], [0.006473852362535732, 0.007356650411972423, 0.006852194383722886, 0.008029258449638473, 0.00811333445434673, 0.009963006557928367, 0.010719690600302674, 0.012191020682697158, 0.012695476710946696, 0.01593240289221456, 0.014797376828653102, 0.01706742895577602, 0.023667395325374138, 0.0]], "sysname": ["SOURCE", "UFC", "IITB", "SJTU", "IPN", "RAC", "PKU", "AMU", "UMC", "NTHU", "POST", "CUUI", "NUCLEA", "CAMB"]}