{"counts": [[0.0, 0.017726596364106877, 0.013197903862327748, 0.011127644432943003, 0.009445558646567898, 0.008733906967716892, 0.009445558646567898, 0.008345733324707252, 0.008410428931875526, 0.007763472860192793, 0.008151646503202433, 0.00711651678851006, 0.007698777253024519, 0.00672834314550042, 0.007245908002846606], [0.017726596364106877, 0.0, 0.011774600504625737, 0.009769036682409265, 0.009057385003558259, 0.008927993789221713, 0.009445558646567898, 0.008798602574885165, 0.009316167432231352, 0.00828103771753898, 0.007892864074529339, 0.007957559681697613, 0.008604515753380346, 0.00828103771753898, 0.007892864074529339], [0.013197903862327748, 0.011774600504625737, 0.0, 0.009122080610726531, 0.009380863039399626, 0.00970434107524099, 0.010351297146923724, 0.008992689396389985, 0.009510254253736172, 0.00731060361001488, 0.008345733324707252, 0.008539820146212072, 0.007892864074529339, 0.009380863039399626, 0.008022255288865887], [0.011127644432943003, 0.009769036682409265, 0.009122080610726531, 0.0, 0.00989842789674581, 0.010221905932587178, 0.009057385003558259, 0.009833732289577537, 0.009316167432231352, 0.009639645468072718, 0.009122080610726531, 0.008733906967716892, 0.009186776217894805, 0.007439994824351427, 0.008798602574885165], [0.009445558646567898, 0.009057385003558259, 0.009380863039399626, 0.00989842789674581, 0.0, 0.010545383968428544, 0.009574949860904444, 0.009122080610726531, 0.009639645468072718, 0.008410428931875526, 0.009380863039399626, 0.011515818075952642, 0.009380863039399626, 0.009251471825063078, 0.008669211360548618], [0.008733906967716892, 0.008927993789221713, 0.00970434107524099, 0.010221905932587178, 0.010545383968428544, 0.0, 0.009380863039399626, 0.010415992754091998, 0.008733906967716892, 0.009316167432231352, 0.008733906967716892, 0.009639645468072718, 0.01048068836126027, 0.009122080610726531, 0.00828103771753898], [0.009445558646567898, 0.009445558646567898, 0.010351297146923724, 0.009057385003558259, 0.009574949860904444, 0.009380863039399626, 0.0, 0.008863298182053439, 0.009510254253736172, 0.009769036682409265, 0.00828103771753898, 0.008733906967716892, 0.007698777253024519, 0.01067477518276509, 0.009122080610726531], [0.008345733324707252, 0.008798602574885165, 0.008992689396389985, 0.009833732289577537, 0.009122080610726531, 0.010415992754091998, 0.008863298182053439, 0.0, 0.008798602574885165, 0.009057385003558259, 0.009122080610726531, 0.009833732289577537, 0.008539820146212072, 0.008798602574885165, 0.0084751245390438], [0.008410428931875526, 0.009316167432231352, 0.009510254253736172, 0.009316167432231352, 0.009639645468072718, 0.008733906967716892, 0.009510254253736172, 0.008798602574885165, 0.0, 0.009380863039399626, 0.008927993789221713, 0.00970434107524099, 0.008798602574885165, 0.0084751245390438, 0.008022255288865887], [0.007763472860192793, 0.00828103771753898, 0.00731060361001488, 0.009639645468072718, 0.008410428931875526, 0.009316167432231352, 0.009769036682409265, 0.009057385003558259, 0.009380863039399626, 0.0, 0.010415992754091998, 0.010027819111082357, 0.01145112246878437, 0.010545383968428544, 0.013262599469496022], [0.008151646503202433, 0.007892864074529339, 0.008345733324707252, 0.009122080610726531, 0.009380863039399626, 0.008733906967716892, 0.00828103771753898, 0.009122080610726531, 0.008927993789221713, 0.010415992754091998, 0.0, 0.011839296111794009, 0.01067477518276509, 0.010157210325418903, 0.012809730219318109], [0.00711651678851006, 0.007957559681697613, 0.008539820146212072, 0.008733906967716892, 0.011515818075952642, 0.009639645468072718, 0.008733906967716892, 0.009833732289577537, 0.00970434107524099, 0.010027819111082357, 0.011839296111794009, 0.0, 0.01106294882577473, 0.011321731254447824, 0.013068512647991202], [0.007698777253024519, 0.008604515753380346, 0.007892864074529339, 0.009186776217894805, 0.009380863039399626, 0.01048068836126027, 0.007698777253024519, 0.008539820146212072, 0.008798602574885165, 0.01145112246878437, 0.01067477518276509, 0.01106294882577473, 0.0, 0.011968687326130555, 0.013068512647991202], [0.00672834314550042, 0.00828103771753898, 0.009380863039399626, 0.007439994824351427, 0.009251471825063078, 0.009122080610726531, 0.01067477518276509, 0.008798602574885165, 0.0084751245390438, 0.010545383968428544, 0.010157210325418903, 0.011321731254447824, 0.011968687326130555, 0.0, 0.01520346768454422], [0.007245908002846606, 0.007892864074529339, 0.008022255288865887, 0.008798602574885165, 0.008669211360548618, 0.00828103771753898, 0.009122080610726531, 0.0084751245390438, 0.008022255288865887, 0.013262599469496022, 0.012809730219318109, 0.013068512647991202, 0.013068512647991202, 0.01520346768454422, 0.0]], "sysname": ["IITB", "SJTU", "PKU", "RAC", "AMU", "JMGR", "IPN", "UFC", "src", "UMC", "NTHU", "NUCLEA", "CUUI", "POST", "CAMB"]}