{"sysname": ["SOURCE", "UFC", "IITB", "PKU", "RAC", "SJTU", "IPN", "AMU", "UMC", "POST", "NTHU", "CUUI", "NUCLEA", "CAMB"], "counts": [[0.0, 0.014824741404581432, 0.014866619205159345, 0.012312073369906612, 0.012605217973952008, 0.010930105950835461, 0.010804472549101721, 0.009631894132920139, 0.008082415511537334, 0.00837556011558273, 0.008291804514426902, 0.007286737300556975, 0.007077348297667406, 0.00837556011558273], [0.014824741404581432, 0.0, 0.016122953222496756, 0.011851417563549562, 0.012144562167594958, 0.011809539762971649, 0.010595083546212154, 0.009715649734075966, 0.009003727124251435, 0.007998659910381506, 0.0076636375057581975, 0.007412370702290716, 0.0077055153063361114, 0.007244859499979061], [0.014866619205159345, 0.016122953222496756, 0.0, 0.013400896184932367, 0.012018928765861216, 0.010804472549101721, 0.01009254993927719, 0.009213116127141003, 0.0077055153063361114, 0.008584949118472298, 0.007789270907491938, 0.007956782109803592, 0.0077055153063361114, 0.007998659910381506], [0.012312073369906612, 0.011851417563549562, 0.013400896184932367, 0.0, 0.013275262783198627, 0.013442773985510281, 0.01252146237279618, 0.01088822815025755, 0.009506260731186399, 0.009338749528874743, 0.009213116127141003, 0.009254993927718917, 0.008291804514426902, 0.00850119351731647], [0.012605217973952008, 0.012144562167594958, 0.012018928765861216, 0.013275262783198627, 0.0, 0.013065873780309057, 0.01160015076008208, 0.012228317768750786, 0.010260061141588844, 0.009925038736965534, 0.008794338121361866, 0.007496126303446543, 0.008626826919050212, 0.00850119351731647], [0.010930105950835461, 0.011809539762971649, 0.010804472549101721, 0.013442773985510281, 0.013065873780309057, 0.0, 0.011977050965283304, 0.011139494953725031, 0.009548138531764313, 0.009171238326563089, 0.008124293312115248, 0.009213116127141003, 0.008584949118472298, 0.009841283135809707], [0.010804472549101721, 0.010595083546212154, 0.01009254993927719, 0.01252146237279618, 0.01160015076008208, 0.011977050965283304, 0.0, 0.012270195569328698, 0.010427572343900498, 0.009966916537543448, 0.009799405335231794, 0.010511327945056326, 0.009841283135809707, 0.01055320574563424], [0.009631894132920139, 0.009715649734075966, 0.009213116127141003, 0.01088822815025755, 0.012228317768750786, 0.011139494953725031, 0.012270195569328698, 0.0, 0.012688973575107836, 0.01252146237279618, 0.011432639557770427, 0.010134427739855102, 0.009799405335231794, 0.012563340173374094], [0.008082415511537334, 0.009003727124251435, 0.0077055153063361114, 0.009506260731186399, 0.010260061141588844, 0.009548138531764313, 0.010427572343900498, 0.012688973575107836, 0.0, 0.013694040788977763, 0.013568407387244023, 0.013526529586666109, 0.014866619205159345, 0.012312073369906612], [0.00837556011558273, 0.007998659910381506, 0.008584949118472298, 0.009338749528874743, 0.009925038736965534, 0.009171238326563089, 0.009966916537543448, 0.01252146237279618, 0.013694040788977763, 0.0, 0.014322207797646468, 0.013526529586666109, 0.014992252606893085, 0.015076008208048913], [0.008291804514426902, 0.0076636375057581975, 0.007789270907491938, 0.009213116127141003, 0.008794338121361866, 0.008124293312115248, 0.009799405335231794, 0.011432639557770427, 0.013568407387244023, 0.014322207797646468, 0.0, 0.015494786213828049, 0.017044264835210855, 0.015411030612672223], [0.007286737300556975, 0.007412370702290716, 0.007956782109803592, 0.009254993927718917, 0.007496126303446543, 0.009213116127141003, 0.010511327945056326, 0.010134427739855102, 0.013526529586666109, 0.013526529586666109, 0.015494786213828049, 0.0, 0.017881820846769127, 0.018216843251392438], [0.007077348297667406, 0.0077055153063361114, 0.0077055153063361114, 0.008291804514426902, 0.008626826919050212, 0.008584949118472298, 0.009841283135809707, 0.009799405335231794, 0.014866619205159345, 0.014992252606893085, 0.017044264835210855, 0.017881820846769127, 0.0, 0.019221910465262365], [0.00837556011558273, 0.007244859499979061, 0.007998659910381506, 0.00850119351731647, 0.00850119351731647, 0.009841283135809707, 0.01055320574563424, 0.012563340173374094, 0.012312073369906612, 0.015076008208048913, 0.015411030612672223, 0.018216843251392438, 0.019221910465262365, 0.0]]}