{"counts": [[0.0, 0.021284854758361907, 0.011839296111794009, 0.010157210325418903, 0.009122080610726531, 0.007828168467361066, 0.009057385003558259, 0.007957559681697613, 0.009251471825063078, 0.008345733324707252, 0.007181212395678333, 0.0073752992171831535, 0.007957559681697613, 0.006663647538332147, 0.006857734359836967], [0.021284854758361907, 0.0, 0.010092514718250631, 0.010221905932587178, 0.00828103771753898, 0.008798602574885165, 0.009769036682409265, 0.010092514718250631, 0.008086950896034159, 0.007763472860192793, 0.008216342110370705, 0.008022255288865887, 0.007634081645856246, 0.007181212395678333, 0.008863298182053439], [0.011839296111794009, 0.010092514718250631, 0.0, 0.011580513683120916, 0.009510254253736172, 0.008798602574885165, 0.010351297146923724, 0.009963123503914085, 0.00828103771753898, 0.008604515753380346, 0.008927993789221713, 0.008798602574885165, 0.007763472860192793, 0.008927993789221713, 0.007698777253024519], [0.010157210325418903, 0.010221905932587178, 0.011580513683120916, 0.0, 0.008927993789221713, 0.009639645468072718, 0.008604515753380346, 0.010804166397101637, 0.009639645468072718, 0.010157210325418903, 0.009510254253736172, 0.0075046904315197, 0.008151646503202433, 0.007828168467361066, 0.008022255288865887], [0.009122080610726531, 0.00828103771753898, 0.009510254253736172, 0.008927993789221713, 0.0, 0.009574949860904444, 0.010739470789933363, 0.009769036682409265, 0.01048068836126027, 0.009380863039399626, 0.009251471825063078, 0.009510254253736172, 0.008410428931875526, 0.008086950896034159, 0.008992689396389985], [0.007828168467361066, 0.008798602574885165, 0.008798602574885165, 0.009639645468072718, 0.009574949860904444, 0.0, 0.010610079575596816, 0.010092514718250631, 0.010545383968428544, 0.00731060361001488, 0.009316167432231352, 0.007957559681697613, 0.009251471825063078, 0.009057385003558259, 0.007763472860192793], [0.009057385003558259, 0.009769036682409265, 0.010351297146923724, 0.008604515753380346, 0.010739470789933363, 0.010610079575596816, 0.0, 0.009316167432231352, 0.009186776217894805, 0.009639645468072718, 0.009445558646567898, 0.01028660153975545, 0.008022255288865887, 0.008863298182053439, 0.009445558646567898], [0.007957559681697613, 0.010092514718250631, 0.009963123503914085, 0.010804166397101637, 0.009769036682409265, 0.010092514718250631, 0.009316167432231352, 0.0, 0.008992689396389985, 0.00989842789674581, 0.00828103771753898, 0.009445558646567898, 0.008539820146212072, 0.008863298182053439, 0.010933557611438183], [0.009251471825063078, 0.008086950896034159, 0.00828103771753898, 0.009639645468072718, 0.01048068836126027, 0.010545383968428544, 0.009186776217894805, 0.008992689396389985, 0.0, 0.010027819111082357, 0.00970434107524099, 0.006987125574173514, 0.007763472860192793, 0.0075046904315197, 0.009316167432231352], [0.008345733324707252, 0.007763472860192793, 0.008604515753380346, 0.010157210325418903, 0.009380863039399626, 0.00731060361001488, 0.009639645468072718, 0.00989842789674581, 0.010027819111082357, 0.0, 0.011839296111794009, 0.010998253218606457, 0.01028660153975545, 0.01028660153975545, 0.010092514718250631], [0.007181212395678333, 0.008216342110370705, 0.008927993789221713, 0.009510254253736172, 0.009251471825063078, 0.009316167432231352, 0.009445558646567898, 0.00828103771753898, 0.00970434107524099, 0.011839296111794009, 0.0, 0.011321731254447824, 0.010804166397101637, 0.010351297146923724, 0.01028660153975545], [0.0073752992171831535, 0.008022255288865887, 0.008798602574885165, 0.0075046904315197, 0.009510254253736172, 0.007957559681697613, 0.01028660153975545, 0.009445558646567898, 0.006987125574173514, 0.010998253218606457, 0.011321731254447824, 0.0, 0.013521381898169114, 0.012680339004981563, 0.011774600504625737], [0.007957559681697613, 0.007634081645856246, 0.007763472860192793, 0.008151646503202433, 0.008410428931875526, 0.009251471825063078, 0.008022255288865887, 0.008539820146212072, 0.007763472860192793, 0.01028660153975545, 0.010804166397101637, 0.013521381898169114, 0.0, 0.015138772077375946, 0.016303293006404866], [0.006663647538332147, 0.007181212395678333, 0.008927993789221713, 0.007828168467361066, 0.008086950896034159, 0.009057385003558259, 0.008863298182053439, 0.008863298182053439, 0.0075046904315197, 0.01028660153975545, 0.010351297146923724, 0.012680339004981563, 0.015138772077375946, 0.0, 0.01585042375622695], [0.006857734359836967, 0.008863298182053439, 0.007698777253024519, 0.008022255288865887, 0.008992689396389985, 0.007763472860192793, 0.009445558646567898, 0.010933557611438183, 0.009316167432231352, 0.010092514718250631, 0.01028660153975545, 0.011774600504625737, 0.016303293006404866, 0.01585042375622695, 0.0]], "sysname": ["IITB", "SJTU", "PKU", "RAC", "IPN", "UFC", "AMU", "JMGR", "src", "NTHU", "UMC", "CUUI", "NUCLEA", "POST", "CAMB"]}