{"sysname": ["SOURCE", "UFC", "IITB", "SJTU", "IPN", "RAC", "PKU", "AMU", "UMC", "NTHU", "POST", "CUUI", "NUCLEA", "CAMB"], "counts": [[0.0, 0.016709242430587544, 0.017923698647347042, 0.013023995979731145, 0.011432639557770427, 0.01055320574563424, 0.010050672138699276, 0.008333682315004816, 0.008626826919050212, 0.0075798819046023706, 0.00745424850286863, 0.007370492901712802, 0.0066166924913103565, 0.0066585702918882704], [0.016709242430587544, 0.0, 0.017379287239834163, 0.013610285187821935, 0.010260061141588844, 0.011265128355458771, 0.010636961346790066, 0.008878093722517693, 0.008543071317894384, 0.008333682315004816, 0.008166171112693162, 0.00619791448553122, 0.0066585702918882704, 0.006532936890154529], [0.017923698647347042, 0.017379287239834163, 0.0, 0.013107751580886971, 0.011977050965283304, 0.010385694543322584, 0.01009254993927719, 0.00850119351731647, 0.00837556011558273, 0.007789270907491938, 0.007202981699401147, 0.005779136479752083, 0.007538004104024457, 0.007244859499979061], [0.013023995979731145, 0.013610285187821935, 0.013107751580886971, 0.0, 0.013568407387244023, 0.013484651786088195, 0.011893295364127476, 0.010134427739855102, 0.009045604924829347, 0.009213116127141003, 0.007956782109803592, 0.008417437916160644, 0.006826081494199924, 0.0076636375057581975], [0.011432639557770427, 0.010260061141588844, 0.011977050965283304, 0.013568407387244023, 0.0, 0.013233384982620713, 0.014029063193601072, 0.011055739352569203, 0.00988316093638762, 0.009841283135809707, 0.00837556011558273, 0.009590016332342225, 0.008249926713848988, 0.00883621592193978], [0.01055320574563424, 0.011265128355458771, 0.010385694543322584, 0.013484651786088195, 0.013233384982620713, 0.0, 0.013317140583776541, 0.011683906361237908, 0.01160015076008208, 0.009129360525985175, 0.009966916537543448, 0.009087482725407261, 0.008584949118472298, 0.008961849323673521], [0.010050672138699276, 0.010636961346790066, 0.01009254993927719, 0.011893295364127476, 0.014029063193601072, 0.013317140583776541, 0.0, 0.011432639557770427, 0.011893295364127476, 0.009799405335231794, 0.009129360525985175, 0.01021818334101093, 0.009715649734075966, 0.010511327945056326], [0.008333682315004816, 0.008878093722517693, 0.00850119351731647, 0.010134427739855102, 0.011055739352569203, 0.011683906361237908, 0.011432639557770427, 0.0, 0.014070940994178986, 0.012898362577997403, 0.012144562167594958, 0.012018928765861216, 0.01088822815025755, 0.013107751580886971], [0.008626826919050212, 0.008543071317894384, 0.00837556011558273, 0.009045604924829347, 0.00988316093638762, 0.01160015076008208, 0.011893295364127476, 0.014070940994178986, 0.0, 0.01239582897106244, 0.013149629381464885, 0.012688973575107836, 0.011767661962393735, 0.013233384982620713], [0.0075798819046023706, 0.008333682315004816, 0.007789270907491938, 0.009213116127141003, 0.009841283135809707, 0.009129360525985175, 0.009799405335231794, 0.012898362577997403, 0.01239582897106244, 0.0, 0.014950374806315172, 0.014447841199380208, 0.01608107542191884, 0.01469910800284769], [0.00745424850286863, 0.008166171112693162, 0.007202981699401147, 0.007956782109803592, 0.00837556011558273, 0.009966916537543448, 0.009129360525985175, 0.012144562167594958, 0.013149629381464885, 0.014950374806315172, 0.0, 0.0159554420201851, 0.017169898236944595, 0.016374220025964236], [0.007370492901712802, 0.00619791448553122, 0.005779136479752083, 0.008417437916160644, 0.009590016332342225, 0.009087482725407261, 0.01021818334101093, 0.012018928765861216, 0.012688973575107836, 0.014447841199380208, 0.0159554420201851, 0.0, 0.01825872105197035, 0.017714309644457474], [0.0066166924913103565, 0.0066585702918882704, 0.007538004104024457, 0.006826081494199924, 0.008249926713848988, 0.008584949118472298, 0.009715649734075966, 0.01088822815025755, 0.011767661962393735, 0.01608107542191884, 0.017169898236944595, 0.01825872105197035, 0.0, 0.022865279115540853], [0.0066585702918882704, 0.006532936890154529, 0.007244859499979061, 0.0076636375057581975, 0.00883621592193978, 0.008961849323673521, 0.010511327945056326, 0.013107751580886971, 0.013233384982620713, 0.01469910800284769, 0.016374220025964236, 0.017714309644457474, 0.022865279115540853, 0.0]]}