{"counts": [[0.0, 0.01799226500756684, 0.017193542962838405, 0.012863628720363209, 0.010677652597948546, 0.010677652597948546, 0.009878930553220111, 0.008827980494366908, 0.007734992433159576, 0.007777030435513704, 0.007524802421388936, 0.007356650411972423, 0.006894232386077013, 0.007356650411972423], [0.01799226500756684, 0.0, 0.017697998991087944, 0.013115856734487978, 0.012106944677988903, 0.010845804607365058, 0.009963006557928367, 0.008197410459054985, 0.007692954430805448, 0.008071296451992602, 0.006557928367243989, 0.006389776357827476, 0.007356650411972423, 0.007104422397847654], [0.017193542962838405, 0.017697998991087944, 0.0, 0.01328400874390449, 0.011644526652093493, 0.010761728602656801, 0.01013115856734488, 0.008281486463763242, 0.008827980494366908, 0.007272574407264167, 0.006557928367243989, 0.007524802421388936, 0.00765091642845132, 0.006431814360181604], [0.012863628720363209, 0.013115856734487978, 0.01328400874390449, 0.0, 0.01307381873213385, 0.01282159071800908, 0.011140070623843954, 0.010089120564990752, 0.009878930553220111, 0.0074407264166806795, 0.008449638473179755, 0.007987220447284345, 0.008407600470825626, 0.00874390448965865], [0.010677652597948546, 0.012106944677988903, 0.011644526652093493, 0.01307381873213385, 0.0, 0.013746426769799898, 0.013704388767445772, 0.011518412645031109, 0.010215234572053136, 0.00992096855557424, 0.009374474524970573, 0.008071296451992602, 0.007945182444930216, 0.008870018496721036], [0.010677652597948546, 0.010845804607365058, 0.010761728602656801, 0.01282159071800908, 0.013746426769799898, 0.0, 0.014334958802757694, 0.01055153859088616, 0.010887842609719187, 0.009374474524970573, 0.010089120564990752, 0.008407600470825626, 0.009542626534387085, 0.008912056499075165], [0.009878930553220111, 0.009963006557928367, 0.01013115856734488, 0.011140070623843954, 0.013704388767445772, 0.014334958802757694, 0.0, 0.011812678661510005, 0.012191020682697158, 0.010173196569699007, 0.010593576593240289, 0.009374474524970573, 0.010005044560282495, 0.009584664536741214], [0.008827980494366908, 0.008197410459054985, 0.008281486463763242, 0.010089120564990752, 0.011518412645031109, 0.01055153859088616, 0.011812678661510005, 0.0, 0.015427946863965024, 0.012863628720363209, 0.012191020682697158, 0.012443248696821927, 0.011224146628552211, 0.011602488649739364], [0.007734992433159576, 0.007692954430805448, 0.008827980494366908, 0.009878930553220111, 0.010215234572053136, 0.010887842609719187, 0.012191020682697158, 0.015427946863965024, 0.0, 0.014082730788632924, 0.013620312762737515, 0.011602488649739364, 0.01126618463090634, 0.012275096687405415], [0.007777030435513704, 0.008071296451992602, 0.007272574407264167, 0.0074407264166806795, 0.00992096855557424, 0.009374474524970573, 0.010173196569699007, 0.012863628720363209, 0.014082730788632924, 0.0, 0.014881452833361359, 0.01622666890869346, 0.014797376828653102, 0.01416680679334118], [0.007524802421388936, 0.006557928367243989, 0.006557928367243989, 0.008449638473179755, 0.009374474524970573, 0.010089120564990752, 0.010593576593240289, 0.012191020682697158, 0.013620312762737515, 0.014881452833361359, 0.0, 0.01782411299815033, 0.014587186816882461, 0.016268706911047585], [0.007356650411972423, 0.006389776357827476, 0.007524802421388936, 0.007987220447284345, 0.008071296451992602, 0.008407600470825626, 0.009374474524970573, 0.012443248696821927, 0.011602488649739364, 0.01622666890869346, 0.01782411299815033, 0.0, 0.016562972927526485, 0.0174878089793173], [0.006894232386077013, 0.007356650411972423, 0.00765091642845132, 0.008407600470825626, 0.007945182444930216, 0.009542626534387085, 0.010005044560282495, 0.011224146628552211, 0.01126618463090634, 0.014797376828653102, 0.014587186816882461, 0.016562972927526485, 0.0, 0.02513872540776862], [0.007356650411972423, 0.007104422397847654, 0.006431814360181604, 0.00874390448965865, 0.008870018496721036, 0.008912056499075165, 0.009584664536741214, 0.011602488649739364, 0.012275096687405415, 0.01416680679334118, 0.016268706911047585, 0.0174878089793173, 0.02513872540776862, 0.0]], "sysname": ["SOURCE", "UFC", "IITB", "SJTU", "IPN", "RAC", "PKU", "AMU", "UMC", "NTHU", "POST", "CUUI", "NUCLEA", "CAMB"]}