{"sysname": ["SOURCE", "UFC", "IITB", "SJTU", "IPN", "RAC", "PKU", "AMU", "UMC", "NTHU", "POST", "CUUI", "NUCLEA", "CAMB"], "counts": [[0.0, 0.018091209849658695, 0.018216843251392438, 0.012353951170484526, 0.01206080656643913, 0.010930105950835461, 0.010762594748523808, 0.007328615101134889, 0.008459315716738558, 0.006951714895933665, 0.006993592696511579, 0.0075798819046023706, 0.00619791448553122, 0.006574814690732443], [0.018091209849658695, 0.0, 0.017923698647347042, 0.013065873780309057, 0.011265128355458771, 0.010930105950835461, 0.009715649734075966, 0.008752460320783952, 0.009087482725407261, 0.0077055153063361114, 0.0066585702918882704, 0.0066585702918882704, 0.0066585702918882704, 0.006784203693622011], [0.018216843251392438, 0.017923698647347042, 0.0, 0.013484651786088195, 0.011851417563549562, 0.00975752753465388, 0.009213116127141003, 0.009548138531764313, 0.00804053771095942, 0.006742325893044097, 0.00745424850286863, 0.00745424850286863, 0.007328615101134889, 0.00619791448553122], [0.012353951170484526, 0.013065873780309057, 0.013484651786088195, 0.0, 0.014950374806315172, 0.01273085137568575, 0.01088822815025755, 0.009673771933498053, 0.009464382930608485, 0.009171238326563089, 0.008417437916160644, 0.008249926713848988, 0.0076636375057581975, 0.00791490430922568], [0.01206080656643913, 0.011265128355458771, 0.011851417563549562, 0.014950374806315172, 0.0, 0.013442773985510281, 0.011516395158926253, 0.010385694543322584, 0.009631894132920139, 0.010134427739855102, 0.009799405335231794, 0.008584949118472298, 0.008291804514426902, 0.008249926713848988], [0.010930105950835461, 0.010930105950835461, 0.00975752753465388, 0.01273085137568575, 0.013442773985510281, 0.0, 0.012353951170484526, 0.011642028560659995, 0.011097617153147117, 0.009673771933498053, 0.01009254993927719, 0.009715649734075966, 0.009715649734075966, 0.009464382930608485], [0.010762594748523808, 0.009715649734075966, 0.009213116127141003, 0.01088822815025755, 0.011516395158926253, 0.012353951170484526, 0.0, 0.012479584572218268, 0.01273085137568575, 0.01160015076008208, 0.010636961346790066, 0.010343816742744672, 0.00975752753465388, 0.010427572343900498], [0.007328615101134889, 0.008752460320783952, 0.009548138531764313, 0.009673771933498053, 0.010385694543322584, 0.011642028560659995, 0.012479584572218268, 0.0, 0.013317140583776541, 0.014196574395912726, 0.011474517358348339, 0.011307006156036685, 0.012186439968172872, 0.013191507182042799], [0.008459315716738558, 0.009087482725407261, 0.00804053771095942, 0.009464382930608485, 0.009631894132920139, 0.011097617153147117, 0.01273085137568575, 0.013317140583776541, 0.0, 0.013233384982620713, 0.012312073369906612, 0.012102684367017044, 0.01285648477741949, 0.012353951170484526], [0.006951714895933665, 0.0077055153063361114, 0.006742325893044097, 0.009171238326563089, 0.010134427739855102, 0.009673771933498053, 0.01160015076008208, 0.014196574395912726, 0.013233384982620713, 0.0, 0.014070940994178986, 0.015662297416139705, 0.013987185393023158, 0.014029063193601072], [0.006993592696511579, 0.0066585702918882704, 0.00745424850286863, 0.008417437916160644, 0.009799405335231794, 0.01009254993927719, 0.010636961346790066, 0.011474517358348339, 0.012312073369906612, 0.014070940994178986, 0.0, 0.01620670882365258, 0.016709242430587544, 0.01742116504041208], [0.0075798819046023706, 0.0066585702918882704, 0.00745424850286863, 0.008249926713848988, 0.008584949118472298, 0.009715649734075966, 0.010343816742744672, 0.011307006156036685, 0.012102684367017044, 0.015662297416139705, 0.01620670882365258, 0.0, 0.016290464424808408, 0.01800745424850287], [0.00619791448553122, 0.0066585702918882704, 0.007328615101134889, 0.0076636375057581975, 0.008291804514426902, 0.009715649734075966, 0.00975752753465388, 0.012186439968172872, 0.01285648477741949, 0.013987185393023158, 0.016709242430587544, 0.016290464424808408, 0.0, 0.02340969052305373], [0.006574814690732443, 0.006784203693622011, 0.00619791448553122, 0.00791490430922568, 0.008249926713848988, 0.009464382930608485, 0.010427572343900498, 0.013191507182042799, 0.012353951170484526, 0.014029063193601072, 0.01742116504041208, 0.01800745424850287, 0.02340969052305373, 0.0]]}