{"counts": [[0.0, 0.02212589765154946, 0.01086886200426991, 0.009445558646567898, 0.009769036682409265, 0.008992689396389985, 0.008086950896034159, 0.008669211360548618, 0.007892864074529339, 0.00828103771753898, 0.008539820146212072, 0.006857734359836967, 0.0075046904315197, 0.006987125574173514, 0.006534256323995601], [0.02212589765154946, 0.0, 0.01067477518276509, 0.01086886200426991, 0.009445558646567898, 0.007763472860192793, 0.008539820146212072, 0.008345733324707252, 0.009639645468072718, 0.007828168467361066, 0.008733906967716892, 0.007698777253024519, 0.006663647538332147, 0.008410428931875526, 0.006987125574173514], [0.01086886200426991, 0.01067477518276509, 0.0, 0.011515818075952642, 0.010221905932587178, 0.009445558646567898, 0.00970434107524099, 0.009122080610726531, 0.009186776217894805, 0.007763472860192793, 0.008410428931875526, 0.009445558646567898, 0.0075046904315197, 0.007698777253024519, 0.009186776217894805], [0.009445558646567898, 0.01086886200426991, 0.011515818075952642, 0.0, 0.011645209290289189, 0.009510254253736172, 0.009251471825063078, 0.007634081645856246, 0.009510254253736172, 0.0075046904315197, 0.008798602574885165, 0.009510254253736172, 0.009510254253736172, 0.00711651678851006, 0.008410428931875526], [0.009769036682409265, 0.009445558646567898, 0.010221905932587178, 0.011645209290289189, 0.0, 0.008863298182053439, 0.00970434107524099, 0.010415992754091998, 0.009380863039399626, 0.009510254253736172, 0.010092514718250631, 0.0075046904315197, 0.008604515753380346, 0.007439994824351427, 0.008539820146212072], [0.008992689396389985, 0.007763472860192793, 0.009445558646567898, 0.009510254253736172, 0.008863298182053439, 0.0, 0.008992689396389985, 0.009769036682409265, 0.01086886200426991, 0.00828103771753898, 0.008539820146212072, 0.009122080610726531, 0.007957559681697613, 0.009057385003558259, 0.009316167432231352], [0.008086950896034159, 0.008539820146212072, 0.00970434107524099, 0.009251471825063078, 0.00970434107524099, 0.008992689396389985, 0.0, 0.009251471825063078, 0.010027819111082357, 0.009574949860904444, 0.008151646503202433, 0.008798602574885165, 0.008086950896034159, 0.009510254253736172, 0.008992689396389985], [0.008669211360548618, 0.008345733324707252, 0.009122080610726531, 0.007634081645856246, 0.010415992754091998, 0.009769036682409265, 0.009251471825063078, 0.0, 0.009639645468072718, 0.011645209290289189, 0.010804166397101637, 0.008604515753380346, 0.009445558646567898, 0.008927993789221713, 0.009769036682409265], [0.007892864074529339, 0.009639645468072718, 0.009186776217894805, 0.009510254253736172, 0.009380863039399626, 0.01086886200426991, 0.010027819111082357, 0.009639645468072718, 0.0, 0.00970434107524099, 0.00970434107524099, 0.009639645468072718, 0.010027819111082357, 0.008669211360548618, 0.008604515753380346], [0.00828103771753898, 0.007828168467361066, 0.007763472860192793, 0.0075046904315197, 0.009510254253736172, 0.00828103771753898, 0.009574949860904444, 0.011645209290289189, 0.00970434107524099, 0.0, 0.011709904897457463, 0.009833732289577537, 0.01145112246878437, 0.010092514718250631, 0.011580513683120916], [0.008539820146212072, 0.008733906967716892, 0.008410428931875526, 0.008798602574885165, 0.010092514718250631, 0.008539820146212072, 0.008151646503202433, 0.010804166397101637, 0.00970434107524099, 0.011709904897457463, 0.0, 0.011968687326130555, 0.009833732289577537, 0.009316167432231352, 0.01086886200426991], [0.006857734359836967, 0.007698777253024519, 0.009445558646567898, 0.009510254253736172, 0.0075046904315197, 0.009122080610726531, 0.008798602574885165, 0.008604515753380346, 0.009639645468072718, 0.009833732289577537, 0.011968687326130555, 0.0, 0.011709904897457463, 0.013262599469496022, 0.012550947790645015], [0.0075046904315197, 0.006663647538332147, 0.0075046904315197, 0.009510254253736172, 0.008604515753380346, 0.007957559681697613, 0.008086950896034159, 0.009445558646567898, 0.010027819111082357, 0.01145112246878437, 0.009833732289577537, 0.011709904897457463, 0.0, 0.015526945720385587, 0.015591641327553859], [0.006987125574173514, 0.008410428931875526, 0.007698777253024519, 0.00711651678851006, 0.007439994824351427, 0.009057385003558259, 0.009510254253736172, 0.008927993789221713, 0.008669211360548618, 0.010092514718250631, 0.009316167432231352, 0.013262599469496022, 0.015526945720385587, 0.0, 0.015397554506049039], [0.006534256323995601, 0.006987125574173514, 0.009186776217894805, 0.008410428931875526, 0.008539820146212072, 0.009316167432231352, 0.008992689396389985, 0.009769036682409265, 0.008604515753380346, 0.011580513683120916, 0.01086886200426991, 0.012550947790645015, 0.015591641327553859, 0.015397554506049039, 0.0]], "sysname": ["IITB", "SJTU", "PKU", "IPN", "RAC", "UFC", "src", "JMGR", "AMU", "UMC", "NTHU", "CUUI", "NUCLEA", "POST", "CAMB"]}