{"counts": [[0.0, 0.01803430300992097, 0.016941314948713638, 0.012653438708592568, 0.012737514713300825, 0.010635614595594417, 0.009752816546157726, 0.007861106440221961, 0.008323524466117371, 0.006473852362535732, 0.007272574407264167, 0.0074407264166806795, 0.007398688414326551, 0.006810156381368757], [0.01803430300992097, 0.0, 0.016562972927526485, 0.012737514713300825, 0.010971918614427442, 0.010425424583823777, 0.010593576593240289, 0.009164284513199932, 0.008575752480242138, 0.006557928367243989, 0.007524802421388936, 0.00765091642845132, 0.007608878426097192, 0.006642004371952245], [0.016941314948713638, 0.016562972927526485, 0.0, 0.01328400874390449, 0.011518412645031109, 0.010635614595594417, 0.009878930553220111, 0.008575752480242138, 0.009626702539095342, 0.007608878426097192, 0.007734992433159576, 0.006137548343702707, 0.006389776357827476, 0.008365562468471498], [0.012653438708592568, 0.012737514713300825, 0.01328400874390449, 0.0, 0.013115856734487978, 0.010887842609719187, 0.012527324701530184, 0.009584664536741214, 0.010509500588532034, 0.00878594249201278, 0.009080208508491677, 0.007945182444930216, 0.008155372456700857, 0.008155372456700857], [0.012737514713300825, 0.010971918614427442, 0.011518412645031109, 0.013115856734487978, 0.0, 0.01462922481923659, 0.01349419875567513, 0.011770640659155876, 0.009836892550865983, 0.008659828484950395, 0.009416512527324701, 0.007945182444930216, 0.009290398520262318, 0.0074407264166806795], [0.010635614595594417, 0.010425424583823777, 0.010635614595594417, 0.010887842609719187, 0.01462922481923659, 0.0, 0.013157894736842105, 0.01235917269211367, 0.01055153859088616, 0.010761728602656801, 0.00899613250378342, 0.009038170506137548, 0.009794854548511854, 0.00992096855557424], [0.009752816546157726, 0.010593576593240289, 0.009878930553220111, 0.012527324701530184, 0.01349419875567513, 0.013157894736842105, 0.0, 0.01235917269211367, 0.010593576593240289, 0.010887842609719187, 0.009500588532032958, 0.010215234572053136, 0.008701866487304524, 0.010845804607365058], [0.007861106440221961, 0.009164284513199932, 0.008575752480242138, 0.009584664536741214, 0.011770640659155876, 0.01235917269211367, 0.01235917269211367, 0.0, 0.013578274760383386, 0.012737514713300825, 0.012106944677988903, 0.011308222633260468, 0.01172860265680175, 0.012317134689759543], [0.008323524466117371, 0.008575752480242138, 0.009626702539095342, 0.010509500588532034, 0.009836892550865983, 0.01055153859088616, 0.010593576593240289, 0.013578274760383386, 0.0, 0.012653438708592568, 0.012527324701530184, 0.012947704725071464, 0.012695476710946696, 0.012653438708592568], [0.006473852362535732, 0.006557928367243989, 0.007608878426097192, 0.00878594249201278, 0.008659828484950395, 0.010761728602656801, 0.010887842609719187, 0.012737514713300825, 0.012653438708592568, 0.0, 0.01622666890869346, 0.015638136875735665, 0.014881452833361359, 0.015596098873381536], [0.007272574407264167, 0.007524802421388936, 0.007734992433159576, 0.009080208508491677, 0.009416512527324701, 0.00899613250378342, 0.009500588532032958, 0.012106944677988903, 0.012527324701530184, 0.01622666890869346, 0.0, 0.016100554901631075, 0.015722212880443922, 0.015049604842777871], [0.0074407264166806795, 0.00765091642845132, 0.006137548343702707, 0.007945182444930216, 0.007945182444930216, 0.009038170506137548, 0.010215234572053136, 0.011308222633260468, 0.012947704725071464, 0.015638136875735665, 0.016100554901631075, 0.0, 0.017193542962838405, 0.01845468303346225], [0.007398688414326551, 0.007608878426097192, 0.006389776357827476, 0.008155372456700857, 0.009290398520262318, 0.009794854548511854, 0.008701866487304524, 0.01172860265680175, 0.012695476710946696, 0.014881452833361359, 0.015722212880443922, 0.017193542962838405, 0.0, 0.02185976122414663], [0.006810156381368757, 0.006642004371952245, 0.008365562468471498, 0.008155372456700857, 0.0074407264166806795, 0.00992096855557424, 0.010845804607365058, 0.012317134689759543, 0.012653438708592568, 0.015596098873381536, 0.015049604842777871, 0.01845468303346225, 0.02185976122414663, 0.0]], "sysname": ["SOURCE", "UFC", "IITB", "SJTU", "IPN", "RAC", "PKU", "AMU", "UMC", "NTHU", "POST", "CUUI", "NUCLEA", "CAMB"]}