{"sysname": ["SOURCE", "UFC", "IITB", "SJTU", "IPN", "RAC", "PKU", "AMU", "UMC", "NTHU", "POST", "CUUI", "NUCLEA", "CAMB"], "counts": [[0.0, 0.016541731228275892, 0.015452908413250137, 0.013610285187821935, 0.012312073369906612, 0.010260061141588844, 0.010511327945056326, 0.009506260731186399, 0.008878093722517693, 0.00711922609824532, 0.007956782109803592, 0.007286737300556975, 0.006449181288998702, 0.006951714895933665], [0.016541731228275892, 0.0, 0.01884501026006114, 0.01239582897106244, 0.011683906361237908, 0.010762594748523808, 0.009925038736965534, 0.008291804514426902, 0.008584949118472298, 0.007286737300556975, 0.007161103898823234, 0.007412370702290716, 0.007286737300556975, 0.006742325893044097], [0.015452908413250137, 0.01884501026006114, 0.0, 0.013023995979731145, 0.012647095774529922, 0.011348883956614599, 0.010971983751413375, 0.008166171112693162, 0.007956782109803592, 0.008166171112693162, 0.007370492901712802, 0.005695380878596256, 0.006532936890154529, 0.007328615101134889], [0.013610285187821935, 0.01239582897106244, 0.013023995979731145, 0.0, 0.013442773985510281, 0.012772729176263663, 0.011348883956614599, 0.010636961346790066, 0.009296871728296829, 0.008752460320783952, 0.00745424850286863, 0.008417437916160644, 0.0077055153063361114, 0.008752460320783952], [0.012312073369906612, 0.011683906361237908, 0.012647095774529922, 0.013442773985510281, 0.0, 0.012018928765861216, 0.01252146237279618, 0.009338749528874743, 0.010050672138699276, 0.00988316093638762, 0.009087482725407261, 0.009045604924829347, 0.00871058252020604, 0.008919971523095607], [0.010260061141588844, 0.010762594748523808, 0.011348883956614599, 0.012772729176263663, 0.012018928765861216, 0.0, 0.013023995979731145, 0.012312073369906612, 0.010762594748523808, 0.009296871728296829, 0.009254993927718917, 0.00975752753465388, 0.009590016332342225, 0.009841283135809707], [0.010511327945056326, 0.009925038736965534, 0.010971983751413375, 0.011348883956614599, 0.01252146237279618, 0.013023995979731145, 0.0, 0.01273085137568575, 0.011474517358348339, 0.01021818334101093, 0.009464382930608485, 0.011307006156036685, 0.009631894132920139, 0.009464382930608485], [0.009506260731186399, 0.008291804514426902, 0.008166171112693162, 0.010636961346790066, 0.009338749528874743, 0.012312073369906612, 0.01273085137568575, 0.0, 0.014280329997068554, 0.011348883956614599, 0.012814606976841576, 0.012018928765861216, 0.011558272959504167, 0.011558272959504167], [0.008878093722517693, 0.008584949118472298, 0.007956782109803592, 0.009296871728296829, 0.010050672138699276, 0.010762594748523808, 0.011474517358348339, 0.014280329997068554, 0.0, 0.013275262783198627, 0.013861551991289418, 0.012647095774529922, 0.01273085137568575, 0.012312073369906612], [0.00711922609824532, 0.007286737300556975, 0.008166171112693162, 0.008752460320783952, 0.00988316093638762, 0.009296871728296829, 0.01021818334101093, 0.011348883956614599, 0.013275262783198627, 0.0, 0.0159554420201851, 0.015536664014405963, 0.014824741404581432, 0.01582980861845136], [0.007956782109803592, 0.007161103898823234, 0.007370492901712802, 0.00745424850286863, 0.009087482725407261, 0.009254993927718917, 0.009464382930608485, 0.012814606976841576, 0.013861551991289418, 0.0159554420201851, 0.0, 0.015201641609782655, 0.015997319820763013, 0.01608107542191884], [0.007286737300556975, 0.007412370702290716, 0.005695380878596256, 0.008417437916160644, 0.009045604924829347, 0.00975752753465388, 0.011307006156036685, 0.012018928765861216, 0.012647095774529922, 0.015536664014405963, 0.015201641609782655, 0.0, 0.016541731228275892, 0.017044264835210855], [0.006449181288998702, 0.007286737300556975, 0.006532936890154529, 0.0077055153063361114, 0.00871058252020604, 0.009590016332342225, 0.009631894132920139, 0.011558272959504167, 0.01273085137568575, 0.014824741404581432, 0.015997319820763013, 0.016541731228275892, 0.0, 0.02387034632941078], [0.006951714895933665, 0.006742325893044097, 0.007328615101134889, 0.008752460320783952, 0.008919971523095607, 0.009841283135809707, 0.009464382930608485, 0.011558272959504167, 0.012312073369906612, 0.01582980861845136, 0.01608107542191884, 0.017044264835210855, 0.02387034632941078, 0.0]]}