{"counts": [[0.0, 0.013749052722745481, 0.012449929630832522, 0.013045361047959295, 0.011962758471365163, 0.010988416152430442, 0.011637977698386922, 0.009202121901050124, 0.009581032802858071, 0.010771895637111617, 0.00974342318934719, 0.009581032802858071, 0.009689293060517483, 0.009959943704666017], [0.013749052722745481, 0.0, 0.013045361047959295, 0.013478402078596947, 0.012233409115513695, 0.010122334091155137, 0.011150806538919563, 0.010501244992963083, 0.010447114864133376, 0.010230594348814551, 0.009581032802858071, 0.009959943704666017, 0.008769080870412472, 0.00990581357583631], [0.012449929630832522, 0.013045361047959295, 0.0, 0.01358666233625636, 0.012882970661470174, 0.010988416152430442, 0.010338854606473963, 0.009581032802858071, 0.01039298473530367, 0.009635162931687778, 0.009581032802858071, 0.008823210999242178, 0.010447114864133376, 0.009959943704666017], [0.013045361047959295, 0.013478402078596947, 0.01358666233625636, 0.0, 0.01136732705423839, 0.010771895637111617, 0.009635162931687778, 0.012233409115513695, 0.010501244992963083, 0.009797553318176897, 0.010122334091155137, 0.010014073833495724, 0.010663635379452203, 0.010122334091155137], [0.011962758471365163, 0.012233409115513695, 0.012882970661470174, 0.01136732705423839, 0.0, 0.011529717440727508, 0.01104254628126015, 0.010988416152430442, 0.01039298473530367, 0.011150806538919563, 0.009959943704666017, 0.011096676410089856, 0.010176464219984844, 0.010880155894771029], [0.010988416152430442, 0.010122334091155137, 0.010988416152430442, 0.010771895637111617, 0.011529717440727508, 0.0, 0.01104254628126015, 0.012233409115513695, 0.00990581357583631, 0.011259066796578976, 0.01055537512179279, 0.012882970661470174, 0.011096676410089856, 0.011259066796578976], [0.011637977698386922, 0.011150806538919563, 0.010338854606473963, 0.009635162931687778, 0.01104254628126015, 0.01104254628126015, 0.0, 0.010771895637111617, 0.010663635379452203, 0.010988416152430442, 0.010988416152430442, 0.011637977698386922, 0.011962758471365163, 0.010988416152430442], [0.009202121901050124, 0.010501244992963083, 0.009581032802858071, 0.012233409115513695, 0.010988416152430442, 0.012233409115513695, 0.010771895637111617, 0.0, 0.011800368084876042, 0.01104254628126015, 0.011637977698386922, 0.011421457183068095, 0.010934286023600736, 0.011962758471365163], [0.009581032802858071, 0.010447114864133376, 0.01039298473530367, 0.010501244992963083, 0.01039298473530367, 0.00990581357583631, 0.010663635379452203, 0.011800368084876042, 0.0, 0.00974342318934719, 0.012558189888491935, 0.012233409115513695, 0.010988416152430442, 0.011529717440727508], [0.010771895637111617, 0.010230594348814551, 0.009635162931687778, 0.009797553318176897, 0.011150806538919563, 0.011259066796578976, 0.010988416152430442, 0.01104254628126015, 0.00974342318934719, 0.0, 0.012125148857854281, 0.010826025765941324, 0.010880155894771029, 0.011637977698386922], [0.00974342318934719, 0.009581032802858071, 0.009581032802858071, 0.010122334091155137, 0.009959943704666017, 0.01055537512179279, 0.010988416152430442, 0.011637977698386922, 0.012558189888491935, 0.012125148857854281, 0.0, 0.012504059759662229, 0.010771895637111617, 0.009959943704666017], [0.009581032802858071, 0.009959943704666017, 0.008823210999242178, 0.010014073833495724, 0.011096676410089856, 0.012882970661470174, 0.011637977698386922, 0.011421457183068095, 0.012233409115513695, 0.010826025765941324, 0.012504059759662229, 0.0, 0.012882970661470174, 0.011313196925408683], [0.009689293060517483, 0.008769080870412472, 0.010447114864133376, 0.010663635379452203, 0.010176464219984844, 0.011096676410089856, 0.011962758471365163, 0.010934286023600736, 0.010988416152430442, 0.010880155894771029, 0.010771895637111617, 0.012882970661470174, 0.0, 0.012558189888491935], [0.009959943704666017, 0.00990581357583631, 0.009959943704666017, 0.010122334091155137, 0.010880155894771029, 0.011259066796578976, 0.010988416152430442, 0.011962758471365163, 0.011529717440727508, 0.011637977698386922, 0.009959943704666017, 0.011313196925408683, 0.012558189888491935, 0.0]], "sysname": ["PKU", "AMU", "RAC", "NUCLEA", "CAMB", "POST", "NTHU", "UMC", "IITB", "SOURCE", "UFC", "CUUI", "IPN", "SJTU"]}