{"sysname": ["NUCLEA", "CAMB", "CUUI", "AMU", "PKU", "RAC", "NTHU", "POST", "UMC", "SJTU", "UFC", "SOURCE", "IITB", "IPN"], "counts": [[0.0, 0.015372956587636679, 0.015156436072317852, 0.013099491176789001, 0.011583847569557215, 0.010663635379452203, 0.010176464219984844, 0.012233409115513695, 0.011692107827216629, 0.009472772545198658, 0.010988416152430442, 0.009959943704666017, 0.01039298473530367, 0.0073616975208401], [0.015372956587636679, 0.0, 0.014127963624553427, 0.0139114431092346, 0.012233409115513695, 0.010988416152430442, 0.012287539244343402, 0.011583847569557215, 0.00974342318934719, 0.01071776550828191, 0.010338854606473963, 0.01120493666774927, 0.010284724477644256, 0.010609505250622497], [0.015156436072317852, 0.014127963624553427, 0.0, 0.013857312980404893, 0.011746237956046335, 0.009959943704666017, 0.009581032802858071, 0.011800368084876042, 0.010771895637111617, 0.009959943704666017, 0.010609505250622497, 0.009526902674028365, 0.009689293060517483, 0.009472772545198658], [0.013099491176789001, 0.0139114431092346, 0.013857312980404893, 0.0, 0.011854498213705749, 0.012125148857854281, 0.01104254628126015, 0.011313196925408683, 0.01071776550828191, 0.009472772545198658, 0.009364512287539244, 0.010014073833495724, 0.009689293060517483, 0.00909386164339071], [0.011583847569557215, 0.012233409115513695, 0.011746237956046335, 0.011854498213705749, 0.0, 0.010934286023600736, 0.012720580274981054, 0.011692107827216629, 0.01104254628126015, 0.011096676410089856, 0.00909386164339071, 0.01039298473530367, 0.009472772545198658, 0.009851683447006604], [0.010663635379452203, 0.010988416152430442, 0.009959943704666017, 0.012125148857854281, 0.010934286023600736, 0.0, 0.011746237956046335, 0.011150806538919563, 0.012666450146151347, 0.009851683447006604, 0.01071776550828191, 0.00925625202987983, 0.010988416152430442, 0.011421457183068095], [0.010176464219984844, 0.012287539244343402, 0.009581032802858071, 0.01104254628126015, 0.012720580274981054, 0.011746237956046335, 0.0, 0.012882970661470174, 0.012071018729024574, 0.010663635379452203, 0.009797553318176897, 0.011692107827216629, 0.010122334091155137, 0.011692107827216629], [0.012233409115513695, 0.011583847569557215, 0.011800368084876042, 0.011313196925408683, 0.011692107827216629, 0.011150806538919563, 0.012882970661470174, 0.0, 0.011962758471365163, 0.01120493666774927, 0.010230594348814551, 0.009689293060517483, 0.01071776550828191, 0.011259066796578976], [0.011692107827216629, 0.00974342318934719, 0.010771895637111617, 0.01071776550828191, 0.01104254628126015, 0.012666450146151347, 0.012071018729024574, 0.011962758471365163, 0.0, 0.011150806538919563, 0.00974342318934719, 0.009472772545198658, 0.010663635379452203, 0.012071018729024574], [0.009472772545198658, 0.01071776550828191, 0.009959943704666017, 0.009472772545198658, 0.011096676410089856, 0.009851683447006604, 0.010663635379452203, 0.01120493666774927, 0.011150806538919563, 0.0, 0.011259066796578976, 0.010934286023600736, 0.010663635379452203, 0.011421457183068095], [0.010988416152430442, 0.010338854606473963, 0.010609505250622497, 0.009364512287539244, 0.00909386164339071, 0.01071776550828191, 0.009797553318176897, 0.010230594348814551, 0.00974342318934719, 0.011259066796578976, 0.0, 0.01006820396232543, 0.01071776550828191, 0.011637977698386922], [0.009959943704666017, 0.01120493666774927, 0.009526902674028365, 0.010014073833495724, 0.01039298473530367, 0.00925625202987983, 0.011692107827216629, 0.009689293060517483, 0.009472772545198658, 0.010934286023600736, 0.01006820396232543, 0.0, 0.009797553318176897, 0.012449929630832522], [0.01039298473530367, 0.010284724477644256, 0.009689293060517483, 0.009689293060517483, 0.009472772545198658, 0.010988416152430442, 0.010122334091155137, 0.01071776550828191, 0.010663635379452203, 0.010663635379452203, 0.01071776550828191, 0.009797553318176897, 0.0, 0.012016888600194868], [0.0073616975208401, 0.010609505250622497, 0.009472772545198658, 0.00909386164339071, 0.009851683447006604, 0.011421457183068095, 0.011692107827216629, 0.011259066796578976, 0.012071018729024574, 0.011421457183068095, 0.011637977698386922, 0.012449929630832522, 0.012016888600194868, 0.0]]}