{"counts": [[0.0, 0.015469984866319153, 0.013620312762737515, 0.013620312762737515, 0.012737514713300825, 0.011686564654447621, 0.012233058685051286, 0.01147637464267698, 0.009626702539095342, 0.010509500588532034, 0.009794854548511854, 0.010845804607365058, 0.00924836051790819, 0.008954094501429291], [0.015469984866319153, 0.0, 0.014082730788632924, 0.015133680847486128, 0.011602488649739364, 0.011938792668572389, 0.011980830670926517, 0.012022868673280646, 0.01013115856734488, 0.01080376660501093, 0.009290398520262318, 0.009963006557928367, 0.010929880612073315, 0.010509500588532034], [0.013620312762737515, 0.014082730788632924, 0.0, 0.012695476710946696, 0.012779552715654952, 0.009963006557928367, 0.011686564654447621, 0.011602488649739364, 0.01013115856734488, 0.010761728602656801, 0.008827980494366908, 0.00992096855557424, 0.00966874054144947, 0.010677652597948546], [0.013620312762737515, 0.015133680847486128, 0.012695476710946696, 0.0, 0.010509500588532034, 0.010719690600302674, 0.010509500588532034, 0.01055153859088616, 0.010425424583823777, 0.009542626534387085, 0.009878930553220111, 0.011140070623843954, 0.009374474524970573, 0.010635614595594417], [0.012737514713300825, 0.011602488649739364, 0.012779552715654952, 0.010509500588532034, 0.0, 0.011644526652093493, 0.010929880612073315, 0.01172860265680175, 0.010719690600302674, 0.01147637464267698, 0.010677652597948546, 0.009584664536741214, 0.009038170506137548, 0.010593576593240289], [0.011686564654447621, 0.011938792668572389, 0.009963006557928367, 0.010719690600302674, 0.011644526652093493, 0.0, 0.01256936270388431, 0.011644526652093493, 0.010215234572053136, 0.012485286699176056, 0.009752816546157726, 0.009752816546157726, 0.010257272574407264, 0.009500588532032958], [0.012233058685051286, 0.011980830670926517, 0.011686564654447621, 0.010509500588532034, 0.010929880612073315, 0.01256936270388431, 0.0, 0.011938792668572389, 0.010761728602656801, 0.011434336640322852, 0.010761728602656801, 0.010929880612073315, 0.010509500588532034, 0.010467462586177905], [0.01147637464267698, 0.012022868673280646, 0.011602488649739364, 0.01055153859088616, 0.01172860265680175, 0.011644526652093493, 0.011938792668572389, 0.0, 0.010929880612073315, 0.01147637464267698, 0.011055994619135699, 0.010383386581469648, 0.009878930553220111, 0.01147637464267698], [0.009626702539095342, 0.01013115856734488, 0.01013115856734488, 0.010425424583823777, 0.010719690600302674, 0.010215234572053136, 0.010761728602656801, 0.010929880612073315, 0.0, 0.010677652597948546, 0.011224146628552211, 0.009878930553220111, 0.01147637464267698, 0.011392298637968723], [0.010509500588532034, 0.01080376660501093, 0.010761728602656801, 0.009542626534387085, 0.01147637464267698, 0.012485286699176056, 0.011434336640322852, 0.01147637464267698, 0.010677652597948546, 0.0, 0.011350260635614595, 0.01080376660501093, 0.01101395661678157, 0.010971918614427442], [0.009794854548511854, 0.009290398520262318, 0.008827980494366908, 0.009878930553220111, 0.010677652597948546, 0.009752816546157726, 0.010761728602656801, 0.011055994619135699, 0.011224146628552211, 0.011350260635614595, 0.0, 0.01013115856734488, 0.010173196569699007, 0.012106944677988903], [0.010845804607365058, 0.009963006557928367, 0.00992096855557424, 0.011140070623843954, 0.009584664536741214, 0.009752816546157726, 0.010929880612073315, 0.010383386581469648, 0.009878930553220111, 0.01080376660501093, 0.01013115856734488, 0.0, 0.010929880612073315, 0.010425424583823777], [0.00924836051790819, 0.010929880612073315, 0.00966874054144947, 0.009374474524970573, 0.009038170506137548, 0.010257272574407264, 0.010509500588532034, 0.009878930553220111, 0.01147637464267698, 0.01101395661678157, 0.010173196569699007, 0.010929880612073315, 0.0, 0.012653438708592568], [0.008954094501429291, 0.010509500588532034, 0.010677652597948546, 0.010635614595594417, 0.010593576593240289, 0.009500588532032958, 0.010467462586177905, 0.01147637464267698, 0.011392298637968723, 0.010971918614427442, 0.012106944677988903, 0.010425424583823777, 0.012653438708592568, 0.0]], "sysname": ["NUCLEA", "CAMB", "CUUI", "AMU", "PKU", "RAC", "POST", "NTHU", "SJTU", "UMC", "UFC", "SOURCE", "IITB", "IPN"]}