{"sysname": ["SOURCE", "UFC", "IITB", "SJTU", "IPN", "RAC", "PKU", "AMU", "UMC", "NTHU", "POST", "CUUI", "NUCLEA", "CAMB"], "counts": [[0.0, 0.018790987052295274, 0.018328569026399864, 0.01282159071800908, 0.01126618463090634, 0.009836892550865983, 0.009500588532032958, 0.007987220447284345, 0.00853371447788801, 0.007734992433159576, 0.0074407264166806795, 0.006389776357827476, 0.0065999663695981165, 0.006894232386077013], [0.018790987052295274, 0.0, 0.015848326887506307, 0.01307381873213385, 0.011854716663864133, 0.00966874054144947, 0.010425424583823777, 0.00853371447788801, 0.008155372456700857, 0.007987220447284345, 0.006473852362535732, 0.006852194383722886, 0.00878594249201278, 0.007356650411972423], [0.018328569026399864, 0.015848326887506307, 0.0, 0.011938792668572389, 0.01261140070623844, 0.01080376660501093, 0.009752816546157726, 0.00899613250378342, 0.008281486463763242, 0.00765091642845132, 0.007777030435513704, 0.006431814360181604, 0.00790314444257609, 0.007272574407264167], [0.01282159071800908, 0.01307381873213385, 0.011938792668572389, 0.0, 0.01328400874390449, 0.01349419875567513, 0.011938792668572389, 0.009836892550865983, 0.0097107785438036, 0.00920632251555406, 0.008029258449638473, 0.008575752480242138, 0.007356650411972423, 0.00811333445434673], [0.01126618463090634, 0.011854716663864133, 0.01261140070623844, 0.01328400874390449, 0.0, 0.013326046746258619, 0.012485286699176056, 0.010929880612073315, 0.010173196569699007, 0.009878930553220111, 0.00874390448965865, 0.009080208508491677, 0.009290398520262318, 0.007692954430805448], [0.009836892550865983, 0.00966874054144947, 0.01080376660501093, 0.01349419875567513, 0.013326046746258619, 0.0, 0.013578274760383386, 0.010761728602656801, 0.011434336640322852, 0.009878930553220111, 0.010173196569699007, 0.00920632251555406, 0.009164284513199932, 0.009542626534387085], [0.009500588532032958, 0.010425424583823777, 0.009752816546157726, 0.011938792668572389, 0.012485286699176056, 0.013578274760383386, 0.0, 0.012443248696821927, 0.012191020682697158, 0.01214898268034303, 0.00966874054144947, 0.009963006557928367, 0.008827980494366908, 0.010089120564990752], [0.007987220447284345, 0.00853371447788801, 0.00899613250378342, 0.009836892550865983, 0.010929880612073315, 0.010761728602656801, 0.012443248696821927, 0.0, 0.01307381873213385, 0.01437699680511182, 0.012022868673280646, 0.01303178072977972, 0.010719690600302674, 0.01235917269211367], [0.00853371447788801, 0.008155372456700857, 0.008281486463763242, 0.0097107785438036, 0.010173196569699007, 0.011434336640322852, 0.012191020682697158, 0.01307381873213385, 0.0, 0.01349419875567513, 0.012947704725071464, 0.012485286699176056, 0.011644526652093493, 0.012947704725071464], [0.007734992433159576, 0.007987220447284345, 0.00765091642845132, 0.00920632251555406, 0.009878930553220111, 0.009878930553220111, 0.01214898268034303, 0.01437699680511182, 0.01349419875567513, 0.0, 0.013704388767445772, 0.014713300823944847, 0.012695476710946696, 0.013410122750966874], [0.0074407264166806795, 0.006473852362535732, 0.007777030435513704, 0.008029258449638473, 0.00874390448965865, 0.010173196569699007, 0.00966874054144947, 0.012022868673280646, 0.012947704725071464, 0.013704388767445772, 0.0, 0.017277618967546662, 0.016562972927526485, 0.016731124936942995], [0.006389776357827476, 0.006852194383722886, 0.006431814360181604, 0.008575752480242138, 0.009080208508491677, 0.00920632251555406, 0.009963006557928367, 0.01303178072977972, 0.012485286699176056, 0.014713300823944847, 0.017277618967546662, 0.0, 0.016520934925172356, 0.017403732974609048], [0.0065999663695981165, 0.00878594249201278, 0.00790314444257609, 0.007356650411972423, 0.009290398520262318, 0.009164284513199932, 0.008827980494366908, 0.010719690600302674, 0.011644526652093493, 0.012695476710946696, 0.016562972927526485, 0.016520934925172356, 0.0, 0.025096687405414493], [0.006894232386077013, 0.007356650411972423, 0.007272574407264167, 0.00811333445434673, 0.007692954430805448, 0.009542626534387085, 0.010089120564990752, 0.01235917269211367, 0.012947704725071464, 0.013410122750966874, 0.016731124936942995, 0.017403732974609048, 0.025096687405414493, 0.0]]}