{"sysname": ["IITB", "SJTU", "PKU", "RAC", "IPN", "src", "AMU", "UFC", "JMGR", "UMC", "NTHU", "CUUI", "NUCLEA", "POST", "CAMB"], "counts": [[0.0, 0.02096137672252054, 0.00970434107524099, 0.010221905932587178, 0.010092514718250631, 0.008669211360548618, 0.008410428931875526, 0.009251471825063078, 0.008022255288865887, 0.009510254253736172, 0.007698777253024519, 0.00672834314550042, 0.007569386038687973, 0.007051821181341787, 0.0073752992171831535], [0.02096137672252054, 0.0, 0.013327295076664294, 0.010545383968428544, 0.009057385003558259, 0.008669211360548618, 0.009445558646567898, 0.008151646503202433, 0.00970434107524099, 0.008216342110370705, 0.007051821181341787, 0.00731060361001488, 0.006663647538332147, 0.006210778288154234, 0.0075046904315197], [0.00970434107524099, 0.013327295076664294, 0.0, 0.009574949860904444, 0.010221905932587178, 0.009057385003558259, 0.010027819111082357, 0.008733906967716892, 0.008669211360548618, 0.008798602574885165, 0.007634081645856246, 0.00989842789674581, 0.00828103771753898, 0.0084751245390438, 0.009251471825063078], [0.010221905932587178, 0.010545383968428544, 0.009574949860904444, 0.0, 0.012745034612149835, 0.008151646503202433, 0.010092514718250631, 0.008798602574885165, 0.009574949860904444, 0.010027819111082357, 0.008733906967716892, 0.008669211360548618, 0.008345733324707252, 0.007245908002846606, 0.008798602574885165], [0.010092514718250631, 0.009057385003558259, 0.010221905932587178, 0.012745034612149835, 0.0, 0.009574949860904444, 0.009316167432231352, 0.008733906967716892, 0.009380863039399626, 0.008798602574885165, 0.008733906967716892, 0.008410428931875526, 0.008345733324707252, 0.008216342110370705, 0.00828103771753898], [0.008669211360548618, 0.008669211360548618, 0.009057385003558259, 0.008151646503202433, 0.009574949860904444, 0.0, 0.010157210325418903, 0.009186776217894805, 0.010610079575596816, 0.008733906967716892, 0.00970434107524099, 0.00828103771753898, 0.007763472860192793, 0.008669211360548618, 0.009833732289577537], [0.008410428931875526, 0.009445558646567898, 0.010027819111082357, 0.010092514718250631, 0.009316167432231352, 0.010157210325418903, 0.0, 0.00989842789674581, 0.009639645468072718, 0.009186776217894805, 0.010221905932587178, 0.008151646503202433, 0.009963123503914085, 0.009963123503914085, 0.008733906967716892], [0.009251471825063078, 0.008151646503202433, 0.008733906967716892, 0.008798602574885165, 0.008733906967716892, 0.009186776217894805, 0.00989842789674581, 0.0, 0.009639645468072718, 0.008798602574885165, 0.008733906967716892, 0.009251471825063078, 0.00989842789674581, 0.009057385003558259, 0.00828103771753898], [0.008022255288865887, 0.00970434107524099, 0.008669211360548618, 0.009574949860904444, 0.009380863039399626, 0.010610079575596816, 0.009639645468072718, 0.009639645468072718, 0.0, 0.01086886200426991, 0.009122080610726531, 0.009833732289577537, 0.008733906967716892, 0.009316167432231352, 0.008992689396389985], [0.009510254253736172, 0.008216342110370705, 0.008798602574885165, 0.010027819111082357, 0.008798602574885165, 0.008733906967716892, 0.009186776217894805, 0.008798602574885165, 0.01086886200426991, 0.0, 0.01106294882577473, 0.009963123503914085, 0.011192340040111276, 0.010221905932587178, 0.009380863039399626], [0.007698777253024519, 0.007051821181341787, 0.007634081645856246, 0.008733906967716892, 0.008733906967716892, 0.00970434107524099, 0.010221905932587178, 0.008733906967716892, 0.009122080610726531, 0.01106294882577473, 0.0, 0.011515818075952642, 0.011515818075952642, 0.011192340040111276, 0.012098078540467102], [0.00672834314550042, 0.00731060361001488, 0.00989842789674581, 0.008669211360548618, 0.008410428931875526, 0.00828103771753898, 0.008151646503202433, 0.009251471825063078, 0.009833732289577537, 0.009963123503914085, 0.011515818075952642, 0.0, 0.012486252183476742, 0.012615643397813289, 0.012550947790645015], [0.007569386038687973, 0.006663647538332147, 0.00828103771753898, 0.008345733324707252, 0.008345733324707252, 0.007763472860192793, 0.009963123503914085, 0.00989842789674581, 0.008733906967716892, 0.011192340040111276, 0.011515818075952642, 0.012486252183476742, 0.0, 0.013327295076664294, 0.01520346768454422], [0.007051821181341787, 0.006210778288154234, 0.0084751245390438, 0.007245908002846606, 0.008216342110370705, 0.008669211360548618, 0.009963123503914085, 0.009057385003558259, 0.009316167432231352, 0.010221905932587178, 0.011192340040111276, 0.012615643397813289, 0.013327295076664294, 0.0, 0.015721032541890407], [0.0073752992171831535, 0.0075046904315197, 0.009251471825063078, 0.008798602574885165, 0.00828103771753898, 0.009833732289577537, 0.008733906967716892, 0.00828103771753898, 0.008992689396389985, 0.009380863039399626, 0.012098078540467102, 0.012550947790645015, 0.01520346768454422, 0.015721032541890407, 0.0]]}