{"sysname": ["SOURCE", "UFC", "IITB", "SJTU", "IPN", "RAC", "PKU", "AMU", "UMC", "NTHU", "POST", "CUUI", "NUCLEA", "CAMB"], "counts": [[0.0, 0.019808199673353157, 0.016457975627120064, 0.012563340173374094, 0.012772729176263663, 0.011307006156036685, 0.010050672138699276, 0.0075798819046023706, 0.007412370702290716, 0.007789270907491938, 0.007370492901712802, 0.006742325893044097, 0.006030403283219565, 0.0067004480924661835], [0.019808199673353157, 0.0, 0.017839943046191215, 0.01172578416181582, 0.011516395158926253, 0.01055320574563424, 0.009673771933498053, 0.008459315716738558, 0.008333682315004816, 0.007328615101134889, 0.007412370702290716, 0.006365425687842875, 0.0067004480924661835, 0.007077348297667406], [0.016457975627120064, 0.017839943046191215, 0.0, 0.012018928765861216, 0.01193517316470539, 0.011516395158926253, 0.010804472549101721, 0.009003727124251435, 0.00804053771095942, 0.007370492901712802, 0.007496126303446543, 0.006574814690732443, 0.007202981699401147, 0.006909837095355752], [0.012563340173374094, 0.01172578416181582, 0.012018928765861216, 0.0, 0.015076008208048913, 0.012437706771640354, 0.011097617153147117, 0.010427572343900498, 0.01009254993927719, 0.008543071317894384, 0.008124293312115248, 0.008668704719628125, 0.00804053771095942, 0.009548138531764313], [0.012772729176263663, 0.011516395158926253, 0.01193517316470539, 0.015076008208048913, 0.0, 0.013233384982620713, 0.011977050965283304, 0.010343816742744672, 0.010511327945056326, 0.009464382930608485, 0.0076636375057581975, 0.008166171112693162, 0.009003727124251435, 0.008919971523095607], [0.011307006156036685, 0.01055320574563424, 0.011516395158926253, 0.012437706771640354, 0.013233384982620713, 0.0, 0.012772729176263663, 0.011893295364127476, 0.010971983751413375, 0.009045604924829347, 0.009254993927718917, 0.009296871728296829, 0.009338749528874743, 0.009799405335231794], [0.010050672138699276, 0.009673771933498053, 0.010804472549101721, 0.011097617153147117, 0.011977050965283304, 0.012772729176263663, 0.0, 0.012940240378575317, 0.012898362577997403, 0.011139494953725031, 0.01021818334101093, 0.009673771933498053, 0.009715649734075966, 0.010636961346790066], [0.0075798819046023706, 0.008459315716738558, 0.009003727124251435, 0.010427572343900498, 0.010343816742744672, 0.011893295364127476, 0.012940240378575317, 0.0, 0.01377779639013359, 0.012312073369906612, 0.012982118179153231, 0.012898362577997403, 0.011223250554880857, 0.011390761757192513], [0.007412370702290716, 0.008333682315004816, 0.00804053771095942, 0.01009254993927719, 0.010511327945056326, 0.010971983751413375, 0.012898362577997403, 0.01377779639013359, 0.0, 0.01285648477741949, 0.013065873780309057, 0.012940240378575317, 0.012647095774529922, 0.011558272959504167], [0.007789270907491938, 0.007328615101134889, 0.007370492901712802, 0.008543071317894384, 0.009464382930608485, 0.009045604924829347, 0.011139494953725031, 0.012312073369906612, 0.01285648477741949, 0.0, 0.014866619205159345, 0.01608107542191884, 0.015452908413250137, 0.014866619205159345], [0.007370492901712802, 0.007412370702290716, 0.007496126303446543, 0.008124293312115248, 0.0076636375057581975, 0.009254993927718917, 0.01021818334101093, 0.012982118179153231, 0.013065873780309057, 0.014866619205159345, 0.0, 0.018426232254282006, 0.015243519410360567, 0.015662297416139705], [0.006742325893044097, 0.006365425687842875, 0.006574814690732443, 0.008668704719628125, 0.008166171112693162, 0.009296871728296829, 0.009673771933498053, 0.012898362577997403, 0.012940240378575317, 0.01608107542191884, 0.018426232254282006, 0.0, 0.015243519410360567, 0.01620670882365258], [0.006030403283219565, 0.0067004480924661835, 0.007202981699401147, 0.00804053771095942, 0.009003727124251435, 0.009338749528874743, 0.009715649734075966, 0.011223250554880857, 0.012647095774529922, 0.015452908413250137, 0.015243519410360567, 0.015243519410360567, 0.0, 0.02491729134385862], [0.0067004480924661835, 0.007077348297667406, 0.006909837095355752, 0.009548138531764313, 0.008919971523095607, 0.009799405335231794, 0.010636961346790066, 0.011390761757192513, 0.011558272959504167, 0.014866619205159345, 0.015662297416139705, 0.01620670882365258, 0.02491729134385862, 0.0]]}