{"sysname": ["IITB", "SJTU", "PKU", "RAC", "IPN", "UFC", "AMU", "JMGR", "src", "UMC", "NTHU", "CUUI", "NUCLEA", "POST", "CAMB"], "counts": [[0.0, 0.020637898686679174, 0.01028660153975545, 0.010027819111082357, 0.00989842789674581, 0.009510254253736172, 0.010027819111082357, 0.0084751245390438, 0.008022255288865887, 0.008539820146212072, 0.0084751245390438, 0.007181212395678333, 0.006793038752668693, 0.00711651678851006, 0.006340169502490781], [0.020637898686679174, 0.0, 0.012098078540467102, 0.010092514718250631, 0.009769036682409265, 0.010351297146923724, 0.009639645468072718, 0.008927993789221713, 0.008086950896034159, 0.006663647538332147, 0.008992689396389985, 0.007439994824351427, 0.006146082680985961, 0.006598951931163874, 0.00711651678851006], [0.01028660153975545, 0.012098078540467102, 0.0, 0.01048068836126027, 0.01086886200426991, 0.00828103771753898, 0.007763472860192793, 0.008733906967716892, 0.00989842789674581, 0.009057385003558259, 0.008927993789221713, 0.009057385003558259, 0.009122080610726531, 0.008798602574885165, 0.007763472860192793], [0.010027819111082357, 0.010092514718250631, 0.01048068836126027, 0.0, 0.012098078540467102, 0.010221905932587178, 0.009380863039399626, 0.009186776217894805, 0.008604515753380346, 0.009769036682409265, 0.0084751245390438, 0.008604515753380346, 0.007245908002846606, 0.008086950896034159, 0.008216342110370705], [0.00989842789674581, 0.009769036682409265, 0.01086886200426991, 0.012098078540467102, 0.0, 0.01028660153975545, 0.010092514718250631, 0.008863298182053439, 0.009186776217894805, 0.00828103771753898, 0.008863298182053439, 0.0075046904315197, 0.007245908002846606, 0.008539820146212072, 0.008669211360548618], [0.009510254253736172, 0.010351297146923724, 0.00828103771753898, 0.010221905932587178, 0.01028660153975545, 0.0, 0.009122080610726531, 0.010027819111082357, 0.008151646503202433, 0.008086950896034159, 0.009057385003558259, 0.0084751245390438, 0.009122080610726531, 0.0073752992171831535, 0.008604515753380346], [0.010027819111082357, 0.009639645468072718, 0.007763472860192793, 0.009380863039399626, 0.010092514718250631, 0.009122080610726531, 0.0, 0.010092514718250631, 0.01086886200426991, 0.01086886200426991, 0.009445558646567898, 0.008216342110370705, 0.008863298182053439, 0.008733906967716892, 0.009380863039399626], [0.0084751245390438, 0.008927993789221713, 0.008733906967716892, 0.009186776217894805, 0.008863298182053439, 0.010027819111082357, 0.010092514718250631, 0.0, 0.009833732289577537, 0.010415992754091998, 0.008733906967716892, 0.009380863039399626, 0.010092514718250631, 0.009122080610726531, 0.010221905932587178], [0.008022255288865887, 0.008086950896034159, 0.00989842789674581, 0.008604515753380346, 0.009186776217894805, 0.008151646503202433, 0.01086886200426991, 0.009833732289577537, 0.0, 0.009963123503914085, 0.009963123503914085, 0.008927993789221713, 0.008539820146212072, 0.008539820146212072, 0.009574949860904444], [0.008539820146212072, 0.006663647538332147, 0.009057385003558259, 0.009769036682409265, 0.00828103771753898, 0.008086950896034159, 0.01086886200426991, 0.010415992754091998, 0.009963123503914085, 0.0, 0.01028660153975545, 0.012421556576308468, 0.010739470789933363, 0.00970434107524099, 0.01086886200426991], [0.0084751245390438, 0.008992689396389985, 0.008927993789221713, 0.0084751245390438, 0.008863298182053439, 0.009057385003558259, 0.009445558646567898, 0.008733906967716892, 0.009963123503914085, 0.01028660153975545, 0.0, 0.010998253218606457, 0.01222746975480365, 0.01145112246878437, 0.009445558646567898], [0.007181212395678333, 0.007439994824351427, 0.009057385003558259, 0.008604515753380346, 0.0075046904315197, 0.0084751245390438, 0.008216342110370705, 0.009380863039399626, 0.008927993789221713, 0.012421556576308468, 0.010998253218606457, 0.0, 0.012615643397813289, 0.011515818075952642, 0.012939121433654655], [0.006793038752668693, 0.006146082680985961, 0.009122080610726531, 0.007245908002846606, 0.007245908002846606, 0.009122080610726531, 0.008863298182053439, 0.010092514718250631, 0.008539820146212072, 0.010739470789933363, 0.01222746975480365, 0.012615643397813289, 0.0, 0.014750598434366307, 0.016238597399236592], [0.00711651678851006, 0.006598951931163874, 0.008798602574885165, 0.008086950896034159, 0.008539820146212072, 0.0073752992171831535, 0.008733906967716892, 0.009122080610726531, 0.008539820146212072, 0.00970434107524099, 0.01145112246878437, 0.011515818075952642, 0.014750598434366307, 0.0, 0.01656207543507796], [0.006340169502490781, 0.00711651678851006, 0.007763472860192793, 0.008216342110370705, 0.008669211360548618, 0.008604515753380346, 0.009380863039399626, 0.010221905932587178, 0.009574949860904444, 0.01086886200426991, 0.009445558646567898, 0.012939121433654655, 0.016238597399236592, 0.01656207543507796, 0.0]]}