{"counts": [[0.0, 0.018886888060639054, 0.0159554420201851, 0.01193517316470539, 0.011474517358348339, 0.010427572343900498, 0.010385694543322584, 0.008208048913271076, 0.008919971523095607, 0.0077055153063361114, 0.007412370702290716, 0.007621759705180284, 0.007370492901712802, 0.0066166924913103565], [0.018886888060639054, 0.0, 0.017253653838100423, 0.013484651786088195, 0.011683906361237908, 0.010762594748523808, 0.009631894132920139, 0.008166171112693162, 0.007370492901712802, 0.008626826919050212, 0.006532936890154529, 0.006867959294777838, 0.006407303488420788, 0.007286737300556975], [0.0159554420201851, 0.017253653838100423, 0.0, 0.013317140583776541, 0.012437706771640354, 0.010301938942166758, 0.010971983751413375, 0.008291804514426902, 0.009213116127141003, 0.008208048913271076, 0.005988525482641652, 0.007621759705180284, 0.006784203693622011, 0.007328615101134889], [0.01193517316470539, 0.013484651786088195, 0.013317140583776541, 0.0, 0.013107751580886971, 0.012144562167594958, 0.011139494953725031, 0.009338749528874743, 0.01009254993927719, 0.009296871728296829, 0.00837556011558273, 0.008878093722517693, 0.00850119351731647, 0.008124293312115248], [0.011474517358348339, 0.011683906361237908, 0.012437706771640354, 0.013107751580886971, 0.0, 0.012982118179153231, 0.013275262783198627, 0.01193517316470539, 0.009841283135809707, 0.009464382930608485, 0.00883621592193978, 0.009087482725407261, 0.0076636375057581975, 0.00804053771095942], [0.010427572343900498, 0.010762594748523808, 0.010301938942166758, 0.012144562167594958, 0.012982118179153231, 0.0, 0.012940240378575317, 0.012144562167594958, 0.011223250554880857, 0.009631894132920139, 0.009799405335231794, 0.008878093722517693, 0.010301938942166758, 0.010385694543322584], [0.010385694543322584, 0.009631894132920139, 0.010971983751413375, 0.011139494953725031, 0.013275262783198627, 0.012940240378575317, 0.0, 0.01239582897106244, 0.01067883914736798, 0.010008794338121362, 0.009715649734075966, 0.010930105950835461, 0.010176305540433016, 0.010385694543322584], [0.008208048913271076, 0.008166171112693162, 0.008291804514426902, 0.009338749528874743, 0.01193517316470539, 0.012144562167594958, 0.01239582897106244, 0.0, 0.014364085598224382, 0.012688973575107836, 0.01193517316470539, 0.012144562167594958, 0.012186439968172872, 0.011265128355458771], [0.008919971523095607, 0.007370492901712802, 0.009213116127141003, 0.01009254993927719, 0.009841283135809707, 0.011223250554880857, 0.01067883914736798, 0.014364085598224382, 0.0, 0.013442773985510281, 0.01285648477741949, 0.01252146237279618, 0.012144562167594958, 0.012312073369906612], [0.0077055153063361114, 0.008626826919050212, 0.008208048913271076, 0.009296871728296829, 0.009464382930608485, 0.009631894132920139, 0.010008794338121362, 0.012688973575107836, 0.013442773985510281, 0.0, 0.015076008208048913, 0.01377779639013359, 0.013023995979731145, 0.01641609782654215], [0.007412370702290716, 0.006532936890154529, 0.005988525482641652, 0.00837556011558273, 0.00883621592193978, 0.009799405335231794, 0.009715649734075966, 0.01193517316470539, 0.01285648477741949, 0.015076008208048913, 0.0, 0.01754679844214582, 0.017379287239834163, 0.0159554420201851], [0.007621759705180284, 0.006867959294777838, 0.007621759705180284, 0.008878093722517693, 0.009087482725407261, 0.008878093722517693, 0.010930105950835461, 0.012144562167594958, 0.01252146237279618, 0.01377779639013359, 0.01754679844214582, 0.0, 0.015536664014405963, 0.016332342225386324], [0.007370492901712802, 0.006407303488420788, 0.006784203693622011, 0.00850119351731647, 0.0076636375057581975, 0.010301938942166758, 0.010176305540433016, 0.012186439968172872, 0.012144562167594958, 0.013023995979731145, 0.017379287239834163, 0.015536664014405963, 0.0, 0.023912224129988693], [0.0066166924913103565, 0.007286737300556975, 0.007328615101134889, 0.008124293312115248, 0.00804053771095942, 0.010385694543322584, 0.010385694543322584, 0.011265128355458771, 0.012312073369906612, 0.01641609782654215, 0.0159554420201851, 0.016332342225386324, 0.023912224129988693, 0.0]], "sysname": ["SOURCE", "UFC", "IITB", "SJTU", "IPN", "RAC", "PKU", "AMU", "UMC", "NTHU", "POST", "CUUI", "NUCLEA", "CAMB"]}