{"counts": [[0.0, 0.018076341012275097, 0.018160417016983354, 0.012863628720363209, 0.011308222633260468, 0.010173196569699007, 0.01034134857911552, 0.008365562468471498, 0.008239448461409114, 0.0070623843954935265, 0.006726080376660501, 0.006936270388431142, 0.007020346393139398, 0.007104422397847654], [0.018076341012275097, 0.0, 0.017445770976963176, 0.013115856734487978, 0.011644526652093493, 0.010845804607365058, 0.010257272574407264, 0.008029258449638473, 0.008197410459054985, 0.0074407264166806795, 0.00651589036488986, 0.00676811837901463, 0.007524802421388936, 0.006810156381368757], [0.018160417016983354, 0.017445770976963176, 0.0, 0.012905666722717337, 0.012443248696821927, 0.011182108626198083, 0.009626702539095342, 0.007987220447284345, 0.00920632251555406, 0.007398688414326551, 0.0070623843954935265, 0.006053472338994451, 0.0069783083907852695, 0.006684042374306373], [0.012863628720363209, 0.013115856734487978, 0.012905666722717337, 0.0, 0.013788464772154027, 0.012317134689759543, 0.010593576593240289, 0.010383386581469648, 0.009374474524970573, 0.008954094501429291, 0.008954094501429291, 0.008617790482596267, 0.007819068437867832, 0.008197410459054985], [0.011308222633260468, 0.011644526652093493, 0.012443248696821927, 0.013788464772154027, 0.0, 0.013326046746258619, 0.012106944677988903, 0.010719690600302674, 0.011098032621489827, 0.009794854548511854, 0.008912056499075165, 0.007777030435513704, 0.009290398520262318, 0.008029258449638473], [0.010173196569699007, 0.010845804607365058, 0.011182108626198083, 0.012317134689759543, 0.013326046746258619, 0.0, 0.01437699680511182, 0.011518412645031109, 0.01013115856734488, 0.010383386581469648, 0.008491676475533883, 0.009752816546157726, 0.008912056499075165, 0.009500588532032958], [0.01034134857911552, 0.010257272574407264, 0.009626702539095342, 0.010593576593240289, 0.012106944677988903, 0.01437699680511182, 0.0, 0.013704388767445772, 0.011055994619135699, 0.01034134857911552, 0.00992096855557424, 0.009878930553220111, 0.010299310576761393, 0.010173196569699007], [0.008365562468471498, 0.008029258449638473, 0.007987220447284345, 0.010383386581469648, 0.010719690600302674, 0.011518412645031109, 0.013704388767445772, 0.0, 0.01530183285690264, 0.012863628720363209, 0.012191020682697158, 0.011938792668572389, 0.011938792668572389, 0.010929880612073315], [0.008239448461409114, 0.008197410459054985, 0.00920632251555406, 0.009374474524970573, 0.011098032621489827, 0.01013115856734488, 0.011055994619135699, 0.01530183285690264, 0.0, 0.013914578779216412, 0.01235917269211367, 0.012317134689759543, 0.012064906675634774, 0.012064906675634774], [0.0070623843954935265, 0.0074407264166806795, 0.007398688414326551, 0.008954094501429291, 0.009794854548511854, 0.010383386581469648, 0.01034134857911552, 0.012863628720363209, 0.013914578779216412, 0.0, 0.01593240289221456, 0.014082730788632924, 0.013788464772154027, 0.015680174878089793], [0.006726080376660501, 0.00651589036488986, 0.0070623843954935265, 0.008954094501429291, 0.008912056499075165, 0.008491676475533883, 0.00992096855557424, 0.012191020682697158, 0.01235917269211367, 0.01593240289221456, 0.0, 0.017908189002858583, 0.015890364889860432, 0.017445770976963176], [0.006936270388431142, 0.00676811837901463, 0.006053472338994451, 0.008617790482596267, 0.007777030435513704, 0.009752816546157726, 0.009878930553220111, 0.011938792668572389, 0.012317134689759543, 0.014082730788632924, 0.017908189002858583, 0.0, 0.01689927694635951, 0.018202455019337482], [0.007020346393139398, 0.007524802421388936, 0.0069783083907852695, 0.007819068437867832, 0.009290398520262318, 0.008912056499075165, 0.010299310576761393, 0.011938792668572389, 0.012064906675634774, 0.013788464772154027, 0.015890364889860432, 0.01689927694635951, 0.0, 0.023289053304186985], [0.007104422397847654, 0.006810156381368757, 0.006684042374306373, 0.008197410459054985, 0.008029258449638473, 0.009500588532032958, 0.010173196569699007, 0.010929880612073315, 0.012064906675634774, 0.015680174878089793, 0.017445770976963176, 0.018202455019337482, 0.023289053304186985, 0.0]], "sysname": ["SOURCE", "UFC", "IITB", "SJTU", "IPN", "RAC", "PKU", "AMU", "UMC", "NTHU", "POST", "CUUI", "NUCLEA", "CAMB"]}