{"counts": [[0.0, 0.017697998991087944, 0.018202455019337482, 0.012527324701530184, 0.01256936270388431, 0.009963006557928367, 0.00945855052967883, 0.008407600470825626, 0.00790314444257609, 0.006473852362535732, 0.008617790482596267, 0.007020346393139398, 0.0065999663695981165, 0.007104422397847654], [0.017697998991087944, 0.0, 0.015890364889860432, 0.014250882798049437, 0.012947704725071464, 0.009878930553220111, 0.009752816546157726, 0.008701866487304524, 0.008281486463763242, 0.0070623843954935265, 0.007272574407264167, 0.007734992433159576, 0.006810156381368757, 0.006726080376660501], [0.018202455019337482, 0.015890364889860432, 0.0, 0.013704388767445772, 0.012317134689759543, 0.01126618463090634, 0.009878930553220111, 0.007819068437867832, 0.008155372456700857, 0.00765091642845132, 0.0069783083907852695, 0.006684042374306373, 0.0074407264166806795, 0.00718849840255591], [0.012527324701530184, 0.014250882798049437, 0.013704388767445772, 0.0, 0.013830502774508155, 0.010887842609719187, 0.012905666722717337, 0.009332436522616444, 0.009626702539095342, 0.008155372456700857, 0.008155372456700857, 0.008323524466117371, 0.007734992433159576, 0.008197410459054985], [0.01256936270388431, 0.012947704725071464, 0.012317134689759543, 0.013830502774508155, 0.0, 0.01416680679334118, 0.012989742727425592, 0.010845804607365058, 0.009752816546157726, 0.009164284513199932, 0.008912056499075165, 0.007146460400201783, 0.007146460400201783, 0.00874390448965865], [0.009963006557928367, 0.009878930553220111, 0.01126618463090634, 0.010887842609719187, 0.01416680679334118, 0.0, 0.013410122750966874, 0.011308222633260468, 0.010719690600302674, 0.011098032621489827, 0.008575752480242138, 0.010635614595594417, 0.009290398520262318, 0.010005044560282495], [0.00945855052967883, 0.009752816546157726, 0.009878930553220111, 0.012905666722717337, 0.012989742727425592, 0.013410122750966874, 0.0, 0.01303178072977972, 0.011854716663864133, 0.009332436522616444, 0.01013115856734488, 0.010047082562636624, 0.01013115856734488, 0.009374474524970573], [0.008407600470825626, 0.008701866487304524, 0.007819068437867832, 0.009332436522616444, 0.010845804607365058, 0.011308222633260468, 0.01303178072977972, 0.0, 0.013662350765091643, 0.012947704725071464, 0.01080376660501093, 0.012401210694467799, 0.012022868673280646, 0.014292920800403565], [0.00790314444257609, 0.008281486463763242, 0.008155372456700857, 0.009626702539095342, 0.009752816546157726, 0.010719690600302674, 0.011854716663864133, 0.013662350765091643, 0.0, 0.01349419875567513, 0.012443248696821927, 0.013788464772154027, 0.012233058685051286, 0.01307381873213385], [0.006473852362535732, 0.0070623843954935265, 0.00765091642845132, 0.008155372456700857, 0.009164284513199932, 0.011098032621489827, 0.009332436522616444, 0.012947704725071464, 0.01349419875567513, 0.0, 0.016058516899276946, 0.014503110812174206, 0.015385908861610896, 0.016142592903985203], [0.008617790482596267, 0.007272574407264167, 0.0069783083907852695, 0.008155372456700857, 0.008912056499075165, 0.008575752480242138, 0.01013115856734488, 0.01080376660501093, 0.012443248696821927, 0.016058516899276946, 0.0, 0.018076341012275097, 0.016605010929880613, 0.015680174878089793], [0.007020346393139398, 0.007734992433159576, 0.006684042374306373, 0.008323524466117371, 0.007146460400201783, 0.010635614595594417, 0.010047082562636624, 0.012401210694467799, 0.013788464772154027, 0.014503110812174206, 0.018076341012275097, 0.0, 0.016605010929880613, 0.01462922481923659], [0.0065999663695981165, 0.006810156381368757, 0.0074407264166806795, 0.007734992433159576, 0.007146460400201783, 0.009290398520262318, 0.01013115856734488, 0.012022868673280646, 0.012233058685051286, 0.015385908861610896, 0.016605010929880613, 0.016605010929880613, 0.0, 0.023247015301832857], [0.007104422397847654, 0.006726080376660501, 0.00718849840255591, 0.008197410459054985, 0.00874390448965865, 0.010005044560282495, 0.009374474524970573, 0.014292920800403565, 0.01307381873213385, 0.016142592903985203, 0.015680174878089793, 0.01462922481923659, 0.023247015301832857, 0.0]], "sysname": ["SOURCE", "UFC", "IITB", "SJTU", "IPN", "RAC", "PKU", "AMU", "UMC", "NTHU", "POST", "CUUI", "NUCLEA", "CAMB"]}