{"counts": [[0.0, 0.02173772400853982, 0.009833732289577537, 0.01048068836126027, 0.010933557611438183, 0.008863298182053439, 0.007892864074529339, 0.009057385003558259, 0.008863298182053439, 0.008604515753380346, 0.00731060361001488, 0.007957559681697613, 0.007245908002846606, 0.006210778288154234, 0.006275473895322507], [0.02173772400853982, 0.0, 0.010804166397101637, 0.011321731254447824, 0.009769036682409265, 0.008733906967716892, 0.008410428931875526, 0.008669211360548618, 0.008992689396389985, 0.007439994824351427, 0.007569386038687973, 0.007957559681697613, 0.0075046904315197, 0.0064048651096590544, 0.007828168467361066], [0.009833732289577537, 0.010804166397101637, 0.0, 0.011903991718962283, 0.009122080610726531, 0.009445558646567898, 0.01067477518276509, 0.008669211360548618, 0.008604515753380346, 0.008410428931875526, 0.010351297146923724, 0.009186776217894805, 0.0073752992171831535, 0.008345733324707252, 0.007439994824351427], [0.01048068836126027, 0.011321731254447824, 0.011903991718962283, 0.0, 0.01048068836126027, 0.010092514718250631, 0.009574949860904444, 0.009445558646567898, 0.008345733324707252, 0.008863298182053439, 0.008733906967716892, 0.008086950896034159, 0.007892864074529339, 0.007439994824351427, 0.008733906967716892], [0.010933557611438183, 0.009769036682409265, 0.009122080610726531, 0.01048068836126027, 0.0, 0.011709904897457463, 0.008733906967716892, 0.008410428931875526, 0.009380863039399626, 0.009251471825063078, 0.008798602574885165, 0.007828168467361066, 0.008992689396389985, 0.00828103771753898, 0.008086950896034159], [0.008863298182053439, 0.008733906967716892, 0.009445558646567898, 0.010092514718250631, 0.011709904897457463, 0.0, 0.010027819111082357, 0.009122080610726531, 0.00989842789674581, 0.009639645468072718, 0.009510254253736172, 0.008992689396389985, 0.008927993789221713, 0.009186776217894805, 0.008733906967716892], [0.007892864074529339, 0.008410428931875526, 0.01067477518276509, 0.009574949860904444, 0.008733906967716892, 0.010027819111082357, 0.0, 0.010092514718250631, 0.00989842789674581, 0.011645209290289189, 0.0084751245390438, 0.008798602574885165, 0.009316167432231352, 0.009445558646567898, 0.009380863039399626], [0.009057385003558259, 0.008669211360548618, 0.008669211360548618, 0.009445558646567898, 0.008410428931875526, 0.009122080610726531, 0.010092514718250631, 0.0, 0.009510254253736172, 0.008216342110370705, 0.009057385003558259, 0.009574949860904444, 0.009380863039399626, 0.008086950896034159, 0.008863298182053439], [0.008863298182053439, 0.008992689396389985, 0.008604515753380346, 0.008345733324707252, 0.009380863039399626, 0.00989842789674581, 0.00989842789674581, 0.009510254253736172, 0.0, 0.009445558646567898, 0.011192340040111276, 0.0084751245390438, 0.008410428931875526, 0.007439994824351427, 0.008410428931875526], [0.008604515753380346, 0.007439994824351427, 0.008410428931875526, 0.008863298182053439, 0.009251471825063078, 0.009639645468072718, 0.011645209290289189, 0.008216342110370705, 0.009445558646567898, 0.0, 0.011839296111794009, 0.009510254253736172, 0.010157210325418903, 0.00989842789674581, 0.012292165361971922], [0.00731060361001488, 0.007569386038687973, 0.010351297146923724, 0.008733906967716892, 0.008798602574885165, 0.009510254253736172, 0.0084751245390438, 0.009057385003558259, 0.011192340040111276, 0.011839296111794009, 0.0, 0.010545383968428544, 0.010998253218606457, 0.01067477518276509, 0.010092514718250631], [0.007957559681697613, 0.007957559681697613, 0.009186776217894805, 0.008086950896034159, 0.007828168467361066, 0.008992689396389985, 0.008798602574885165, 0.009574949860904444, 0.0084751245390438, 0.009510254253736172, 0.010545383968428544, 0.0, 0.01222746975480365, 0.014297729184188394, 0.013133208255159476], [0.007245908002846606, 0.0075046904315197, 0.0073752992171831535, 0.007892864074529339, 0.008992689396389985, 0.008927993789221713, 0.009316167432231352, 0.009380863039399626, 0.008410428931875526, 0.010157210325418903, 0.010998253218606457, 0.01222746975480365, 0.0, 0.014879989648702853, 0.01643268422074141], [0.006210778288154234, 0.0064048651096590544, 0.008345733324707252, 0.007439994824351427, 0.00828103771753898, 0.009186776217894805, 0.009445558646567898, 0.008086950896034159, 0.007439994824351427, 0.00989842789674581, 0.01067477518276509, 0.014297729184188394, 0.014879989648702853, 0.0, 0.016497379827909685], [0.006275473895322507, 0.007828168467361066, 0.007439994824351427, 0.008733906967716892, 0.008086950896034159, 0.008733906967716892, 0.009380863039399626, 0.008863298182053439, 0.008410428931875526, 0.012292165361971922, 0.010092514718250631, 0.013133208255159476, 0.01643268422074141, 0.016497379827909685, 0.0]], "sysname": ["IITB", "SJTU", "PKU", "RAC", "IPN", "JMGR", "AMU", "src", "UFC", "UMC", "NTHU", "CUUI", "NUCLEA", "POST", "CAMB"]}