{"counts": [[0.0, 0.017253653838100423, 0.01813308765023661, 0.012940240378575317, 0.010971983751413375, 0.010511327945056326, 0.010511327945056326, 0.008584949118472298, 0.009171238326563089, 0.006323547887264961, 0.006909837095355752, 0.007496126303446543, 0.006784203693622011, 0.007370492901712802], [0.017253653838100423, 0.0, 0.017839943046191215, 0.011767661962393735, 0.012982118179153231, 0.010846350349679635, 0.009380627329452657, 0.008919971523095607, 0.007789270907491938, 0.007538004104024457, 0.007496126303446543, 0.006993592696511579, 0.007161103898823234, 0.007286737300556975], [0.01813308765023661, 0.017839943046191215, 0.0, 0.013526529586666109, 0.011432639557770427, 0.010008794338121362, 0.009966916537543448, 0.009171238326563089, 0.007956782109803592, 0.0067004480924661835, 0.006993592696511579, 0.007538004104024457, 0.00745424850286863, 0.007077348297667406], [0.012940240378575317, 0.011767661962393735, 0.013526529586666109, 0.0, 0.014782863604003518, 0.013023995979731145, 0.010930105950835461, 0.009799405335231794, 0.008584949118472298, 0.009338749528874743, 0.008794338121361866, 0.00850119351731647, 0.008082415511537334, 0.007412370702290716], [0.010971983751413375, 0.012982118179153231, 0.011432639557770427, 0.014782863604003518, 0.0, 0.013275262783198627, 0.012144562167594958, 0.010971983751413375, 0.010008794338121362, 0.009254993927718917, 0.009171238326563089, 0.00791490430922568, 0.008668704719628125, 0.00883621592193978], [0.010511327945056326, 0.010846350349679635, 0.010008794338121362, 0.013023995979731145, 0.013275262783198627, 0.0, 0.012940240378575317, 0.011516395158926253, 0.011683906361237908, 0.010385694543322584, 0.009548138531764313, 0.009087482725407261, 0.009464382930608485, 0.009129360525985175], [0.010511327945056326, 0.009380627329452657, 0.009966916537543448, 0.010930105950835461, 0.012144562167594958, 0.012940240378575317, 0.0, 0.012144562167594958, 0.012479584572218268, 0.011139494953725031, 0.009966916537543448, 0.010134427739855102, 0.01055320574563424, 0.010636961346790066], [0.008584949118472298, 0.008919971523095607, 0.009171238326563089, 0.009799405335231794, 0.010971983751413375, 0.011516395158926253, 0.012144562167594958, 0.0, 0.013819674190711504, 0.012605217973952008, 0.012186439968172872, 0.010971983751413375, 0.011474517358348339, 0.012982118179153231], [0.009171238326563089, 0.007789270907491938, 0.007956782109803592, 0.008584949118472298, 0.010008794338121362, 0.011683906361237908, 0.012479584572218268, 0.013819674190711504, 0.0, 0.013610285187821935, 0.013610285187821935, 0.01285648477741949, 0.011851417563549562, 0.011516395158926253], [0.006323547887264961, 0.007538004104024457, 0.0067004480924661835, 0.009338749528874743, 0.009254993927718917, 0.010385694543322584, 0.011139494953725031, 0.012605217973952008, 0.013610285187821935, 0.0, 0.014740985803425604, 0.01457347460111395, 0.015117886008626827, 0.01620670882365258], [0.006909837095355752, 0.007496126303446543, 0.006993592696511579, 0.008794338121361866, 0.009171238326563089, 0.009548138531764313, 0.009966916537543448, 0.012186439968172872, 0.013610285187821935, 0.014740985803425604, 0.0, 0.017253653838100423, 0.015117886008626827, 0.015871686419029273], [0.007496126303446543, 0.006993592696511579, 0.007538004104024457, 0.00850119351731647, 0.00791490430922568, 0.009087482725407261, 0.010134427739855102, 0.010971983751413375, 0.01285648477741949, 0.01457347460111395, 0.017253653838100423, 0.0, 0.0168767536328992, 0.017295531638678335], [0.006784203693622011, 0.007161103898823234, 0.00745424850286863, 0.008082415511537334, 0.008668704719628125, 0.009464382930608485, 0.01055320574563424, 0.011474517358348339, 0.011851417563549562, 0.015117886008626827, 0.015117886008626827, 0.0168767536328992, 0.0, 0.022362745508605886], [0.007370492901712802, 0.007286737300556975, 0.007077348297667406, 0.007412370702290716, 0.00883621592193978, 0.009129360525985175, 0.010636961346790066, 0.012982118179153231, 0.011516395158926253, 0.01620670882365258, 0.015871686419029273, 0.017295531638678335, 0.022362745508605886, 0.0]], "sysname": ["SOURCE", "UFC", "IITB", "SJTU", "IPN", "RAC", "PKU", "AMU", "UMC", "NTHU", "POST", "CUUI", "NUCLEA", "CAMB"]}