{"counts": [[0.0, 0.025008119519324457, 0.019107935476886436, 0.014561004655191079, 0.012937100790299881, 0.012016888600194868, 0.01039298473530367, 0.012341669373173108, 0.010284724477644256, 0.008444300097434233, 0.008281909710945112, 0.006766266103713327, 0.008065389195626285, 0.006062574428927141], [0.025008119519324457, 0.0, 0.017700552127314063, 0.016347298906571398, 0.013099491176789001, 0.012449929630832522, 0.011421457183068095, 0.010826025765941324, 0.009581032802858071, 0.008011259066796578, 0.007740608422648046, 0.00703691674786186, 0.005034101981162715, 0.006603875717224207], [0.019107935476886436, 0.017700552127314063, 0.0, 0.016239038648911984, 0.012233409115513695, 0.012937100790299881, 0.011908628342535456, 0.011908628342535456, 0.010284724477644256, 0.007632348164988633, 0.008823210999242178, 0.006928656490202446, 0.006170834686586554, 0.006658005846053913], [0.014561004655191079, 0.016347298906571398, 0.016239038648911984, 0.0, 0.014290354011042547, 0.012233409115513695, 0.012991230919129588, 0.011962758471365163, 0.010122334091155137, 0.007957128937966872, 0.008498430226263938, 0.006820396232543034, 0.007632348164988633, 0.008011259066796578], [0.012937100790299881, 0.013099491176789001, 0.012233409115513695, 0.014290354011042547, 0.0, 0.014939915556999025, 0.013857312980404893, 0.011854498213705749, 0.011096676410089856, 0.009418642416368951, 0.009418642416368951, 0.008227779582115406, 0.008281909710945112, 0.00784886868030746], [0.012016888600194868, 0.012449929630832522, 0.012937100790299881, 0.012233409115513695, 0.014939915556999025, 0.0, 0.013965573238064306, 0.012341669373173108, 0.012233409115513695, 0.010609505250622497, 0.008823210999242178, 0.007578218036158926, 0.007091046876691567, 0.0076864782938183395], [0.01039298473530367, 0.011421457183068095, 0.011908628342535456, 0.012991230919129588, 0.013857312980404893, 0.013965573238064306, 0.0, 0.012991230919129588, 0.012016888600194868, 0.01136732705423839, 0.009310382158709538, 0.00909386164339071, 0.008444300097434233, 0.0073616975208401], [0.012341669373173108, 0.010826025765941324, 0.011908628342535456, 0.011962758471365163, 0.011854498213705749, 0.012341669373173108, 0.012991230919129588, 0.0, 0.013532532207426654, 0.009959943704666017, 0.010284724477644256, 0.008714950741582765, 0.008498430226263938, 0.008877341128071885], [0.010284724477644256, 0.009581032802858071, 0.010284724477644256, 0.010122334091155137, 0.011096676410089856, 0.012233409115513695, 0.012016888600194868, 0.013532532207426654, 0.0, 0.011746237956046335, 0.011692107827216629, 0.010447114864133376, 0.009635162931687778, 0.009851683447006604], [0.008444300097434233, 0.008011259066796578, 0.007632348164988633, 0.007957128937966872, 0.009418642416368951, 0.010609505250622497, 0.01136732705423839, 0.009959943704666017, 0.011746237956046335, 0.0, 0.015643607231785213, 0.012341669373173108, 0.012720580274981054, 0.01407383349572372], [0.008281909710945112, 0.007740608422648046, 0.008823210999242178, 0.008498430226263938, 0.009418642416368951, 0.008823210999242178, 0.009310382158709538, 0.010284724477644256, 0.011692107827216629, 0.015643607231785213, 0.0, 0.01326188156327812, 0.01358666233625636, 0.01277471040381076], [0.006766266103713327, 0.00703691674786186, 0.006928656490202446, 0.006820396232543034, 0.008227779582115406, 0.007578218036158926, 0.00909386164339071, 0.008714950741582765, 0.010447114864133376, 0.012341669373173108, 0.01326188156327812, 0.0, 0.01807946302912201, 0.01759229186965465], [0.008065389195626285, 0.005034101981162715, 0.006170834686586554, 0.007632348164988633, 0.008281909710945112, 0.007091046876691567, 0.008444300097434233, 0.008498430226263938, 0.009635162931687778, 0.012720580274981054, 0.01358666233625636, 0.01807946302912201, 0.0, 0.018458373930929955], [0.006062574428927141, 0.006603875717224207, 0.006658005846053913, 0.008011259066796578, 0.00784886868030746, 0.0076864782938183395, 0.0073616975208401, 0.008877341128071885, 0.009851683447006604, 0.01407383349572372, 0.01277471040381076, 0.01759229186965465, 0.018458373930929955, 0.0]], "sysname": ["CAMB", "NUCLEA", "POST", "CUUI", "NTHU", "AMU", "UMC", "PKU", "RAC", "IPN", "SJTU", "IITB", "UFC", "SOURCE"]}