{"counts": [[0.0, 0.017923698647347042, 0.016583609028853804, 0.012940240378575317, 0.011516395158926253, 0.011558272959504167, 0.009296871728296829, 0.008794338121361866, 0.007998659910381506, 0.00850119351731647, 0.007328615101134889, 0.006323547887264961, 0.006449181288998702, 0.007244859499979061], [0.017923698647347042, 0.0, 0.017128020436366683, 0.012353951170484526, 0.011474517358348339, 0.010720716947945894, 0.010301938942166758, 0.0077055153063361114, 0.00850119351731647, 0.006574814690732443, 0.007621759705180284, 0.00791490430922568, 0.007621759705180284, 0.007286737300556975], [0.016583609028853804, 0.017128020436366683, 0.0, 0.012437706771640354, 0.010846350349679635, 0.011139494953725031, 0.011055739352569203, 0.009673771933498053, 0.00942250513003057, 0.008249926713848988, 0.007244859499979061, 0.006365425687842875, 0.006574814690732443, 0.006156036684953306], [0.012940240378575317, 0.012353951170484526, 0.012437706771640354, 0.0, 0.013568407387244023, 0.012270195569328698, 0.011474517358348339, 0.010636961346790066, 0.00883621592193978, 0.008584949118472298, 0.009003727124251435, 0.00791490430922568, 0.00883621592193978, 0.009380627329452657], [0.011516395158926253, 0.011474517358348339, 0.010846350349679635, 0.013568407387244023, 0.0, 0.01490849700573726, 0.014280329997068554, 0.010427572343900498, 0.01021818334101093, 0.00791490430922568, 0.008208048913271076, 0.00850119351731647, 0.00837556011558273, 0.00975752753465388], [0.011558272959504167, 0.010720716947945894, 0.011139494953725031, 0.012270195569328698, 0.01490849700573726, 0.0, 0.012437706771640354, 0.011307006156036685, 0.011139494953725031, 0.009925038736965534, 0.008082415511537334, 0.009464382930608485, 0.009213116127141003, 0.009338749528874743], [0.009296871728296829, 0.010301938942166758, 0.011055739352569203, 0.011474517358348339, 0.014280329997068554, 0.012437706771640354, 0.0, 0.011516395158926253, 0.01160015076008208, 0.01009254993927719, 0.00988316093638762, 0.01009254993927719, 0.01067883914736798, 0.010008794338121362], [0.008794338121361866, 0.0077055153063361114, 0.009673771933498053, 0.010636961346790066, 0.010427572343900498, 0.011307006156036685, 0.011516395158926253, 0.0, 0.014196574395912726, 0.013275262783198627, 0.012437706771640354, 0.012270195569328698, 0.011348883956614599, 0.010971983751413375], [0.007998659910381506, 0.00850119351731647, 0.00942250513003057, 0.00883621592193978, 0.01021818334101093, 0.011139494953725031, 0.01160015076008208, 0.014196574395912726, 0.0, 0.013610285187821935, 0.012437706771640354, 0.013400896184932367, 0.011767661962393735, 0.01206080656643913], [0.00850119351731647, 0.006574814690732443, 0.008249926713848988, 0.008584949118472298, 0.00791490430922568, 0.009925038736965534, 0.01009254993927719, 0.013275262783198627, 0.013610285187821935, 0.0, 0.01582980861845136, 0.015243519410360567, 0.014405963398802294, 0.015243519410360567], [0.007328615101134889, 0.007621759705180284, 0.007244859499979061, 0.009003727124251435, 0.008208048913271076, 0.008082415511537334, 0.00988316093638762, 0.012437706771640354, 0.012437706771640354, 0.01582980861845136, 0.0, 0.017253653838100423, 0.016248586624230496, 0.016583609028853804], [0.006323547887264961, 0.00791490430922568, 0.006365425687842875, 0.00791490430922568, 0.00850119351731647, 0.009464382930608485, 0.01009254993927719, 0.012270195569328698, 0.013400896184932367, 0.015243519410360567, 0.017253653838100423, 0.0, 0.016290464424808408, 0.016792998031743372], [0.006449181288998702, 0.007621759705180284, 0.006574814690732443, 0.00883621592193978, 0.00837556011558273, 0.009213116127141003, 0.01067883914736798, 0.011348883956614599, 0.011767661962393735, 0.014405963398802294, 0.016248586624230496, 0.016290464424808408, 0.0, 0.023619079525943297], [0.007244859499979061, 0.007286737300556975, 0.006156036684953306, 0.009380627329452657, 0.00975752753465388, 0.009338749528874743, 0.010008794338121362, 0.010971983751413375, 0.01206080656643913, 0.015243519410360567, 0.016583609028853804, 0.016792998031743372, 0.023619079525943297, 0.0]], "sysname": ["SOURCE", "UFC", "IITB", "SJTU", "IPN", "RAC", "PKU", "AMU", "UMC", "NTHU", "POST", "CUUI", "NUCLEA", "CAMB"]}