{"sysname": ["SOURCE", "UFC", "IITB", "SJTU", "IPN", "RAC", "PKU", "AMU", "UMC", "NTHU", "POST", "CUUI", "NUCLEA", "CAMB"], "counts": [[0.0, 0.016100554901631075, 0.0177820749957962, 0.013662350765091643, 0.01126618463090634, 0.011098032621489827, 0.009542626534387085, 0.007819068437867832, 0.008407600470825626, 0.007566840423743064, 0.007692954430805448, 0.007146460400201783, 0.0069783083907852695, 0.007146460400201783], [0.016100554901631075, 0.0, 0.017740036993442072, 0.012064906675634774, 0.011938792668572389, 0.011602488649739364, 0.010467462586177905, 0.008870018496721036, 0.008870018496721036, 0.008029258449638473, 0.007987220447284345, 0.006263662350765092, 0.006389776357827476, 0.006936270388431142], [0.0177820749957962, 0.017740036993442072, 0.0, 0.012905666722717337, 0.011140070623843954, 0.011560450647385236, 0.01101395661678157, 0.00874390448965865, 0.008155372456700857, 0.006852194383722886, 0.007146460400201783, 0.006347738355473348, 0.006810156381368757, 0.006936270388431142], [0.013662350765091643, 0.012064906675634774, 0.012905666722717337, 0.0, 0.013998654783924667, 0.011938792668572389, 0.012022868673280646, 0.010173196569699007, 0.009332436522616444, 0.008407600470825626, 0.008365562468471498, 0.007734992433159576, 0.008491676475533883, 0.008407600470825626], [0.01126618463090634, 0.011938792668572389, 0.011140070623843954, 0.013998654783924667, 0.0, 0.013956616781570539, 0.012989742727425592, 0.010635614595594417, 0.010005044560282495, 0.009080208508491677, 0.009542626534387085, 0.009332436522616444, 0.008239448461409114, 0.007945182444930216], [0.011098032621489827, 0.011602488649739364, 0.011560450647385236, 0.011938792668572389, 0.013956616781570539, 0.0, 0.012401210694467799, 0.010971918614427442, 0.010299310576761393, 0.009038170506137548, 0.009080208508491677, 0.00945855052967883, 0.009794854548511854, 0.010215234572053136], [0.009542626534387085, 0.010467462586177905, 0.01101395661678157, 0.012022868673280646, 0.012989742727425592, 0.012401210694467799, 0.0, 0.012317134689759543, 0.012653438708592568, 0.009038170506137548, 0.010761728602656801, 0.010173196569699007, 0.009752816546157726, 0.00966874054144947], [0.007819068437867832, 0.008870018496721036, 0.00874390448965865, 0.010173196569699007, 0.010635614595594417, 0.010971918614427442, 0.012317134689759543, 0.0, 0.012947704725071464, 0.013746426769799898, 0.012317134689759543, 0.012779552715654952, 0.011980830670926517, 0.012401210694467799], [0.008407600470825626, 0.008870018496721036, 0.008155372456700857, 0.009332436522616444, 0.010005044560282495, 0.010299310576761393, 0.012653438708592568, 0.012947704725071464, 0.0, 0.013830502774508155, 0.012064906675634774, 0.013368084748612745, 0.01172860265680175, 0.013199932739196233], [0.007566840423743064, 0.008029258449638473, 0.006852194383722886, 0.008407600470825626, 0.009080208508491677, 0.009038170506137548, 0.009038170506137548, 0.013746426769799898, 0.013830502774508155, 0.0, 0.015512022868673281, 0.014797376828653102, 0.016184630906339332, 0.01576425088279805], [0.007692954430805448, 0.007987220447284345, 0.007146460400201783, 0.008365562468471498, 0.009542626534387085, 0.009080208508491677, 0.010761728602656801, 0.012317134689759543, 0.012064906675634774, 0.015512022868673281, 0.0, 0.01462922481923659, 0.015554060871027408, 0.01689927694635951], [0.007146460400201783, 0.006263662350765092, 0.006347738355473348, 0.007734992433159576, 0.009332436522616444, 0.00945855052967883, 0.010173196569699007, 0.012779552715654952, 0.013368084748612745, 0.014797376828653102, 0.01462922481923659, 0.0, 0.01849672103581638, 0.017151504960484277], [0.0069783083907852695, 0.006389776357827476, 0.006810156381368757, 0.008491676475533883, 0.008239448461409114, 0.009794854548511854, 0.009752816546157726, 0.011980830670926517, 0.01172860265680175, 0.016184630906339332, 0.015554060871027408, 0.01849672103581638, 0.0, 0.02143938120060535], [0.007146460400201783, 0.006936270388431142, 0.006936270388431142, 0.008407600470825626, 0.007945182444930216, 0.010215234572053136, 0.00966874054144947, 0.012401210694467799, 0.013199932739196233, 0.01576425088279805, 0.01689927694635951, 0.017151504960484277, 0.02143938120060535, 0.0]]}