{"sysname": ["IITB", "SJTU", "PKU", "RAC", "IPN", "JMGR", "AMU", "UFC", "src", "UMC", "NTHU", "CUUI", "NUCLEA", "POST", "CAMB"], "counts": [[0.0, 0.01979685579349162, 0.00989842789674581, 0.010092514718250631, 0.009639645468072718, 0.009316167432231352, 0.010351297146923724, 0.0084751245390438, 0.008669211360548618, 0.008216342110370705, 0.008086950896034159, 0.006793038752668693, 0.008022255288865887, 0.006793038752668693, 0.00731060361001488], [0.01979685579349162, 0.0, 0.011127644432943003, 0.010027819111082357, 0.008798602574885165, 0.008410428931875526, 0.009316167432231352, 0.008798602574885165, 0.008604515753380346, 0.00828103771753898, 0.0084751245390438, 0.008151646503202433, 0.008216342110370705, 0.007763472860192793, 0.007892864074529339], [0.00989842789674581, 0.011127644432943003, 0.0, 0.011903991718962283, 0.010415992754091998, 0.009574949860904444, 0.009251471825063078, 0.009251471825063078, 0.009639645468072718, 0.009574949860904444, 0.009122080610726531, 0.008216342110370705, 0.009122080610726531, 0.00711651678851006, 0.00731060361001488], [0.010092514718250631, 0.010027819111082357, 0.011903991718962283, 0.0, 0.011386426861616096, 0.009833732289577537, 0.009380863039399626, 0.008992689396389985, 0.009057385003558259, 0.008733906967716892, 0.008345733324707252, 0.008216342110370705, 0.0084751245390438, 0.008086950896034159, 0.0084751245390438], [0.009639645468072718, 0.008798602574885165, 0.010415992754091998, 0.011386426861616096, 0.0, 0.009833732289577537, 0.010610079575596816, 0.00970434107524099, 0.008992689396389985, 0.008669211360548618, 0.008604515753380346, 0.008604515753380346, 0.0073752992171831535, 0.008604515753380346, 0.008863298182053439], [0.009316167432231352, 0.008410428931875526, 0.009574949860904444, 0.009833732289577537, 0.009833732289577537, 0.0, 0.009445558646567898, 0.008151646503202433, 0.01086886200426991, 0.009963123503914085, 0.010351297146923724, 0.009833732289577537, 0.008410428931875526, 0.008669211360548618, 0.009316167432231352], [0.010351297146923724, 0.009316167432231352, 0.009251471825063078, 0.009380863039399626, 0.010610079575596816, 0.009445558646567898, 0.0, 0.010610079575596816, 0.008927993789221713, 0.00989842789674581, 0.008539820146212072, 0.008151646503202433, 0.008733906967716892, 0.009510254253736172, 0.00989842789674581], [0.0084751245390438, 0.008798602574885165, 0.009251471825063078, 0.008992689396389985, 0.00970434107524099, 0.008151646503202433, 0.010610079575596816, 0.0, 0.010221905932587178, 0.008151646503202433, 0.009769036682409265, 0.009380863039399626, 0.0073752992171831535, 0.008863298182053439, 0.008669211360548618], [0.008669211360548618, 0.008604515753380346, 0.009639645468072718, 0.009057385003558259, 0.008992689396389985, 0.01086886200426991, 0.008927993789221713, 0.010221905932587178, 0.0, 0.009510254253736172, 0.008022255288865887, 0.009122080610726531, 0.008604515753380346, 0.007957559681697613, 0.008604515753380346], [0.008216342110370705, 0.00828103771753898, 0.009574949860904444, 0.008733906967716892, 0.008669211360548618, 0.009963123503914085, 0.00989842789674581, 0.008151646503202433, 0.009510254253736172, 0.0, 0.01086886200426991, 0.010933557611438183, 0.01222746975480365, 0.009833732289577537, 0.010221905932587178], [0.008086950896034159, 0.0084751245390438, 0.009122080610726531, 0.008345733324707252, 0.008604515753380346, 0.010351297146923724, 0.008539820146212072, 0.009769036682409265, 0.008022255288865887, 0.01086886200426991, 0.0, 0.012486252183476742, 0.010351297146923724, 0.011386426861616096, 0.010545383968428544], [0.006793038752668693, 0.008151646503202433, 0.008216342110370705, 0.008216342110370705, 0.008604515753380346, 0.009833732289577537, 0.008151646503202433, 0.009380863039399626, 0.009122080610726531, 0.010933557611438183, 0.012486252183476742, 0.0, 0.01222746975480365, 0.011645209290289189, 0.012939121433654655], [0.008022255288865887, 0.008216342110370705, 0.009122080610726531, 0.0084751245390438, 0.0073752992171831535, 0.008410428931875526, 0.008733906967716892, 0.0073752992171831535, 0.008604515753380346, 0.01222746975480365, 0.010351297146923724, 0.01222746975480365, 0.0, 0.01481529404153458, 0.015721032541890407], [0.006793038752668693, 0.007763472860192793, 0.00711651678851006, 0.008086950896034159, 0.008604515753380346, 0.008669211360548618, 0.009510254253736172, 0.008863298182053439, 0.007957559681697613, 0.009833732289577537, 0.011386426861616096, 0.011645209290289189, 0.01481529404153458, 0.0, 0.015591641327553859], [0.00731060361001488, 0.007892864074529339, 0.00731060361001488, 0.0084751245390438, 0.008863298182053439, 0.009316167432231352, 0.00989842789674581, 0.008669211360548618, 0.008604515753380346, 0.010221905932587178, 0.010545383968428544, 0.012939121433654655, 0.015721032541890407, 0.015591641327553859, 0.0]]}