{"sysname": ["IITB", "SJTU", "PKU", "RAC", "IPN", "UFC", "AMU", "src", "JMGR", "UMC", "NTHU", "CUUI", "NUCLEA", "POST", "CAMB"], "counts": [[0.0, 0.020314420650837807, 0.011709904897457463, 0.010027819111082357, 0.010351297146923724, 0.009122080610726531, 0.009251471825063078, 0.00711651678851006, 0.009186776217894805, 0.007892864074529339, 0.007051821181341787, 0.00731060361001488, 0.007698777253024519, 0.006534256323995601, 0.007763472860192793], [0.020314420650837807, 0.0, 0.01145112246878437, 0.009057385003558259, 0.01086886200426991, 0.008798602574885165, 0.010610079575596816, 0.009251471825063078, 0.008022255288865887, 0.007698777253024519, 0.007698777253024519, 0.008345733324707252, 0.006146082680985961, 0.008151646503202433, 0.0075046904315197], [0.011709904897457463, 0.01145112246878437, 0.0, 0.01125703564727955, 0.009963123503914085, 0.009510254253736172, 0.010739470789933363, 0.010415992754091998, 0.008992689396389985, 0.008216342110370705, 0.008151646503202433, 0.008022255288865887, 0.008604515753380346, 0.0064048651096590544, 0.008022255288865887], [0.010027819111082357, 0.009057385003558259, 0.01125703564727955, 0.0, 0.01028660153975545, 0.009057385003558259, 0.010739470789933363, 0.009316167432231352, 0.010092514718250631, 0.009057385003558259, 0.008669211360548618, 0.009122080610726531, 0.008539820146212072, 0.008151646503202433, 0.007698777253024519], [0.010351297146923724, 0.01086886200426991, 0.009963123503914085, 0.01028660153975545, 0.0, 0.008733906967716892, 0.009380863039399626, 0.007892864074529339, 0.009445558646567898, 0.00970434107524099, 0.009122080610726531, 0.007957559681697613, 0.008992689396389985, 0.008345733324707252, 0.009186776217894805], [0.009122080610726531, 0.008798602574885165, 0.009510254253736172, 0.009057385003558259, 0.008733906967716892, 0.0, 0.009316167432231352, 0.010933557611438183, 0.008604515753380346, 0.008669211360548618, 0.008669211360548618, 0.008669211360548618, 0.008863298182053439, 0.009251471825063078, 0.00828103771753898], [0.009251471825063078, 0.010610079575596816, 0.010739470789933363, 0.010739470789933363, 0.009380863039399626, 0.009316167432231352, 0.0, 0.010610079575596816, 0.010545383968428544, 0.008086950896034159, 0.009251471825063078, 0.00828103771753898, 0.008863298182053439, 0.008345733324707252, 0.008798602574885165], [0.00711651678851006, 0.009251471825063078, 0.010415992754091998, 0.009316167432231352, 0.007892864074529339, 0.010933557611438183, 0.010610079575596816, 0.0, 0.010739470789933363, 0.008992689396389985, 0.008863298182053439, 0.008669211360548618, 0.008022255288865887, 0.007763472860192793, 0.00828103771753898], [0.009186776217894805, 0.008022255288865887, 0.008992689396389985, 0.010092514718250631, 0.009445558646567898, 0.008604515753380346, 0.010545383968428544, 0.010739470789933363, 0.0, 0.010415992754091998, 0.010415992754091998, 0.008733906967716892, 0.009251471825063078, 0.008216342110370705, 0.009639645468072718], [0.007892864074529339, 0.007698777253024519, 0.008216342110370705, 0.009057385003558259, 0.00970434107524099, 0.008669211360548618, 0.008086950896034159, 0.008992689396389985, 0.010415992754091998, 0.0, 0.011709904897457463, 0.01145112246878437, 0.012745034612149835, 0.009574949860904444, 0.01106294882577473], [0.007051821181341787, 0.007698777253024519, 0.008151646503202433, 0.008669211360548618, 0.009122080610726531, 0.008669211360548618, 0.009251471825063078, 0.008863298182053439, 0.010415992754091998, 0.011709904897457463, 0.0, 0.010998253218606457, 0.010157210325418903, 0.011515818075952642, 0.011515818075952642], [0.00731060361001488, 0.008345733324707252, 0.008022255288865887, 0.009122080610726531, 0.007957559681697613, 0.008669211360548618, 0.00828103771753898, 0.008669211360548618, 0.008733906967716892, 0.01145112246878437, 0.010998253218606457, 0.0, 0.011774600504625737, 0.01365077311250566, 0.013197903862327748], [0.007698777253024519, 0.006146082680985961, 0.008604515753380346, 0.008539820146212072, 0.008992689396389985, 0.008863298182053439, 0.008863298182053439, 0.008022255288865887, 0.009251471825063078, 0.012745034612149835, 0.010157210325418903, 0.011774600504625737, 0.0, 0.015138772077375946, 0.014685902827198033], [0.006534256323995601, 0.008151646503202433, 0.0064048651096590544, 0.008151646503202433, 0.008345733324707252, 0.009251471825063078, 0.008345733324707252, 0.007763472860192793, 0.008216342110370705, 0.009574949860904444, 0.011515818075952642, 0.01365077311250566, 0.015138772077375946, 0.0, 0.016044510577731774], [0.007763472860192793, 0.0075046904315197, 0.008022255288865887, 0.007698777253024519, 0.009186776217894805, 0.00828103771753898, 0.008798602574885165, 0.00828103771753898, 0.009639645468072718, 0.01106294882577473, 0.011515818075952642, 0.013197903862327748, 0.014685902827198033, 0.016044510577731774, 0.0]]}