{"sysname": ["SOURCE", "UFC", "IITB", "SJTU", "IPN", "RAC", "PKU", "AMU", "UMC", "NTHU", "POST", "CUUI", "NUCLEA", "CAMB"], "counts": [[0.0, 0.017169898236944595, 0.016499853427697976, 0.013442773985510281, 0.011893295364127476, 0.010301938942166758, 0.009966916537543448, 0.008626826919050212, 0.008584949118472298, 0.007621759705180284, 0.006742325893044097, 0.0077473931069140245, 0.007077348297667406, 0.006574814690732443], [0.017169898236944595, 0.0, 0.018342476653126178, 0.013861551991289418, 0.011474517358348339, 0.010511327945056326, 0.01009254993927719, 0.008459315716738558, 0.00883621592193978, 0.007956782109803592, 0.006993592696511579, 0.005946647682063738, 0.0057372586791741694, 0.0075798819046023706], [0.016499853427697976, 0.018342476653126178, 0.0, 0.013400896184932367, 0.013065873780309057, 0.010260061141588844, 0.009673771933498053, 0.008961849323673521, 0.007998659910381506, 0.0077473931069140245, 0.007202981699401147, 0.007161103898823234, 0.006826081494199924, 0.00619791448553122], [0.013442773985510281, 0.013861551991289418, 0.013400896184932367, 0.0, 0.013987185393023158, 0.012437706771640354, 0.010762594748523808, 0.008459315716738558, 0.008878093722517693, 0.009045604924829347, 0.008543071317894384, 0.00791490430922568, 0.0076636375057581975, 0.008794338121361866], [0.011893295364127476, 0.011474517358348339, 0.013065873780309057, 0.013987185393023158, 0.0, 0.013400896184932367, 0.01193517316470539, 0.01067883914736798, 0.00988316093638762, 0.009171238326563089, 0.008919971523095607, 0.008752460320783952, 0.009087482725407261, 0.007873026508647766], [0.010301938942166758, 0.010511327945056326, 0.010260061141588844, 0.012437706771640354, 0.013400896184932367, 0.0, 0.013233384982620713, 0.010971983751413375, 0.011097617153147117, 0.01021818334101093, 0.009464382930608485, 0.00988316093638762, 0.009548138531764313, 0.010301938942166758], [0.009966916537543448, 0.01009254993927719, 0.009673771933498053, 0.010762594748523808, 0.01193517316470539, 0.013233384982620713, 0.0, 0.013359018384354453, 0.012228317768750786, 0.011181372754302943, 0.01067883914736798, 0.009003727124251435, 0.01101386155199129, 0.00988316093638762], [0.008626826919050212, 0.008459315716738558, 0.008961849323673521, 0.008459315716738558, 0.01067883914736798, 0.010971983751413375, 0.013359018384354453, 0.0, 0.014447841199380208, 0.012898362577997403, 0.011893295364127476, 0.012312073369906612, 0.012270195569328698, 0.012018928765861216], [0.008584949118472298, 0.00883621592193978, 0.007998659910381506, 0.008878093722517693, 0.00988316093638762, 0.011097617153147117, 0.012228317768750786, 0.014447841199380208, 0.0, 0.012144562167594958, 0.012772729176263663, 0.012814606976841576, 0.013317140583776541, 0.012479584572218268], [0.007621759705180284, 0.007956782109803592, 0.0077473931069140245, 0.009045604924829347, 0.009171238326563089, 0.01021818334101093, 0.011181372754302943, 0.012898362577997403, 0.012144562167594958, 0.0, 0.015411030612672223, 0.014615352401691864, 0.014280329997068554, 0.015452908413250137], [0.006742325893044097, 0.006993592696511579, 0.007202981699401147, 0.008543071317894384, 0.008919971523095607, 0.009464382930608485, 0.01067883914736798, 0.011893295364127476, 0.012772729176263663, 0.015411030612672223, 0.0, 0.01754679844214582, 0.015159763809204741, 0.016834875832321287], [0.0077473931069140245, 0.005946647682063738, 0.007161103898823234, 0.00791490430922568, 0.008752460320783952, 0.00988316093638762, 0.009003727124251435, 0.012312073369906612, 0.012814606976841576, 0.014615352401691864, 0.01754679844214582, 0.0, 0.016248586624230496, 0.017044264835210855], [0.007077348297667406, 0.0057372586791741694, 0.006826081494199924, 0.0076636375057581975, 0.009087482725407261, 0.009548138531764313, 0.01101386155199129, 0.012270195569328698, 0.013317140583776541, 0.014280329997068554, 0.015159763809204741, 0.016248586624230496, 0.0, 0.023242179320742073], [0.006574814690732443, 0.0075798819046023706, 0.00619791448553122, 0.008794338121361866, 0.007873026508647766, 0.010301938942166758, 0.00988316093638762, 0.012018928765861216, 0.012479584572218268, 0.015452908413250137, 0.016834875832321287, 0.017044264835210855, 0.023242179320742073, 0.0]]}