{"sysname": ["SOURCE", "UFC", "IITB", "SJTU", "IPN", "RAC", "PKU", "AMU", "UMC", "NTHU", "POST", "CUUI", "NUCLEA", "CAMB"], "counts": [[0.0, 0.01736169497225492, 0.017235580965192534, 0.012863628720363209, 0.01126618463090634, 0.011308222633260468, 0.010425424583823777, 0.00853371447788801, 0.00853371447788801, 0.007314612409618295, 0.007230536404910039, 0.006810156381368757, 0.0062216243484109635, 0.007356650411972423], [0.01736169497225492, 0.0, 0.01795022700521271, 0.013115856734487978, 0.011896754666218262, 0.009836892550865983, 0.009794854548511854, 0.008197410459054985, 0.00878594249201278, 0.008281486463763242, 0.007398688414326551, 0.007146460400201783, 0.006347738355473348, 0.006936270388431142], [0.017235580965192534, 0.01795022700521271, 0.0, 0.01303178072977972, 0.01256936270388431, 0.011140070623843954, 0.009794854548511854, 0.00811333445434673, 0.00899613250378342, 0.006431814360181604, 0.007608878426097192, 0.00651589036488986, 0.006684042374306373, 0.0069783083907852695], [0.012863628720363209, 0.013115856734487978, 0.01303178072977972, 0.0, 0.014292920800403565, 0.011686564654447621, 0.011182108626198083, 0.010299310576761393, 0.009626702539095342, 0.009038170506137548, 0.008029258449638473, 0.008155372456700857, 0.007777030435513704, 0.008659828484950395], [0.01126618463090634, 0.011896754666218262, 0.01256936270388431, 0.014292920800403565, 0.0, 0.013998654783924667, 0.010929880612073315, 0.010929880612073315, 0.009963006557928367, 0.00899613250378342, 0.008870018496721036, 0.009416512527324701, 0.008617790482596267, 0.008491676475533883], [0.011308222633260468, 0.009836892550865983, 0.011140070623843954, 0.011686564654447621, 0.013998654783924667, 0.0, 0.01328400874390449, 0.01055153859088616, 0.010635614595594417, 0.00945855052967883, 0.009500588532032958, 0.0097107785438036, 0.00992096855557424, 0.01034134857911552], [0.010425424583823777, 0.009794854548511854, 0.009794854548511854, 0.011182108626198083, 0.010929880612073315, 0.01328400874390449, 0.0, 0.012401210694467799, 0.012527324701530184, 0.012233058685051286, 0.010971918614427442, 0.01034134857911552, 0.01013115856734488, 0.009164284513199932], [0.00853371447788801, 0.008197410459054985, 0.00811333445434673, 0.010299310576761393, 0.010929880612073315, 0.01055153859088616, 0.012401210694467799, 0.0, 0.014587186816882461, 0.012989742727425592, 0.012233058685051286, 0.01328400874390449, 0.011140070623843954, 0.011938792668572389], [0.00853371447788801, 0.00878594249201278, 0.00899613250378342, 0.009626702539095342, 0.009963006557928367, 0.010635614595594417, 0.012527324701530184, 0.014587186816882461, 0.0, 0.012653438708592568, 0.011392298637968723, 0.01235917269211367, 0.013326046746258619, 0.01172860265680175], [0.007314612409618295, 0.008281486463763242, 0.006431814360181604, 0.009038170506137548, 0.00899613250378342, 0.00945855052967883, 0.012233058685051286, 0.012989742727425592, 0.012653438708592568, 0.0, 0.016352782915755842, 0.014292920800403565, 0.014503110812174206, 0.01530183285690264], [0.007230536404910039, 0.007398688414326551, 0.007608878426097192, 0.008029258449638473, 0.008870018496721036, 0.009500588532032958, 0.010971918614427442, 0.012233058685051286, 0.011392298637968723, 0.016352782915755842, 0.0, 0.01689927694635951, 0.016310744913401714, 0.015554060871027408], [0.006810156381368757, 0.007146460400201783, 0.00651589036488986, 0.008155372456700857, 0.009416512527324701, 0.0097107785438036, 0.01034134857911552, 0.01328400874390449, 0.01235917269211367, 0.014292920800403565, 0.01689927694635951, 0.0, 0.01576425088279805, 0.016773162939297124], [0.0062216243484109635, 0.006347738355473348, 0.006684042374306373, 0.007777030435513704, 0.008617790482596267, 0.00992096855557424, 0.01013115856734488, 0.011140070623843954, 0.013326046746258619, 0.014503110812174206, 0.016310744913401714, 0.01576425088279805, 0.0, 0.024466117370102573], [0.007356650411972423, 0.006936270388431142, 0.0069783083907852695, 0.008659828484950395, 0.008491676475533883, 0.01034134857911552, 0.009164284513199932, 0.011938792668572389, 0.01172860265680175, 0.01530183285690264, 0.015554060871027408, 0.016773162939297124, 0.024466117370102573, 0.0]]}