{"sysname": ["IITB", "SJTU", "PKU", "RAC", "IPN", "UFC", "JMGR", "AMU", "src", "UMC", "NTHU", "CUUI", "NUCLEA", "POST", "CAMB"], "counts": [[0.0, 0.022255288865886007, 0.009510254253736172, 0.010415992754091998, 0.009963123503914085, 0.008863298182053439, 0.008022255288865887, 0.0075046904315197, 0.008669211360548618, 0.007957559681697613, 0.008410428931875526, 0.008086950896034159, 0.007763472860192793, 0.0059519958594811415, 0.007051821181341787], [0.022255288865886007, 0.0, 0.010739470789933363, 0.010545383968428544, 0.00970434107524099, 0.009251471825063078, 0.008086950896034159, 0.007892864074529339, 0.010157210325418903, 0.008539820146212072, 0.006987125574173514, 0.007181212395678333, 0.006793038752668693, 0.007763472860192793, 0.00731060361001488], [0.009510254253736172, 0.010739470789933363, 0.0, 0.010415992754091998, 0.011774600504625737, 0.008216342110370705, 0.010092514718250631, 0.009186776217894805, 0.008539820146212072, 0.009316167432231352, 0.008539820146212072, 0.008798602574885165, 0.008345733324707252, 0.008604515753380346, 0.009316167432231352], [0.010415992754091998, 0.010545383968428544, 0.010415992754091998, 0.0, 0.011386426861616096, 0.008022255288865887, 0.009510254253736172, 0.010610079575596816, 0.008798602574885165, 0.009251471825063078, 0.0084751245390438, 0.009251471825063078, 0.008733906967716892, 0.007634081645856246, 0.008345733324707252], [0.009963123503914085, 0.00970434107524099, 0.011774600504625737, 0.011386426861616096, 0.0, 0.009769036682409265, 0.009639645468072718, 0.009445558646567898, 0.008669211360548618, 0.008539820146212072, 0.009186776217894805, 0.008345733324707252, 0.00711651678851006, 0.008345733324707252, 0.008410428931875526], [0.008863298182053439, 0.009251471825063078, 0.008216342110370705, 0.008022255288865887, 0.009769036682409265, 0.0, 0.009251471825063078, 0.009445558646567898, 0.0084751245390438, 0.009380863039399626, 0.009833732289577537, 0.009963123503914085, 0.008216342110370705, 0.009833732289577537, 0.009445558646567898], [0.008022255288865887, 0.008086950896034159, 0.010092514718250631, 0.009510254253736172, 0.009639645468072718, 0.009251471825063078, 0.0, 0.01028660153975545, 0.010092514718250631, 0.009186776217894805, 0.01048068836126027, 0.0084751245390438, 0.010092514718250631, 0.0084751245390438, 0.009574949860904444], [0.0075046904315197, 0.007892864074529339, 0.009186776217894805, 0.010610079575596816, 0.009445558646567898, 0.009445558646567898, 0.01028660153975545, 0.0, 0.00989842789674581, 0.01028660153975545, 0.010157210325418903, 0.010415992754091998, 0.009445558646567898, 0.008798602574885165, 0.009380863039399626], [0.008669211360548618, 0.010157210325418903, 0.008539820146212072, 0.008798602574885165, 0.008669211360548618, 0.0084751245390438, 0.010092514718250631, 0.00989842789674581, 0.0, 0.010027819111082357, 0.008927993789221713, 0.008927993789221713, 0.009445558646567898, 0.008863298182053439, 0.007957559681697613], [0.007957559681697613, 0.008539820146212072, 0.009316167432231352, 0.009251471825063078, 0.008539820146212072, 0.009380863039399626, 0.009186776217894805, 0.01028660153975545, 0.010027819111082357, 0.0, 0.011386426861616096, 0.008669211360548618, 0.009833732289577537, 0.01086886200426991, 0.010804166397101637], [0.008410428931875526, 0.006987125574173514, 0.008539820146212072, 0.0084751245390438, 0.009186776217894805, 0.009833732289577537, 0.01048068836126027, 0.010157210325418903, 0.008927993789221713, 0.011386426861616096, 0.0, 0.010221905932587178, 0.011580513683120916, 0.009316167432231352, 0.01067477518276509], [0.008086950896034159, 0.007181212395678333, 0.008798602574885165, 0.009251471825063078, 0.008345733324707252, 0.009963123503914085, 0.0084751245390438, 0.010415992754091998, 0.008927993789221713, 0.008669211360548618, 0.010221905932587178, 0.0, 0.013262599469496022, 0.012162774147635376, 0.012809730219318109], [0.007763472860192793, 0.006793038752668693, 0.008345733324707252, 0.008733906967716892, 0.00711651678851006, 0.008216342110370705, 0.010092514718250631, 0.009445558646567898, 0.009445558646567898, 0.009833732289577537, 0.011580513683120916, 0.013262599469496022, 0.0, 0.01442712039852494, 0.0140389467555153], [0.0059519958594811415, 0.007763472860192793, 0.008604515753380346, 0.007634081645856246, 0.008345733324707252, 0.009833732289577537, 0.0084751245390438, 0.008798602574885165, 0.008863298182053439, 0.01086886200426991, 0.009316167432231352, 0.012162774147635376, 0.01442712039852494, 0.0, 0.016885553470919325], [0.007051821181341787, 0.00731060361001488, 0.009316167432231352, 0.008345733324707252, 0.008410428931875526, 0.009445558646567898, 0.009574949860904444, 0.009380863039399626, 0.007957559681697613, 0.010804166397101637, 0.01067477518276509, 0.012809730219318109, 0.0140389467555153, 0.016885553470919325, 0.0]]}