{"sysname": ["SOURCE", "UFC", "IITB", "SJTU", "IPN", "RAC", "PKU", "AMU", "UMC", "NTHU", "POST", "CUUI", "NUCLEA", "CAMB"], "counts": [[0.0, 0.017714309644457474, 0.01813308765023661, 0.013191507182042799, 0.013191507182042799, 0.009925038736965534, 0.009631894132920139, 0.008752460320783952, 0.007244859499979061, 0.007161103898823234, 0.007370492901712802, 0.007202981699401147, 0.006491059089576616, 0.006574814690732443], [0.017714309644457474, 0.0, 0.017295531638678335, 0.01285648477741949, 0.013065873780309057, 0.009631894132920139, 0.010050672138699276, 0.00804053771095942, 0.008919971523095607, 0.007035470497089493, 0.006784203693622011, 0.007621759705180284, 0.006826081494199924, 0.007077348297667406], [0.01813308765023661, 0.017295531638678335, 0.0, 0.013568407387244023, 0.010427572343900498, 0.010595083546212154, 0.009966916537543448, 0.009296871728296829, 0.008333682315004816, 0.008291804514426902, 0.0076636375057581975, 0.006365425687842875, 0.00711922609824532, 0.006491059089576616], [0.013191507182042799, 0.01285648477741949, 0.013568407387244023, 0.0, 0.013359018384354453, 0.013191507182042799, 0.01160015076008208, 0.009548138531764313, 0.009045604924829347, 0.009045604924829347, 0.008668704719628125, 0.00791490430922568, 0.00711922609824532, 0.008584949118472298], [0.013191507182042799, 0.013065873780309057, 0.010427572343900498, 0.013359018384354453, 0.0, 0.012688973575107836, 0.012144562167594958, 0.010385694543322584, 0.009841283135809707, 0.00871058252020604, 0.009296871728296829, 0.008961849323673521, 0.00871058252020604, 0.009213116127141003], [0.009925038736965534, 0.009631894132920139, 0.010595083546212154, 0.013191507182042799, 0.012688973575107836, 0.0, 0.013359018384354453, 0.01252146237279618, 0.011809539762971649, 0.009506260731186399, 0.009715649734075966, 0.009338749528874743, 0.008794338121361866, 0.01067883914736798], [0.009631894132920139, 0.010050672138699276, 0.009966916537543448, 0.01160015076008208, 0.012144562167594958, 0.013359018384354453, 0.0, 0.01239582897106244, 0.013149629381464885, 0.010846350349679635, 0.010008794338121362, 0.010050672138699276, 0.009338749528874743, 0.010050672138699276], [0.008752460320783952, 0.00804053771095942, 0.009296871728296829, 0.009548138531764313, 0.010385694543322584, 0.01252146237279618, 0.01239582897106244, 0.0, 0.014364085598224382, 0.013149629381464885, 0.01172578416181582, 0.011307006156036685, 0.011977050965283304, 0.011642028560659995], [0.007244859499979061, 0.008919971523095607, 0.008333682315004816, 0.009045604924829347, 0.009841283135809707, 0.011809539762971649, 0.013149629381464885, 0.014364085598224382, 0.0, 0.013568407387244023, 0.012479584572218268, 0.011265128355458771, 0.013275262783198627, 0.012647095774529922], [0.007161103898823234, 0.007035470497089493, 0.008291804514426902, 0.009045604924829347, 0.00871058252020604, 0.009506260731186399, 0.010846350349679635, 0.013149629381464885, 0.013568407387244023, 0.0, 0.01562041961556179, 0.014196574395912726, 0.014405963398802294, 0.015411030612672223], [0.007370492901712802, 0.006784203693622011, 0.0076636375057581975, 0.008668704719628125, 0.009296871728296829, 0.009715649734075966, 0.010008794338121362, 0.01172578416181582, 0.012479584572218268, 0.01562041961556179, 0.0, 0.017881820846769127, 0.016374220025964236, 0.014364085598224382], [0.007202981699401147, 0.007621759705180284, 0.006365425687842875, 0.00791490430922568, 0.008961849323673521, 0.009338749528874743, 0.010050672138699276, 0.011307006156036685, 0.011265128355458771, 0.014196574395912726, 0.017881820846769127, 0.0, 0.01754679844214582, 0.01754679844214582], [0.006491059089576616, 0.006826081494199924, 0.00711922609824532, 0.00711922609824532, 0.00871058252020604, 0.008794338121361866, 0.009338749528874743, 0.011977050965283304, 0.013275262783198627, 0.014405963398802294, 0.016374220025964236, 0.01754679844214582, 0.0, 0.023744712927677037], [0.006574814690732443, 0.007077348297667406, 0.006491059089576616, 0.008584949118472298, 0.009213116127141003, 0.01067883914736798, 0.010050672138699276, 0.011642028560659995, 0.012647095774529922, 0.015411030612672223, 0.014364085598224382, 0.01754679844214582, 0.023744712927677037, 0.0]]}